Datetime,Adj Close,Close,High,Low,Open,Volume,US/Eastern Timezone
2008-03-04,117.75,117.75,117.89,117.16,117.28,,2008-03-04 18:59:59-05:00
2008-03-05,117.24,117.24,117.67,117.16,117.62,,2008-03-05 18:59:59-05:00
2008-03-06,117.4,117.4,117.53,117.24,117.35,,2008-03-06 18:59:59-05:00
2008-03-07,117.41,117.41,117.99,117.04,117.45,,2008-03-07 18:59:59-05:00
2008-03-10,118.05,118.05,118.23,117.59,117.67,,2008-03-10 19:59:59-04:00
2008-03-11,117.47,117.47,118.0,117.21,117.89,,2008-03-11 19:59:59-04:00
2008-03-12,117.63,117.63,117.83,117.09,117.55,,2008-03-12 19:59:59-04:00
2008-03-13,117.71,117.71,118.12,117.5,117.9,,2008-03-13 19:59:59-04:00
2008-03-14,117.83,117.83,118.2,117.25,117.74,,2008-03-14 19:59:59-04:00
2008-03-17,118.23,118.23,118.48,118.0,118.24,,2008-03-17 19:59:59-04:00
2008-03-18,117.59,117.59,118.18,117.35,118.15,,2008-03-18 19:59:59-04:00
2008-03-19,117.56,117.56,118.06,117.26,117.59,,2008-03-19 19:59:59-04:00
2008-03-20,117.55,117.55,117.9,117.35,117.86,,2008-03-20 19:59:59-04:00
2008-03-25,116.25,116.25,117.02,116.12,117.01,,2008-03-25 19:59:59-04:00
2008-03-26,116.04,116.04,116.47,115.92,116.24,,2008-03-26 19:59:59-04:00
2008-03-27,115.77,115.77,116.06,115.58,116.04,,2008-03-27 19:59:59-04:00
2008-03-28,115.73,115.73,115.93,113.93,115.61,,2008-03-28 19:59:59-04:00
2008-03-31,115.98,115.98,116.12,115.68,115.81,,2008-03-31 19:59:59-04:00
2008-04-01,115.34,115.34,116.03,115.13,115.94,,2008-04-01 19:59:59-04:00
2008-04-02,115.18,115.18,115.51,115.04,115.22,,2008-04-02 19:59:59-04:00
2008-04-03,115.29,115.29,115.47,115.09,115.23,,2008-04-03 19:59:59-04:00
2008-04-04,115.54,115.54,115.77,115.17,115.19,,2008-04-04 19:59:59-04:00
2008-04-07,115.04,115.04,115.34,114.84,115.28,,2008-04-07 19:59:59-04:00
2008-04-08,114.96,114.96,115.28,114.88,115.07,,2008-04-08 19:59:59-04:00
2008-04-09,114.91,114.91,115.39,114.67,114.96,,2008-04-09 19:59:59-04:00
2008-04-10,115.33,115.33,115.72,115.14,115.3,,2008-04-10 19:59:59-04:00
2008-04-11,115.87,115.87,116.04,115.08,115.14,,2008-04-11 19:59:59-04:00
2008-04-14,115.97,115.97,116.13,115.74,115.96,,2008-04-14 19:59:59-04:00
2008-04-15,115.53,115.53,116.06,115.32,115.86,,2008-04-15 19:59:59-04:00
2008-04-16,114.87,114.87,115.43,114.77,115.32,,2008-04-16 19:59:59-04:00
2008-04-17,114.48,114.48,114.92,114.24,114.86,,2008-04-17 19:59:59-04:00
2008-04-18,113.93,113.93,114.5,113.63,114.42,,2008-04-18 19:59:59-04:00
2008-04-21,114.07,114.07,114.32,113.9,114.01,,2008-04-21 19:59:59-04:00
2008-04-22,113.76,113.76,114.24,113.58,114.24,,2008-04-22 19:59:59-04:00
2008-04-23,113.9,113.9,114.09,113.8,113.96,,2008-04-23 19:59:59-04:00
2008-04-24,113.55,113.55,114.46,113.48,113.84,,2008-04-24 19:59:59-04:00
2008-04-25,113.68,113.68,113.84,113.1,113.45,,2008-04-25 19:59:59-04:00
2008-04-28,113.53,113.53,113.75,113.34,113.49,,2008-04-28 19:59:59-04:00
2008-04-29,114.05,114.05,114.1,113.42,113.49,,2008-04-29 19:59:59-04:00
2008-04-30,114.07,114.07,114.17,113.83,113.83,,2008-04-30 19:59:59-04:00
2008-05-02,113.42,113.42,114.32,113.28,114.03,,2008-05-02 19:59:59-04:00
2008-05-05,113.77,113.77,113.88,113.51,113.55,,2008-05-05 19:59:59-04:00
2008-05-06,113.98,113.98,114.18,113.56,113.66,,2008-05-06 19:59:59-04:00
2008-05-07,113.57,113.57,113.85,113.45,113.6,,2008-05-07 19:59:59-04:00
2008-05-08,114.53,114.53,114.73,113.78,113.88,,2008-05-08 19:59:59-04:00
2008-05-09,115.14,115.14,115.29,114.51,114.69,,2008-05-09 19:59:59-04:00
2008-05-12,115.02,115.02,115.2,114.78,115.09,,2008-05-12 19:59:59-04:00
2008-05-13,114.35,114.35,115.21,114.1,114.84,,2008-05-13 19:59:59-04:00
2008-05-14,113.72,113.72,114.18,113.48,114.12,,2008-05-14 19:59:59-04:00
2008-05-15,113.18,113.18,113.68,112.81,113.63,,2008-05-15 19:59:59-04:00
2008-05-16,113.63,113.63,113.68,113.14,113.4,,2008-05-16 19:59:59-04:00
2008-05-19,113.25,113.25,113.78,113.13,113.5,,2008-05-19 19:59:59-04:00
2008-05-20,113.58,113.58,113.69,113.26,113.36,,2008-05-20 19:59:59-04:00
2008-05-21,112.97,112.97,113.71,112.86,113.66,,2008-05-21 19:59:59-04:00
2008-05-22,112.67,112.67,113.13,112.64,112.98,,2008-05-22 19:59:59-04:00
2008-05-23,113.06,113.06,113.29,112.53,112.66,,2008-05-23 19:59:59-04:00
2008-05-26,112.83,112.83,113.02,112.7,113.01,,2008-05-26 19:59:59-04:00
2008-05-27,112.7,112.7,113.01,112.53,112.68,,2008-05-27 19:59:59-04:00
2008-05-28,112.33,112.33,112.66,112.22,112.63,,2008-05-28 19:59:59-04:00
2008-05-29,111.59,111.59,112.24,111.49,112.15,,2008-05-29 19:59:59-04:00
2008-05-30,111.92,111.92,112.15,111.68,111.78,,2008-05-30 19:59:59-04:00
2008-06-02,112.33,112.33,112.48,111.71,111.76,,2008-06-02 19:59:59-04:00
2008-06-03,111.61,111.61,112.67,111.57,112.45,,2008-06-03 19:59:59-04:00
2008-06-04,112.05,112.05,112.33,111.86,112.05,,2008-06-04 19:59:59-04:00
2008-06-05,111.37,111.37,111.93,111.19,111.84,,2008-06-05 19:59:59-04:00
2008-06-06,111.66,111.66,111.72,111.23,111.23,,2008-06-06 19:59:59-04:00
2008-06-09,111.33,111.33,113.29,111.2,112.0,,2008-06-09 19:59:59-04:00
2008-06-10,111.17,111.17,111.42,110.78,111.18,,2008-06-10 19:59:59-04:00
2008-06-11,110.88,110.88,111.32,110.52,110.76,,2008-06-11 19:59:59-04:00
2008-06-12,110.42,110.42,110.85,110.22,110.72,,2008-06-12 19:59:59-04:00
2008-06-13,109.87,109.87,110.48,109.8,110.3,,2008-06-13 19:59:59-04:00
2008-06-16,110.09,110.09,110.37,109.8,110.0,,2008-06-16 19:59:59-04:00
2008-06-17,110.2,110.2,110.47,110.09,110.26,,2008-06-17 19:59:59-04:00
2008-06-18,110.3,110.3,110.5,110.19,110.28,,2008-06-18 19:59:59-04:00
2008-06-19,109.8,109.8,110.74,109.65,110.33,,2008-06-19 19:59:59-04:00
2008-06-20,110.26,110.26,110.42,109.85,109.93,,2008-06-20 19:59:59-04:00
2008-06-23,110.48,110.48,110.7,110.1,110.11,,2008-06-23 19:59:59-04:00
2008-06-24,110.58,110.58,110.76,110.11,110.3,,2008-06-24 19:59:59-04:00
2008-06-25,110.45,110.45,110.6,110.23,110.48,,2008-06-25 19:59:59-04:00
2008-06-26,111.23,111.23,111.45,110.43,110.57,,2008-06-26 19:59:59-04:00
2008-06-27,111.37,111.37,111.54,111.06,111.4,,2008-06-27 19:59:59-04:00
2008-06-30,110.57,110.57,111.35,110.04,111.33,,2008-06-30 19:59:59-04:00
2008-07-01,110.4,110.4,111.32,110.29,110.45,,2008-07-01 19:59:59-04:00
2008-07-02,110.13,110.13,110.53,109.86,110.53,,2008-07-02 19:59:59-04:00
2008-07-03,110.82,110.82,111.2,109.87,110.17,,2008-07-03 19:59:59-04:00
2008-07-04,111.41,111.41,112.32,110.9,111.19,,2008-07-04 19:59:59-04:00
2008-07-07,112.03,112.03,112.36,111.42,111.45,,2008-07-07 19:59:59-04:00
2008-07-08,112.14,112.14,112.44,111.84,112.2,,2008-07-08 19:59:59-04:00
2008-07-09,112.2,112.2,112.47,111.66,112.06,,2008-07-09 19:59:59-04:00
2008-07-10,112.32,112.32,112.43,111.94,112.43,,2008-07-10 19:59:59-04:00
2008-07-11,112.06,112.06,112.57,111.56,112.02,,2008-07-11 19:59:59-04:00
2008-07-14,112.28,112.28,112.4,111.57,111.62,,2008-07-14 19:59:59-04:00
2008-07-15,112.42,112.42,112.88,112.24,112.39,,2008-07-15 19:59:59-04:00
2008-07-16,112.3,112.3,112.76,112.12,112.36,,2008-07-16 19:59:59-04:00
2008-07-17,111.92,111.92,112.18,111.58,112.15,,2008-07-17 19:59:59-04:00
2008-07-18,110.85,110.85,111.91,110.6,111.81,,2008-07-18 19:59:59-04:00
2008-07-21,110.2,110.2,110.95,110.14,110.75,,2008-07-21 19:59:59-04:00
2008-07-22,110.21,110.21,110.64,110.04,110.32,,2008-07-22 19:59:59-04:00
2008-07-23,109.97,109.97,110.2,109.7,110.0,,2008-07-23 19:59:59-04:00
2008-07-24,110.76,110.76,111.02,110.1,110.16,,2008-07-24 19:59:59-04:00
2008-07-25,110.61,110.61,111.53,110.25,110.98,,2008-07-25 19:59:59-04:00
2008-07-28,111.14,111.14,111.24,110.41,110.54,,2008-07-28 19:59:59-04:00
2008-07-29,111.64,111.64,111.73,110.99,111.18,,2008-07-29 19:59:59-04:00
2008-07-30,112.05,112.05,112.36,111.54,111.63,,2008-07-30 19:59:59-04:00
2008-07-31,112.51,112.51,112.67,111.77,112.15,,2008-07-31 19:59:59-04:00
2008-08-01,112.53,112.53,112.83,112.29,112.6,,2008-08-01 19:59:59-04:00
2008-08-04,112.8,112.8,112.95,112.48,112.61,,2008-08-04 19:59:59-04:00
2008-08-05,112.9,112.9,113.02,112.57,112.7,,2008-08-05 19:59:59-04:00
2008-08-06,112.85,112.85,113.29,112.55,112.94,,2008-08-06 19:59:59-04:00
2008-08-07,113.48,113.48,113.6,112.77,112.82,,2008-08-07 19:59:59-04:00
2008-08-08,113.58,113.58,113.8,113.4,113.5,,2008-08-08 19:59:59-04:00
2008-08-11,113.46,113.46,113.68,113.32,113.57,,2008-08-11 19:59:59-04:00
2008-08-12,113.8,113.8,113.97,113.52,113.55,,2008-08-12 19:59:59-04:00
2008-08-13,114.03,114.03,114.17,113.63,113.8,,2008-08-13 19:59:59-04:00
2008-08-14,113.95,113.95,114.08,113.65,113.89,,2008-08-14 19:59:59-04:00
2008-08-15,114.2,114.2,114.5,113.95,113.98,,2008-08-15 19:59:59-04:00
2008-08-18,114.41,114.41,114.59,114.23,114.3,,2008-08-18 19:59:59-04:00
2008-08-19,114.33,114.33,114.91,114.17,114.48,,2008-08-19 19:59:59-04:00
2008-08-20,114.54,114.54,114.94,113.96,114.31,,2008-08-20 19:59:59-04:00
2008-08-21,114.15,114.15,114.82,114.03,114.69,,2008-08-21 19:59:59-04:00
2008-08-22,113.86,113.86,114.28,113.5,114.1,,2008-08-22 19:59:59-04:00
2008-08-25,114.64,114.64,114.74,113.92,114.02,,2008-08-25 19:59:59-04:00
2008-08-26,114.65,114.65,114.96,114.46,114.6,,2008-08-26 19:59:59-04:00
2008-08-27,114.11,114.11,114.87,113.93,114.77,,2008-08-27 19:59:59-04:00
2008-08-28,114.15,114.15,114.59,113.8,114.35,,2008-08-28 19:59:59-04:00
2008-08-29,114.16,114.16,114.54,113.9,114.42,,2008-08-29 19:59:59-04:00
2008-09-01,114.52,114.52,114.64,114.11,114.17,,2008-09-01 19:59:59-04:00
2008-09-02,114.21,114.21,114.57,113.56,114.54,,2008-09-02 19:59:59-04:00
2008-09-03,114.41,114.41,114.82,114.17,114.52,,2008-09-03 19:59:59-04:00
2008-09-04,114.97,114.97,115.23,113.92,114.28,,2008-09-04 19:59:59-04:00
2008-09-05,115.66,115.66,115.85,115.03,115.27,,2008-09-05 19:59:59-04:00
2008-09-08,114.78,114.78,114.9,114.29,114.66,,2008-09-08 19:59:59-04:00
2008-09-09,115.08,115.08,115.2,114.25,115.05,,2008-09-09 19:59:59-04:00
2008-09-10,114.94,114.94,115.22,114.56,115.04,,2008-09-10 19:59:59-04:00
2008-09-11,114.79,114.79,115.26,114.6,114.79,,2008-09-11 19:59:59-04:00
2008-09-12,113.95,113.95,114.71,113.7,114.49,,2008-09-12 19:59:59-04:00
2008-09-15,114.89,114.89,115.65,114.76,115.01,,2008-09-15 19:59:59-04:00
2008-09-16,115.43,115.43,116.13,114.9,115.62,,2008-09-16 19:59:59-04:00
2008-09-17,115.32,115.32,115.84,114.73,115.05,,2008-09-17 19:59:59-04:00
2008-09-18,115.28,115.28,115.58,114.83,115.45,,2008-09-18 19:59:59-04:00
2008-09-19,113.73,113.73,114.72,113.35,114.54,,2008-09-19 19:59:59-04:00
2008-09-22,113.23,113.23,113.8,112.91,113.51,,2008-09-22 19:59:59-04:00
2008-09-23,113.3,113.3,113.67,113.21,113.25,,2008-09-23 19:59:59-04:00
2008-09-24,113.99,113.99,114.08,113.23,113.3,,2008-09-24 19:59:59-04:00
2008-09-25,113.33,113.33,113.99,113.25,113.78,,2008-09-25 19:59:59-04:00
2008-09-26,113.81,113.81,114.06,113.5,113.58,,2008-09-26 19:59:59-04:00
2008-09-29,115.49,115.49,116.07,113.82,113.9,,2008-09-29 19:59:59-04:00
2008-09-30,115.07,115.07,115.94,114.76,115.79,,2008-09-30 19:59:59-04:00
2008-10-01,115.37,115.37,115.62,114.8,115.04,,2008-10-01 19:59:59-04:00
2008-10-02,115.72,115.72,115.93,114.83,115.13,,2008-10-02 19:59:59-04:00
2008-10-03,115.65,115.65,116.71,115.37,115.73,,2008-10-03 19:59:59-04:00
2008-10-06,117.17,117.17,117.35,116.31,116.55,,2008-10-06 19:59:59-04:00
2008-10-07,117.05,117.05,117.4,116.58,116.92,,2008-10-07 19:59:59-04:00
2008-10-08,116.85,116.85,117.82,116.13,117.5,,2008-10-08 19:59:59-04:00
2008-10-09,116.11,116.11,116.6,115.46,116.4,,2008-10-09 19:59:59-04:00
2008-10-10,115.38,115.38,116.79,114.44,116.3,,2008-10-10 19:59:59-04:00
2008-10-13,114.44,114.44,114.75,114.05,114.69,,2008-10-13 19:59:59-04:00
2008-10-14,113.99,113.99,114.73,113.78,114.05,,2008-10-14 19:59:59-04:00
2008-10-15,113.98,113.98,114.45,113.79,114.06,,2008-10-15 19:59:59-04:00
2008-10-16,114.53,114.53,114.55,113.67,114.19,,2008-10-16 19:59:59-04:00
2008-10-17,114.76,114.76,115.33,113.87,114.0,,2008-10-17 19:59:59-04:00
2008-10-20,114.78,114.78,114.96,114.25,114.5,,2008-10-20 19:59:59-04:00
2008-10-21,115.24,115.24,115.67,114.73,114.91,,2008-10-21 19:59:59-04:00
2008-10-22,116.63,116.63,116.97,115.63,115.72,,2008-10-22 19:59:59-04:00
2008-10-23,116.64,116.64,117.33,116.38,116.76,,2008-10-23 19:59:59-04:00
2008-10-24,117.08,117.08,117.72,116.85,117.3,,2008-10-24 19:59:59-04:00
2008-10-27,117.11,117.11,117.53,116.82,117.22,,2008-10-27 19:59:59-04:00
2008-10-28,117.22,117.22,117.53,116.28,116.7,,2008-10-28 19:59:59-04:00
2008-10-29,116.96,116.96,117.31,116.78,117.01,,2008-10-29 19:59:59-04:00
2008-10-30,117.22,117.22,117.32,116.21,116.78,,2008-10-30 19:59:59-04:00
2008-10-31,115.93,115.93,117.46,115.88,117.31,,2008-10-31 19:59:59-04:00
2008-11-03,116.57,116.57,116.94,115.96,116.04,,2008-11-03 18:59:59-05:00
2008-11-04,116.68,116.68,117.06,116.43,116.6,,2008-11-04 18:59:59-05:00
2008-11-05,117.07,117.07,117.12,116.01,116.84,,2008-11-05 18:59:59-05:00
2008-11-06,117.52,117.52,118.01,116.76,117.05,,2008-11-06 18:59:59-05:00
2008-11-07,117.74,117.74,117.93,117.3,117.55,,2008-11-07 18:59:59-05:00
2008-11-10,117.87,117.87,117.96,117.18,117.54,,2008-11-10 18:59:59-05:00
2008-11-11,118.04,118.04,118.11,117.56,117.93,,2008-11-11 18:59:59-05:00
2008-11-12,118.46,118.46,118.62,117.66,117.84,,2008-11-12 18:59:59-05:00
2008-11-13,118.33,118.33,118.7,118.01,118.5,,2008-11-13 18:59:59-05:00
2008-11-14,118.76,118.76,118.82,117.78,118.15,,2008-11-14 18:59:59-05:00
2008-11-17,118.74,118.74,118.84,118.39,118.61,,2008-11-17 18:59:59-05:00
2008-11-18,118.76,118.76,119.23,118.7,118.85,,2008-11-18 18:59:59-05:00
2008-11-19,119.7,119.7,119.99,119.06,119.27,,2008-11-19 18:59:59-05:00
2008-11-20,120.83,120.83,121.45,120.07,120.12,,2008-11-20 18:59:59-05:00
2008-11-21,120.7,120.7,121.48,120.31,121.01,,2008-11-21 18:59:59-05:00
2008-11-24,120.27,120.27,120.96,119.77,120.71,,2008-11-24 18:59:59-05:00
2008-11-25,120.83,120.83,121.06,120.0,120.07,,2008-11-25 18:59:59-05:00
2008-11-26,121.34,121.34,121.58,120.7,120.84,,2008-11-26 18:59:59-05:00
2008-11-27,121.27,121.27,121.54,121.04,121.23,,2008-11-27 18:59:59-05:00
2008-11-28,121.47,121.47,121.79,121.4,121.52,,2008-11-28 18:59:59-05:00
2008-12-01,122.49,122.49,123.15,121.53,121.69,,2008-12-01 18:59:59-05:00
2008-12-02,123.47,123.47,123.87,122.71,122.96,,2008-12-02 18:59:59-05:00
2008-12-03,123.93,123.93,124.49,123.15,123.45,,2008-12-03 18:59:59-05:00
2008-12-04,123.34,123.34,124.91,123.11,124.27,,2008-12-04 18:59:59-05:00
2008-12-05,123.75,123.75,124.34,123.15,123.63,,2008-12-05 18:59:59-05:00
2008-12-08,122.47,122.47,123.2,122.4,123.12,,2008-12-08 18:59:59-05:00
2008-12-09,122.17,122.17,123.45,121.96,123.12,,2008-12-09 18:59:59-05:00
2008-12-10,122.48,122.48,122.63,121.82,122.44,,2008-12-10 18:59:59-05:00
2008-12-11,122.42,122.42,122.8,122.05,122.31,,2008-12-11 18:59:59-05:00
2008-12-12,121.56,121.56,123.43,121.33,122.97,,2008-12-12 18:59:59-05:00
2008-12-15,122.4,122.4,122.72,121.57,121.77,,2008-12-15 18:59:59-05:00
2008-12-16,122.99,122.99,124.19,122.47,122.6,,2008-12-16 18:59:59-05:00
2008-12-17,124.75,124.75,124.9,124.05,124.05,,2008-12-17 18:59:59-05:00
2008-12-18,124.53,124.53,124.85,124.02,124.45,,2008-12-18 18:59:59-05:00
2008-12-19,124.35,124.35,124.91,123.89,124.6,,2008-12-19 18:59:59-05:00
2008-12-22,125.02,125.02,125.2,123.75,123.89,,2008-12-22 18:59:59-05:00
2008-12-23,124.92,124.92,125.21,124.83,124.83,,2008-12-23 18:59:59-05:00
2008-12-29,125.35,125.35,125.55,124.82,125.1,132.15K,2008-12-29 18:59:59-05:00
2008-12-30,124.84,124.84,125.56,124.83,125.55,163.39K,2008-12-30 18:59:59-05:00
2009-01-02,125.28,125.28,125.51,124.05,124.65,212.35K,2009-01-02 18:59:59-05:00
2009-01-05,124.65,124.65,124.89,124.01,124.78,428.41K,2009-01-05 18:59:59-05:00
2009-01-06,123.43,123.43,124.67,123.03,124.54,567.17K,2009-01-06 18:59:59-05:00
2009-01-07,122.86,122.86,123.69,122.69,123.43,766.73K,2009-01-07 18:59:59-05:00
2009-01-08,123.57,123.57,123.9,122.54,123.23,725.39K,2009-01-08 18:59:59-05:00
2009-01-09,124.72,124.72,124.93,123.47,123.64,608.11K,2009-01-09 18:59:59-05:00
2009-01-12,125.13,125.13,125.21,124.41,124.65,439.62K,2009-01-12 18:59:59-05:00
2009-01-13,125.12,125.12,125.47,125.03,125.19,662.85K,2009-01-13 18:59:59-05:00
2009-01-14,125.83,125.83,126.04,124.69,125.09,760.50K,2009-01-14 18:59:59-05:00
2009-01-15,126.17,126.17,126.53,125.68,126.09,742.63K,2009-01-15 18:59:59-05:00
2009-01-16,125.59,125.59,126.14,125.38,125.62,696.22K,2009-01-16 18:59:59-05:00
2009-01-19,125.18,125.18,125.66,124.44,125.61,487.34K,2009-01-19 18:59:59-05:00
2009-01-20,124.98,124.98,125.62,124.57,125.38,765.02K,2009-01-20 18:59:59-05:00
2009-01-21,125.29,125.29,125.55,124.86,125.27,537.17K,2009-01-21 18:59:59-05:00
2009-01-22,124.27,124.27,125.34,124.09,124.75,864.14K,2009-01-22 18:59:59-05:00
2009-01-23,123.29,123.29,124.54,122.92,124.34,804.42K,2009-01-23 18:59:59-05:00
2009-01-26,122.36,122.36,123.35,122.12,123.28,660.54K,2009-01-26 18:59:59-05:00
2009-01-27,122.72,122.72,123.24,121.97,122.39,613.84K,2009-01-27 18:59:59-05:00
2009-01-28,123.06,123.06,123.39,122.54,122.89,670.09K,2009-01-28 18:59:59-05:00
2009-01-29,122.89,122.89,123.25,122.24,122.45,737.37K,2009-01-29 18:59:59-05:00
2009-01-30,122.37,122.37,122.95,122.14,122.47,679.45K,2009-01-30 18:59:59-05:00
2009-02-02,122.69,122.69,123.21,122.31,122.36,435.22K,2009-02-02 18:59:59-05:00
2009-02-03,122.18,122.18,122.83,121.83,122.64,591.54K,2009-02-03 18:59:59-05:00
2009-02-04,121.92,121.92,122.18,121.56,121.99,684.47K,2009-02-04 18:59:59-05:00
2009-02-05,122.26,122.26,122.61,121.57,121.8,753.00K,2009-02-05 18:59:59-05:00
2009-02-06,122.02,122.02,122.75,121.78,122.4,645.77K,2009-02-06 18:59:59-05:00
2009-02-09,121.72,121.72,122.22,121.55,122.18,439.35K,2009-02-09 18:59:59-05:00
2009-02-10,122.35,122.35,122.73,121.7,121.85,809.03K,2009-02-10 18:59:59-05:00
2009-02-11,123.77,123.77,124.0,122.63,122.66,891.87K,2009-02-11 18:59:59-05:00
2009-02-12,124.75,124.75,124.9,123.72,123.79,872.01K,2009-02-12 18:59:59-05:00
2009-02-13,124.52,124.52,124.71,124.13,124.67,573.30K,2009-02-13 18:59:59-05:00
2009-02-16,125.19,125.19,125.25,124.36,124.51,332.02K,2009-02-16 18:59:59-05:00
2009-02-17,125.76,125.76,125.97,125.18,125.23,746.31K,2009-02-17 18:59:59-05:00
2009-02-18,125.72,125.72,126.05,125.28,125.8,826.94K,2009-02-18 18:59:59-05:00
2009-02-19,124.71,124.71,125.45,124.37,125.38,808.59K,2009-02-19 18:59:59-05:00
2009-02-20,125.49,125.49,125.72,124.9,124.94,698.46K,2009-02-20 18:59:59-05:00
2009-02-23,125.41,125.41,125.63,124.8,125.07,516.70K,2009-02-23 18:59:59-05:00
2009-02-24,125.69,125.69,126.01,125.37,125.43,622.21K,2009-02-24 18:59:59-05:00
2009-02-25,125.82,125.82,125.95,125.22,125.36,574.76K,2009-02-25 18:59:59-05:00
2009-02-26,124.45,124.45,125.47,124.36,125.47,785.33K,2009-02-26 18:59:59-05:00
2009-02-27,124.7,124.7,125.57,124.52,124.67,713.02K,2009-02-27 18:59:59-05:00
2009-03-02,125.36,125.36,125.58,124.99,125.03,704.00K,2009-03-02 18:59:59-05:00
2009-03-03,125.35,125.35,125.4,124.92,125.22,846.32K,2009-03-03 18:59:59-05:00
2009-03-04,124.53,124.53,125.17,124.23,125.17,1.15M,2009-03-04 18:59:59-05:00
2009-03-05,125.42,125.42,125.92,124.29,124.47,595.92K,2009-03-05 18:59:59-05:00
2009-03-06,126.42,126.42,126.52,125.67,125.7,30.21K,2009-03-06 18:59:59-05:00
2009-03-09,125.1,125.1,125.63,125.0,125.2,561.77K,2009-03-09 19:59:59-04:00
2009-03-10,124.49,124.49,125.11,124.35,125.09,617.62K,2009-03-10 19:59:59-04:00
2009-03-11,123.79,123.79,124.52,123.57,124.49,767.90K,2009-03-11 19:59:59-04:00
2009-03-12,124.45,124.45,124.7,124.1,124.2,662.30K,2009-03-12 19:59:59-04:00
2009-03-13,124.0,124.0,124.13,123.13,124.02,794.17K,2009-03-13 19:59:59-04:00
2009-03-16,123.2,123.2,123.57,123.02,123.55,538.54K,2009-03-16 19:59:59-04:00
2009-03-17,122.61,122.61,123.35,122.41,122.97,824.31K,2009-03-17 19:59:59-04:00
2009-03-18,122.25,122.25,124.47,122.11,122.55,856.97K,2009-03-18 19:59:59-04:00
2009-03-19,123.94,123.94,124.4,123.39,124.25,1.03M,2009-03-19 19:59:59-04:00
2009-03-20,124.6,124.6,124.71,123.87,123.92,649.76K,2009-03-20 19:59:59-04:00
2009-03-23,124.1,124.1,124.64,123.95,124.55,572.29K,2009-03-23 19:59:59-04:00
2009-03-24,123.04,123.04,123.99,122.81,123.92,753.39K,2009-03-24 19:59:59-04:00
2009-03-25,123.02,123.02,123.34,122.63,123.0,687.44K,2009-03-25 19:59:59-04:00
2009-03-26,123.08,123.08,123.3,122.53,122.7,534.56K,2009-03-26 19:59:59-04:00
2009-03-27,123.59,123.59,123.72,122.94,123.12,626.09K,2009-03-27 19:59:59-04:00
2009-03-30,124.2,124.2,124.27,123.23,123.23,558.63K,2009-03-30 19:59:59-04:00
2009-03-31,124.43,124.43,124.55,123.92,124.06,518.71K,2009-03-31 19:59:59-04:00
2009-04-01,124.38,124.38,124.66,124.22,124.45,572.50K,2009-04-01 19:59:59-04:00
2009-04-02,122.94,122.94,124.41,122.66,124.25,1.02M,2009-04-02 19:59:59-04:00
2009-04-03,122.28,122.28,122.94,121.77,122.53,667.81K,2009-04-03 19:59:59-04:00
2009-04-06,122.23,122.23,122.39,121.76,121.78,520.81K,2009-04-06 19:59:59-04:00
2009-04-07,122.14,122.14,122.46,122.02,122.24,454.82K,2009-04-07 19:59:59-04:00
2009-04-08,122.29,122.29,122.69,121.9,122.36,469.16K,2009-04-08 19:59:59-04:00
2009-04-09,121.81,121.81,122.28,121.61,121.96,518.13K,2009-04-09 19:59:59-04:00
2009-04-14,122.3,122.3,122.58,122.13,122.36,434.72K,2009-04-14 19:59:59-04:00
2009-04-15,122.94,122.94,123.14,122.56,122.66,537.56K,2009-04-15 19:59:59-04:00
2009-04-16,122.65,122.65,122.83,122.25,122.83,520.96K,2009-04-16 19:59:59-04:00
2009-04-17,121.8,121.8,122.59,121.64,122.55,510.35K,2009-04-17 19:59:59-04:00
2009-04-20,122.89,122.89,123.04,121.72,121.78,610.28K,2009-04-20 19:59:59-04:00
2009-04-21,123.19,123.19,123.47,122.66,122.97,879.58K,2009-04-21 19:59:59-04:00
2009-04-22,122.34,122.34,123.28,122.23,123.0,850.14K,2009-04-22 19:59:59-04:00
2009-04-23,122.17,122.17,122.46,121.94,122.3,686.61K,2009-04-23 19:59:59-04:00
2009-04-24,122.46,122.46,122.74,122.13,122.29,570.46K,2009-04-24 19:59:59-04:00
2009-04-27,122.78,122.78,123.37,122.67,122.73,627.34K,2009-04-27 19:59:59-04:00
2009-04-28,122.96,122.96,123.33,122.64,123.19,584.39K,2009-04-28 19:59:59-04:00
2009-04-29,123.08,123.08,123.17,122.29,122.79,860.35K,2009-04-29 19:59:59-04:00
2009-04-30,122.53,122.53,122.82,122.2,122.68,731.56K,2009-04-30 19:59:59-04:00
2009-05-04,122.02,122.02,122.68,121.84,122.6,343.08K,2009-05-04 19:59:59-04:00
2009-05-05,122.35,122.35,122.45,121.83,122.03,545.80K,2009-05-05 19:59:59-04:00
2009-05-06,122.09,122.09,122.65,121.7,122.55,708.45K,2009-05-06 19:59:59-04:00
2009-05-07,120.93,120.93,122.03,120.58,122.03,1.16M,2009-05-07 19:59:59-04:00
2009-05-08,120.31,120.31,120.77,120.11,120.56,600.28K,2009-05-08 19:59:59-04:00
2009-05-11,120.87,120.87,121.0,120.3,120.31,610.87K,2009-05-11 19:59:59-04:00
2009-05-12,120.62,120.62,121.0,120.52,121.0,632.15K,2009-05-12 19:59:59-04:00
2009-05-13,121.32,121.32,121.51,120.47,120.52,725.04K,2009-05-13 19:59:59-04:00
2009-05-14,121.7,121.7,121.94,121.16,121.36,759.39K,2009-05-14 19:59:59-04:00
2009-05-15,121.14,121.14,122.07,121.07,121.64,620.85K,2009-05-15 19:59:59-04:00
2009-05-18,121.33,121.33,121.55,120.97,121.3,449.58K,2009-05-18 19:59:59-04:00
2009-05-19,120.51,120.51,120.96,120.34,120.96,763.98K,2009-05-19 19:59:59-04:00
2009-05-20,120.53,120.53,120.84,120.26,120.51,729.27K,2009-05-20 19:59:59-04:00
2009-05-21,121.18,121.18,121.52,120.32,120.68,659.57K,2009-05-21 19:59:59-04:00
2009-05-22,120.25,120.25,120.53,119.77,120.32,513.33K,2009-05-22 19:59:59-04:00
2009-05-25,119.63,119.63,119.91,119.49,119.88,166.25K,2009-05-25 19:59:59-04:00
2009-05-26,119.63,119.63,120.05,119.21,119.65,678.90K,2009-05-26 19:59:59-04:00
2009-05-27,119.4,119.4,119.52,118.77,119.31,695.11K,2009-05-27 19:59:59-04:00
2009-05-28,119.18,119.18,119.33,118.82,118.83,723.29K,2009-05-28 19:59:59-04:00
2009-05-29,119.53,119.53,119.84,119.15,119.25,699.88K,2009-05-29 19:59:59-04:00
2009-06-01,118.99,118.99,119.75,118.63,119.6,460.81K,2009-06-01 19:59:59-04:00
2009-06-02,119.01,119.01,119.27,118.76,118.89,831.47K,2009-06-02 19:59:59-04:00
2009-06-03,119.83,119.83,119.99,118.86,119.1,1.29M,2009-06-03 19:59:59-04:00
2009-06-04,119.24,119.24,119.97,119.04,119.72,1.24M,2009-06-04 19:59:59-04:00
2009-06-05,118.34,118.34,119.32,118.21,119.09,416.75K,2009-06-05 19:59:59-04:00
2009-06-08,118.5,118.5,118.6,118.13,118.16,30.99K,2009-06-08 19:59:59-04:00
2009-06-09,118.59,118.59,118.69,118.05,118.2,600.59K,2009-06-09 19:59:59-04:00
2009-06-10,118.2,118.2,118.41,117.78,118.3,631.65K,2009-06-10 19:59:59-04:00
2009-06-11,117.93,117.93,118.38,117.52,118.02,585.14K,2009-06-11 19:59:59-04:00
2009-06-12,118.52,118.52,118.8,118.32,118.34,492.51K,2009-06-12 19:59:59-04:00
2009-06-15,119.48,119.48,119.6,118.61,118.65,564.92K,2009-06-15 19:59:59-04:00
2009-06-16,119.38,119.38,119.68,119.26,119.56,642.71K,2009-06-16 19:59:59-04:00
2009-06-17,119.86,119.86,120.0,119.47,119.54,634.23K,2009-06-17 19:59:59-04:00
2009-06-18,119.28,119.28,119.87,119.05,119.67,715.87K,2009-06-18 19:59:59-04:00
2009-06-19,119.69,119.69,119.85,118.78,119.24,616.93K,2009-06-19 19:59:59-04:00
2009-06-22,120.18,120.18,120.3,119.63,119.82,551.92K,2009-06-22 19:59:59-04:00
2009-06-23,120.23,120.23,120.32,119.85,120.3,688.62K,2009-06-23 19:59:59-04:00
2009-06-24,120.33,120.33,120.48,120.06,120.15,629.54K,2009-06-24 19:59:59-04:00
2009-06-25,120.63,120.63,120.81,119.95,120.01,682.73K,2009-06-25 19:59:59-04:00
2009-06-26,120.96,120.96,121.09,120.45,120.73,498.16K,2009-06-26 19:59:59-04:00
2009-06-29,121.15,121.15,121.29,120.9,121.06,411.06K,2009-06-29 19:59:59-04:00
2009-06-30,121.08,121.08,121.24,120.77,121.22,659.39K,2009-06-30 19:59:59-04:00
2009-07-01,120.92,120.92,121.15,120.76,121.11,631.97K,2009-07-01 19:59:59-04:00
2009-07-02,121.65,121.65,121.74,120.88,120.94,783.19K,2009-07-02 19:59:59-04:00
2009-07-03,121.57,121.57,121.66,121.44,121.64,206.61K,2009-07-03 19:59:59-04:00
2009-07-06,121.96,121.96,122.0,121.61,121.69,426.47K,2009-07-06 19:59:59-04:00
2009-07-07,121.75,121.75,122.05,121.53,121.88,534.27K,2009-07-07 19:59:59-04:00
2009-07-08,122.16,122.16,122.49,121.89,122.1,595.83K,2009-07-08 19:59:59-04:00
2009-07-09,121.98,121.98,122.32,121.73,122.25,649.84K,2009-07-09 19:59:59-04:00
2009-07-10,122.32,122.32,122.41,121.81,122.04,426.30K,2009-07-10 19:59:59-04:00
2009-07-13,122.29,122.29,122.47,122.06,122.33,358.94K,2009-07-13 19:59:59-04:00
2009-07-14,121.9,121.9,122.05,121.49,122.04,633.57K,2009-07-14 19:59:59-04:00
2009-07-15,121.36,121.36,121.85,121.05,121.74,645.43K,2009-07-15 19:59:59-04:00
2009-07-16,121.48,121.48,121.88,120.97,121.28,711.34K,2009-07-16 19:59:59-04:00
2009-07-17,121.15,121.15,121.8,120.82,121.69,644.46K,2009-07-17 19:59:59-04:00
2009-07-20,120.94,120.94,121.34,120.39,120.82,584.87K,2009-07-20 19:59:59-04:00
2009-07-21,121.26,121.26,121.51,120.62,121.22,662.13K,2009-07-21 19:59:59-04:00
2009-07-22,121.31,121.31,121.7,121.04,121.3,686.26K,2009-07-22 19:59:59-04:00
2009-07-23,120.55,120.55,121.33,120.4,121.1,833.32K,2009-07-23 19:59:59-04:00
2009-07-24,120.33,120.33,120.61,120.15,120.52,584.37K,2009-07-24 19:59:59-04:00
2009-07-27,120.3,120.3,120.36,119.92,120.15,598.83K,2009-07-27 19:59:59-04:00
2009-07-28,120.77,120.77,120.97,119.98,120.12,672.47K,2009-07-28 19:59:59-04:00
2009-07-29,120.83,120.83,121.05,120.57,120.69,633.34K,2009-07-29 19:59:59-04:00
2009-07-30,120.82,120.82,121.4,120.37,120.65,649.78K,2009-07-30 19:59:59-04:00
2009-07-31,122.04,122.04,122.28,121.14,121.19,822.79K,2009-07-31 19:59:59-04:00
2009-08-03,121.62,121.62,122.18,121.44,122.07,638.66K,2009-08-03 19:59:59-04:00
2009-08-04,121.59,121.59,122.01,121.46,121.63,634.13K,2009-08-04 19:59:59-04:00
2009-08-05,121.67,121.67,121.86,121.09,121.59,821.05K,2009-08-05 19:59:59-04:00
2009-08-06,121.43,121.43,122.04,121.06,121.31,839.53K,2009-08-06 19:59:59-04:00
2009-08-07,120.26,120.26,121.5,120.0,121.2,713.54K,2009-08-07 19:59:59-04:00
2009-08-10,120.35,120.35,120.59,119.96,120.0,392.96K,2009-08-10 19:59:59-04:00
2009-08-11,120.49,120.49,120.77,120.22,120.37,562.01K,2009-08-11 19:59:59-04:00
2009-08-12,120.65,120.65,120.99,120.32,120.58,566.24K,2009-08-12 19:59:59-04:00
2009-08-13,120.86,120.86,121.14,120.13,120.46,683.28K,2009-08-13 19:59:59-04:00
2009-08-14,121.89,121.89,121.94,121.0,121.0,588.55K,2009-08-14 19:59:59-04:00
2009-08-17,122.24,122.24,122.34,121.92,122.15,542.93K,2009-08-17 19:59:59-04:00
2009-08-18,122.17,122.17,122.22,121.8,122.1,538.40K,2009-08-18 19:59:59-04:00
2009-08-19,122.67,122.67,122.74,122.22,122.25,645.29K,2009-08-19 19:59:59-04:00
2009-08-20,122.52,122.52,122.7,122.13,122.4,541.46K,2009-08-20 19:59:59-04:00
2009-08-21,122.03,122.03,122.85,121.86,122.74,646.80K,2009-08-21 19:59:59-04:00
2009-08-24,122.01,122.01,122.4,121.76,121.9,493.84K,2009-08-24 19:59:59-04:00
2009-08-25,122.44,122.44,122.63,122.17,122.43,544.85K,2009-08-25 19:59:59-04:00
2009-08-26,122.81,122.81,122.89,122.27,122.49,697.81K,2009-08-26 19:59:59-04:00
2009-08-27,122.7,122.7,122.94,122.4,122.84,620.39K,2009-08-27 19:59:59-04:00
2009-08-28,122.63,122.63,122.84,122.18,122.57,500.75K,2009-08-28 19:59:59-04:00
2009-08-31,122.63,122.63,123.02,122.37,122.92,310.91K,2009-08-31 19:59:59-04:00
2009-09-01,122.61,122.61,122.94,122.32,122.72,792.08K,2009-09-01 19:59:59-04:00
2009-09-02,122.9,122.9,123.12,122.72,122.86,944.59K,2009-09-02 19:59:59-04:00
2009-09-03,122.76,122.76,122.91,122.52,122.86,1.16M,2009-09-03 19:59:59-04:00
2009-09-04,122.92,122.92,123.04,122.42,122.74,1.10M,2009-09-04 19:59:59-04:00
2009-09-07,122.91,122.91,123.02,122.31,122.66,294.22K,2009-09-07 19:59:59-04:00
2009-09-08,122.75,122.75,123.0,122.67,122.97,25.99K,2009-09-08 19:59:59-04:00
2009-09-09,120.48,120.48,121.34,120.22,121.08,968.87K,2009-09-09 19:59:59-04:00
2009-09-10,120.9,120.9,121.27,120.17,120.42,859.94K,2009-09-10 19:59:59-04:00
2009-09-11,121.61,121.61,121.74,121.02,121.1,762.06K,2009-09-11 19:59:59-04:00
2009-09-14,121.38,121.38,121.62,121.31,121.59,501.47K,2009-09-14 19:59:59-04:00
2009-09-15,121.07,121.07,121.38,120.78,121.28,821.55K,2009-09-15 19:59:59-04:00
2009-09-16,120.76,120.76,121.32,120.54,121.04,902.23K,2009-09-16 19:59:59-04:00
2009-09-17,120.46,120.46,120.72,120.25,120.64,792.87K,2009-09-17 19:59:59-04:00
2009-09-18,120.44,120.44,120.97,120.08,120.67,589.48K,2009-09-18 19:59:59-04:00
2009-09-21,120.35,120.35,120.54,120.04,120.18,603.49K,2009-09-21 19:59:59-04:00
2009-09-22,120.24,120.24,120.39,119.85,120.13,766.15K,2009-09-22 19:59:59-04:00
2009-09-23,120.48,120.48,120.81,119.97,120.15,715.74K,2009-09-23 19:59:59-04:00
2009-09-24,121.12,121.12,121.22,120.66,120.8,873.70K,2009-09-24 19:59:59-04:00
2009-09-25,121.48,121.48,121.7,120.94,120.99,651.04K,2009-09-25 19:59:59-04:00
2009-09-28,121.56,121.56,121.91,121.4,121.8,551.90K,2009-09-28 19:59:59-04:00
2009-09-29,121.74,121.74,121.84,121.25,121.58,813.29K,2009-09-29 19:59:59-04:00
2009-09-30,121.88,121.88,122.0,121.58,121.71,888.27K,2009-09-30 19:59:59-04:00
2009-10-01,122.32,122.32,122.55,121.51,121.72,1.05M,2009-10-01 19:59:59-04:00
2009-10-02,122.67,122.67,122.97,122.49,122.62,938.36K,2009-10-02 19:59:59-04:00
2009-10-05,122.7,122.7,122.81,122.54,122.7,515.51K,2009-10-05 19:59:59-04:00
2009-10-06,122.43,122.43,122.59,122.35,122.54,595.25K,2009-10-06 19:59:59-04:00
2009-10-07,122.79,122.79,122.91,122.31,122.41,732.81K,2009-10-07 19:59:59-04:00
2009-10-08,122.87,122.87,123.04,122.43,122.73,591.72K,2009-10-08 19:59:59-04:00
2009-10-09,122.09,122.09,122.85,121.92,122.5,997.93K,2009-10-09 19:59:59-04:00
2009-10-12,122.3,122.3,122.42,121.76,122.0,568.83K,2009-10-12 19:59:59-04:00
2009-10-13,122.55,122.55,122.6,122.19,122.26,661.31K,2009-10-13 19:59:59-04:00
2009-10-14,122.0,122.0,122.35,121.75,122.34,896.21K,2009-10-14 19:59:59-04:00
2009-10-15,121.43,121.43,121.75,121.13,121.7,1.03M,2009-10-15 19:59:59-04:00
2009-10-16,121.46,121.46,121.58,121.06,121.25,767.76K,2009-10-16 19:59:59-04:00
2009-10-19,121.3,121.3,121.46,121.1,121.34,436.37K,2009-10-19 19:59:59-04:00
2009-10-20,121.82,121.82,122.04,121.25,121.28,949.25K,2009-10-20 19:59:59-04:00
2009-10-21,121.16,121.16,121.84,120.95,121.75,983.61K,2009-10-21 19:59:59-04:00
2009-10-22,121.19,121.19,121.43,121.01,121.16,745.11K,2009-10-22 19:59:59-04:00
2009-10-23,120.84,120.84,121.15,120.74,120.97,722.86K,2009-10-23 19:59:59-04:00
2009-10-26,120.83,120.83,120.94,120.51,120.69,719.98K,2009-10-26 19:59:59-04:00
2009-10-27,121.52,121.52,121.66,120.72,120.78,877.98K,2009-10-27 19:59:59-04:00
2009-10-28,121.67,121.67,121.8,121.36,121.5,749.11K,2009-10-28 19:59:59-04:00
2009-10-29,121.21,121.21,121.82,120.98,121.81,912.09K,2009-10-29 19:59:59-04:00
2009-10-30,121.9,121.9,122.14,121.2,121.2,918.98K,2009-10-30 19:59:59-04:00
2009-11-02,121.91,121.91,122.12,121.77,121.98,646.77K,2009-11-02 18:59:59-05:00
2009-11-03,121.75,121.75,122.44,121.45,121.94,909.55K,2009-11-03 18:59:59-05:00
2009-11-04,121.25,121.25,121.62,120.91,121.6,706.57K,2009-11-04 18:59:59-05:00
2009-11-05,121.01,121.01,121.45,120.66,121.12,993.46K,2009-11-05 18:59:59-05:00
2009-11-06,120.95,120.95,121.36,120.72,121.13,844.86K,2009-11-06 18:59:59-05:00
2009-11-09,121.33,121.33,121.39,120.71,120.73,540.30K,2009-11-09 18:59:59-05:00
2009-11-10,121.72,121.72,121.81,121.18,121.29,700.80K,2009-11-10 18:59:59-05:00
2009-11-11,121.71,121.71,121.76,121.24,121.58,603.33K,2009-11-11 18:59:59-05:00
2009-11-12,121.56,121.56,121.96,121.2,121.7,811.16K,2009-11-12 18:59:59-05:00
2009-11-13,121.32,121.32,121.79,121.16,121.54,792.88K,2009-11-13 18:59:59-05:00
2009-11-16,121.81,121.81,122.12,121.33,121.38,638.19K,2009-11-16 18:59:59-05:00
2009-11-17,122.24,122.24,122.34,121.82,122.04,720.79K,2009-11-17 18:59:59-05:00
2009-11-18,122.24,122.24,122.34,121.92,122.31,619.01K,2009-11-18 18:59:59-05:00
2009-11-19,122.48,122.48,122.5,122.06,122.24,706.53K,2009-11-19 18:59:59-05:00
2009-11-20,122.56,122.56,122.7,122.21,122.49,680.05K,2009-11-20 18:59:59-05:00
2009-11-23,122.45,122.45,122.59,122.27,122.56,470.35K,2009-11-23 18:59:59-05:00
2009-11-24,122.72,122.72,122.82,122.48,122.68,621.75K,2009-11-24 18:59:59-05:00
2009-11-25,122.65,122.65,122.89,122.53,122.8,646.06K,2009-11-25 18:59:59-05:00
2009-11-26,123.54,123.54,123.75,122.84,122.88,674.28K,2009-11-26 18:59:59-05:00
2009-11-27,123.48,123.48,124.06,123.3,123.76,891.24K,2009-11-27 18:59:59-05:00
2009-11-30,123.63,123.63,123.77,123.44,123.56,724.90K,2009-11-30 18:59:59-05:00
2009-12-01,123.66,123.66,123.8,123.34,123.75,961.63K,2009-12-01 18:59:59-05:00
2009-12-02,123.56,123.56,123.61,123.25,123.32,1.04M,2009-12-02 18:59:59-05:00
2009-12-03,123.36,123.36,123.44,122.92,123.23,1.21M,2009-12-03 18:59:59-05:00
2009-12-04,122.74,122.74,123.47,122.58,123.37,1.44M,2009-12-04 18:59:59-05:00
2009-12-07,123.15,123.15,123.24,122.81,122.84,491.20K,2009-12-07 18:59:59-05:00
2009-12-08,123.57,123.57,123.64,123.1,123.22,36.29K,2009-12-08 18:59:59-05:00
2009-12-09,123.51,123.51,123.72,123.22,123.32,564.92K,2009-12-09 18:59:59-05:00
2009-12-10,123.11,123.11,123.45,122.93,123.41,609.04K,2009-12-10 18:59:59-05:00
2009-12-11,122.69,122.69,123.0,122.55,122.98,574.61K,2009-12-11 18:59:59-05:00
2009-12-14,122.97,122.97,123.13,122.61,122.72,465.81K,2009-12-14 18:59:59-05:00
2009-12-15,122.48,122.48,123.09,122.37,122.94,704.57K,2009-12-15 18:59:59-05:00
2009-12-16,122.78,122.78,122.99,122.11,122.55,655.85K,2009-12-16 18:59:59-05:00
2009-12-17,123.4,123.4,123.54,122.69,122.7,592.25K,2009-12-17 18:59:59-05:00
2009-12-18,123.54,123.54,123.66,123.3,123.41,357.73K,2009-12-18 18:59:59-05:00
2009-12-21,123.04,123.04,123.53,122.85,123.43,328.86K,2009-12-21 18:59:59-05:00
2009-12-22,122.36,122.36,122.71,122.22,122.66,424.45K,2009-12-22 18:59:59-05:00
2009-12-23,121.89,121.89,122.34,121.68,122.13,311.00K,2009-12-23 18:59:59-05:00
2009-12-28,121.42,121.42,121.7,121.28,121.4,109.86K,2009-12-28 18:59:59-05:00
2009-12-29,121.49,121.49,121.63,121.26,121.28,215.25K,2009-12-29 18:59:59-05:00
2009-12-30,121.19,121.19,121.57,121.02,121.5,261.38K,2009-12-30 18:59:59-05:00
2010-01-04,121.34,121.34,121.42,120.84,120.99,469.43K,2010-01-04 18:59:59-05:00
2010-01-05,121.44,121.44,121.6,121.1,121.29,590.70K,2010-01-05 18:59:59-05:00
2010-01-06,121.23,121.23,121.48,121.15,121.36,581.66K,2010-01-06 18:59:59-05:00
2010-01-07,121.44,121.44,121.49,121.11,121.16,729.66K,2010-01-07 18:59:59-05:00
2010-01-08,121.4,121.4,121.84,121.19,121.28,823.86K,2010-01-08 18:59:59-05:00
2010-01-11,121.71,121.71,121.79,121.18,121.32,587.05K,2010-01-11 18:59:59-05:00
2010-01-12,122.14,122.14,122.24,121.74,121.8,837.78K,2010-01-12 18:59:59-05:00
2010-01-13,122.2,122.2,122.25,121.86,122.0,779.86K,2010-01-13 18:59:59-05:00
2010-01-14,122.24,122.24,122.39,121.88,121.95,774.87K,2010-01-14 18:59:59-05:00
2010-01-15,122.57,122.57,122.66,122.24,122.39,704.44K,2010-01-15 18:59:59-05:00
2010-01-18,122.72,122.72,122.78,122.55,122.69,317.43K,2010-01-18 18:59:59-05:00
2010-01-19,122.48,122.48,122.85,122.29,122.73,766.39K,2010-01-19 18:59:59-05:00
2010-01-20,123.04,123.04,123.12,122.58,122.63,834.31K,2010-01-20 18:59:59-05:00
2010-01-21,123.15,123.15,123.34,122.62,122.87,1.01M,2010-01-21 18:59:59-05:00
2010-01-22,123.15,123.15,123.49,123.03,123.39,822.52K,2010-01-22 18:59:59-05:00
2010-01-25,123.15,123.15,123.29,122.92,123.24,545.87K,2010-01-25 18:59:59-05:00
2010-01-26,123.28,123.28,123.51,123.16,123.44,733.36K,2010-01-26 18:59:59-05:00
2010-01-27,123.38,123.38,123.61,122.97,123.3,1.08M,2010-01-27 18:59:59-05:00
2010-01-28,123.3,123.3,123.47,122.81,123.0,1.06M,2010-01-28 18:59:59-05:00
2010-01-29,123.38,123.38,123.7,122.95,123.47,923.10K,2010-01-29 18:59:59-05:00
2010-02-01,123.51,123.51,123.63,123.35,123.58,673.03K,2010-02-01 18:59:59-05:00
2010-02-02,123.47,123.47,123.58,123.18,123.48,904.16K,2010-02-02 18:59:59-05:00
2010-02-03,123.21,123.21,123.39,122.96,123.38,957.58K,2010-02-03 18:59:59-05:00
2010-02-04,123.7,123.7,123.95,123.0,123.02,1.21M,2010-02-04 18:59:59-05:00
2010-02-05,124.2,124.2,124.53,123.78,123.84,1.24M,2010-02-05 18:59:59-05:00
2010-02-08,123.91,123.91,124.3,123.88,124.3,795.49K,2010-02-08 18:59:59-05:00
2010-02-09,123.98,123.98,124.06,123.22,123.94,1.25M,2010-02-09 18:59:59-05:00
2010-02-10,123.47,123.47,123.71,122.98,123.34,1.32M,2010-02-10 18:59:59-05:00
2010-02-11,123.15,123.15,123.37,122.92,123.16,1.22M,2010-02-11 18:59:59-05:00
2010-02-12,123.55,123.55,123.63,123.1,123.15,837.00K,2010-02-12 18:59:59-05:00
2010-02-15,123.37,123.37,123.57,123.32,123.37,294.35K,2010-02-15 18:59:59-05:00
2010-02-16,123.38,123.38,123.7,123.21,123.48,691.28K,2010-02-16 18:59:59-05:00
2010-02-17,123.51,123.51,123.61,123.32,123.51,680.59K,2010-02-17 18:59:59-05:00
2010-02-18,123.0,123.0,123.42,122.87,123.33,1.03M,2010-02-18 18:59:59-05:00
2010-02-19,122.66,122.66,123.05,122.56,122.95,941.92K,2010-02-19 18:59:59-05:00
2010-02-22,122.82,122.82,122.9,122.54,122.7,597.89K,2010-02-22 18:59:59-05:00
2010-02-23,123.67,123.67,123.87,122.68,122.88,1.37M,2010-02-23 18:59:59-05:00
2010-02-24,124.01,124.01,124.16,123.64,123.7,1.12M,2010-02-24 18:59:59-05:00
2010-02-25,124.3,124.3,124.44,124.09,124.25,933.99K,2010-02-25 18:59:59-05:00
2010-02-26,124.45,124.45,124.5,124.09,124.29,989.45K,2010-02-26 18:59:59-05:00
2010-03-01,124.33,124.33,124.45,124.06,124.3,632.74K,2010-03-01 18:59:59-05:00
2010-03-02,124.2,124.2,124.4,123.94,124.32,972.21K,2010-03-02 18:59:59-05:00
2010-03-03,124.08,124.08,124.34,123.97,124.3,1.16M,2010-03-03 18:59:59-05:00
2010-03-04,124.29,124.29,124.44,123.87,124.25,1.45M,2010-03-04 18:59:59-05:00
2010-03-05,124.01,124.01,124.38,123.93,124.27,834.14K,2010-03-05 18:59:59-05:00
2010-03-08,124.0,124.0,124.13,123.96,124.03,43.04K,2010-03-08 18:59:59-05:00
2010-03-09,122.83,122.83,123.02,122.49,122.49,878.60K,2010-03-09 18:59:59-05:00
2010-03-10,122.61,122.61,122.88,122.59,122.82,690.95K,2010-03-10 18:59:59-05:00
2010-03-11,122.4,122.4,122.69,122.19,122.65,819.95K,2010-03-11 18:59:59-05:00
2010-03-12,122.56,122.56,122.68,122.07,122.4,824.60K,2010-03-12 18:59:59-05:00
2010-03-15,122.71,122.71,122.77,122.52,122.55,469.16K,2010-03-15 19:59:59-04:00
2010-03-16,122.86,122.86,123.24,122.45,122.71,834.83K,2010-03-16 19:59:59-04:00
2010-03-17,123.16,123.16,123.36,122.94,123.04,814.32K,2010-03-17 19:59:59-04:00
2010-03-18,123.08,123.08,123.39,122.98,123.26,741.75K,2010-03-18 19:59:59-04:00
2010-03-19,123.19,123.19,123.27,122.87,123.06,723.18K,2010-03-19 19:59:59-04:00
2010-03-22,123.58,123.58,123.69,123.13,123.17,640.48K,2010-03-22 19:59:59-04:00
2010-03-23,123.67,123.67,123.78,123.53,123.56,632.01K,2010-03-23 19:59:59-04:00
2010-03-24,123.53,123.53,123.77,123.24,123.66,1.10M,2010-03-24 19:59:59-04:00
2010-03-25,122.87,122.87,123.36,122.53,123.28,1.04M,2010-03-25 19:59:59-04:00
2010-03-26,122.74,122.74,122.88,122.6,122.76,738.60K,2010-03-26 19:59:59-04:00
2010-03-29,122.97,122.97,123.13,122.62,122.74,631.13K,2010-03-29 19:59:59-04:00
2010-03-30,123.18,123.18,123.32,122.77,122.92,800.62K,2010-03-30 19:59:59-04:00
2010-03-31,123.35,123.35,123.52,123.18,123.25,837.46K,2010-03-31 19:59:59-04:00
2010-04-01,123.44,123.44,123.5,123.13,123.38,664.20K,2010-04-01 19:59:59-04:00
2010-04-06,122.88,122.88,123.18,122.54,122.98,884.35K,2010-04-06 19:59:59-04:00
2010-04-07,123.11,123.11,123.41,122.83,122.88,821.39K,2010-04-07 19:59:59-04:00
2010-04-08,123.47,123.47,123.6,123.27,123.28,731.92K,2010-04-08 19:59:59-04:00
2010-04-09,122.84,122.84,123.36,122.71,123.32,936.65K,2010-04-09 19:59:59-04:00
2010-04-12,122.67,122.67,122.78,122.11,122.53,811.38K,2010-04-12 19:59:59-04:00
2010-04-13,122.98,122.98,123.13,122.62,122.7,920.85K,2010-04-13 19:59:59-04:00
2010-04-14,123.14,123.14,123.26,122.78,122.89,998.15K,2010-04-14 19:59:59-04:00
2010-04-15,123.19,123.19,123.39,122.87,122.93,1.03M,2010-04-15 19:59:59-04:00
2010-04-16,123.65,123.65,123.74,123.25,123.28,829.04K,2010-04-16 19:59:59-04:00
2010-04-19,123.74,123.74,123.88,123.59,123.71,704.67K,2010-04-19 19:59:59-04:00
2010-04-20,123.5,123.5,123.74,123.39,123.66,874.06K,2010-04-20 19:59:59-04:00
2010-04-21,123.76,123.76,123.87,123.37,123.42,921.09K,2010-04-21 19:59:59-04:00
2010-04-22,124.01,124.01,124.31,123.64,123.77,1.26M,2010-04-22 19:59:59-04:00
2010-04-23,123.97,123.97,124.12,123.57,123.95,989.74K,2010-04-23 19:59:59-04:00
2010-04-26,124.06,124.06,124.34,123.77,123.89,812.54K,2010-04-26 19:59:59-04:00
2010-04-27,124.64,124.64,125.34,124.05,124.09,1.11M,2010-04-27 19:59:59-04:00
2010-04-28,124.6,124.6,125.51,124.3,125.2,1.83M,2010-04-28 19:59:59-04:00
2010-04-29,124.43,124.43,124.76,124.23,124.75,951.40K,2010-04-29 19:59:59-04:00
2010-04-30,124.85,124.85,124.91,124.31,124.59,821.38K,2010-04-30 19:59:59-04:00
2010-05-03,124.5,124.5,124.66,124.27,124.61,353.58K,2010-05-03 19:59:59-04:00
2010-05-04,125.51,125.51,125.82,124.43,124.47,1.28M,2010-05-04 19:59:59-04:00
2010-05-05,126.35,126.35,126.59,125.44,125.61,1.49M,2010-05-05 19:59:59-04:00
2010-05-06,127.01,127.01,127.99,125.74,126.37,1.62M,2010-05-06 19:59:59-04:00
2010-05-07,126.97,126.97,127.65,126.41,127.2,1.69M,2010-05-07 19:59:59-04:00
2010-05-10,125.49,125.49,125.87,124.94,125.81,1.36M,2010-05-10 19:59:59-04:00
2010-05-11,125.63,125.63,126.29,125.56,125.69,1.08M,2010-05-11 19:59:59-04:00
2010-05-12,125.67,125.67,125.95,125.43,125.88,835.46K,2010-05-12 19:59:59-04:00
2010-05-13,125.86,125.86,126.1,125.37,125.55,722.39K,2010-05-13 19:59:59-04:00
2010-05-14,126.53,126.53,126.85,125.98,126.12,900.06K,2010-05-14 19:59:59-04:00
2010-05-17,126.6,126.6,126.97,126.21,126.95,745.27K,2010-05-17 19:59:59-04:00
2010-05-18,126.86,126.86,127.81,126.26,126.41,1.07M,2010-05-18 19:59:59-04:00
2010-05-19,127.47,127.47,127.84,127.04,127.72,1.12M,2010-05-19 19:59:59-04:00
2010-05-20,128.31,128.31,128.58,127.19,127.55,1.17M,2010-05-20 19:59:59-04:00
2010-05-21,128.54,128.54,128.97,128.1,128.17,1.18M,2010-05-21 19:59:59-04:00
2010-05-24,128.61,128.61,128.9,128.31,128.41,598.25K,2010-05-24 19:59:59-04:00
2010-05-25,129.38,129.38,129.55,128.82,128.85,1.02M,2010-05-25 19:59:59-04:00
2010-05-26,128.72,128.72,129.23,128.6,129.13,1.14M,2010-05-26 19:59:59-04:00
2010-05-27,128.33,128.33,128.76,128.11,128.62,1.01M,2010-05-27 19:59:59-04:00
2010-05-28,128.5,128.5,128.87,128.11,128.11,771.50K,2010-05-28 19:59:59-04:00
2010-05-31,128.8,128.8,128.85,128.52,128.61,161.71K,2010-05-31 19:59:59-04:00
2010-06-01,128.66,128.66,129.43,128.34,128.65,1.05M,2010-06-01 19:59:59-04:00
2010-06-02,128.8,128.8,129.17,128.62,128.71,1.10M,2010-06-02 19:59:59-04:00
2010-06-03,128.5,128.5,128.8,128.13,128.5,1.44M,2010-06-03 19:59:59-04:00
2010-06-04,129.39,129.39,129.63,128.54,128.79,1.36M,2010-06-04 19:59:59-04:00
2010-06-07,129.74,129.74,129.99,129.41,129.6,496.00K,2010-06-07 19:59:59-04:00
2010-06-08,130.16,130.16,130.37,129.64,129.64,34.45K,2010-06-08 19:59:59-04:00
2010-06-09,129.2,129.2,129.72,129.08,129.62,836.07K,2010-06-09 19:59:59-04:00
2010-06-10,128.68,128.68,129.39,128.38,129.27,946.26K,2010-06-10 19:59:59-04:00
2010-06-11,129.25,129.25,129.3,128.4,128.57,799.42K,2010-06-11 19:59:59-04:00
2010-06-14,128.53,128.53,129.02,128.41,128.98,655.81K,2010-06-14 19:59:59-04:00
2010-06-15,128.3,128.3,129.14,128.03,128.91,1.01M,2010-06-15 19:59:59-04:00
2010-06-16,128.33,128.33,128.7,127.92,128.15,812.51K,2010-06-16 19:59:59-04:00
2010-06-17,128.36,128.36,128.54,127.89,128.4,1.01M,2010-06-17 19:59:59-04:00
2010-06-18,127.67,127.67,128.41,127.54,128.27,711.63K,2010-06-18 19:59:59-04:00
2010-06-21,127.4,127.4,127.63,127.12,127.37,644.91K,2010-06-21 19:59:59-04:00
2010-06-22,128.1,128.1,128.46,127.47,127.64,895.74K,2010-06-22 19:59:59-04:00
2010-06-23,128.62,128.62,128.67,128.19,128.35,704.38K,2010-06-23 19:59:59-04:00
2010-06-24,129.14,129.14,129.16,128.4,128.42,712.81K,2010-06-24 19:59:59-04:00
2010-06-25,128.98,128.98,129.15,128.78,128.9,574.73K,2010-06-25 19:59:59-04:00
2010-06-28,129.2,129.2,129.39,128.67,128.96,640.28K,2010-06-28 19:59:59-04:00
2010-06-29,129.43,129.43,129.86,129.36,129.56,831.87K,2010-06-29 19:59:59-04:00
2010-06-30,129.39,129.39,129.68,129.22,129.61,795.33K,2010-06-30 19:59:59-04:00
2010-07-01,129.56,129.56,129.65,128.98,129.54,957.47K,2010-07-01 19:59:59-04:00
2010-07-02,129.31,129.31,129.61,129.05,129.42,604.10K,2010-07-02 19:59:59-04:00
2010-07-05,129.7,129.7,129.82,129.34,129.41,277.29K,2010-07-05 19:59:59-04:00
2010-07-06,129.3,129.3,129.7,129.05,129.65,672.10K,2010-07-06 19:59:59-04:00
2010-07-07,129.22,129.22,129.57,129.08,129.4,544.19K,2010-07-07 19:59:59-04:00
2010-07-08,128.93,128.93,129.36,128.66,129.1,786.34K,2010-07-08 19:59:59-04:00
2010-07-09,128.89,128.89,129.07,128.49,128.78,666.92K,2010-07-09 19:59:59-04:00
2010-07-12,129.34,129.34,129.53,128.76,128.84,487.38K,2010-07-12 19:59:59-04:00
2010-07-13,128.88,128.88,129.47,128.66,129.26,705.89K,2010-07-13 19:59:59-04:00
2010-07-14,128.72,128.72,129.09,128.57,128.65,695.22K,2010-07-14 19:59:59-04:00
2010-07-15,128.8,128.8,129.02,128.18,128.92,926.74K,2010-07-15 19:59:59-04:00
2010-07-16,129.16,129.16,129.39,128.42,128.84,709.22K,2010-07-16 19:59:59-04:00
2010-07-19,128.73,128.73,129.54,128.58,129.16,677.01K,2010-07-19 19:59:59-04:00
2010-07-20,128.9,128.9,129.14,128.61,128.65,667.16K,2010-07-20 19:59:59-04:00
2010-07-21,128.91,128.91,129.3,128.59,128.78,635.99K,2010-07-21 19:59:59-04:00
2010-07-22,128.69,128.69,129.43,128.53,129.21,702.82K,2010-07-22 19:59:59-04:00
2010-07-23,128.33,128.33,128.91,127.85,128.8,802.16K,2010-07-23 19:59:59-04:00
2010-07-26,127.73,127.73,128.27,127.58,128.03,599.39K,2010-07-26 19:59:59-04:00
2010-07-27,127.69,127.69,127.84,127.37,127.82,782.76K,2010-07-27 19:59:59-04:00
2010-07-28,127.81,127.81,128.05,127.45,127.63,715.48K,2010-07-28 19:59:59-04:00
2010-07-29,128.06,128.06,128.28,127.78,128.0,656.18K,2010-07-29 19:59:59-04:00
2010-07-30,128.55,128.55,128.66,128.21,128.3,806.25K,2010-07-30 19:59:59-04:00
2010-08-02,128.34,128.34,128.5,128.09,128.46,496.08K,2010-08-02 19:59:59-04:00
2010-08-03,129.06,129.06,129.29,128.34,128.36,755.19K,2010-08-03 19:59:59-04:00
2010-08-04,129.2,129.2,129.47,129.08,129.24,654.91K,2010-08-04 19:59:59-04:00
2010-08-05,129.63,129.63,129.76,129.05,129.23,709.36K,2010-08-05 19:59:59-04:00
2010-08-06,130.1,130.1,130.15,129.44,129.64,713.90K,2010-08-06 19:59:59-04:00
2010-08-09,130.03,130.03,130.14,129.97,130.06,338.45K,2010-08-09 19:59:59-04:00
2010-08-10,129.95,129.95,130.59,129.81,130.0,523.61K,2010-08-10 19:59:59-04:00
2010-08-11,131.14,131.14,131.24,130.41,130.58,803.89K,2010-08-11 19:59:59-04:00
2010-08-12,131.22,131.22,131.4,130.9,130.98,731.65K,2010-08-12 19:59:59-04:00
2010-08-13,131.48,131.48,131.54,130.94,130.98,698.26K,2010-08-13 19:59:59-04:00
2010-08-16,132.05,132.05,132.3,131.38,131.53,724.23K,2010-08-16 19:59:59-04:00
2010-08-17,131.69,131.69,132.17,131.64,132.05,807.20K,2010-08-17 19:59:59-04:00
2010-08-18,132.16,132.16,132.31,131.68,131.69,756.83K,2010-08-18 19:59:59-04:00
2010-08-19,132.45,132.45,132.62,131.78,132.07,899.58K,2010-08-19 19:59:59-04:00
2010-08-20,132.89,132.89,133.02,132.38,132.5,727.50K,2010-08-20 19:59:59-04:00
2010-08-23,132.76,132.76,132.89,132.6,132.72,507.88K,2010-08-23 19:59:59-04:00
2010-08-24,133.9,133.9,134.26,132.83,132.9,1.02M,2010-08-24 19:59:59-04:00
2010-08-25,134.19,134.19,134.73,133.51,133.75,1.23M,2010-08-25 19:59:59-04:00
2010-08-26,133.94,133.94,134.35,133.67,133.94,954.57K,2010-08-26 19:59:59-04:00
2010-08-27,133.66,133.66,134.54,133.25,134.05,1.12M,2010-08-27 19:59:59-04:00
2010-08-30,134.19,134.19,134.44,133.48,133.48,472.92K,2010-08-30 19:59:59-04:00
2010-08-31,134.43,134.43,134.77,134.35,134.45,847.18K,2010-08-31 19:59:59-04:00
2010-09-01,133.23,133.23,134.37,133.02,134.12,1.49M,2010-09-01 19:59:59-04:00
2010-09-02,132.72,132.72,133.43,132.44,133.31,1.37M,2010-09-02 19:59:59-04:00
2010-09-03,132.0,132.0,132.82,131.73,132.72,1.48M,2010-09-03 19:59:59-04:00
2010-09-06,132.16,132.16,132.4,131.86,131.9,838.82K,2010-09-06 19:59:59-04:00
2010-09-07,133.2,133.2,133.25,132.26,132.26,754.95K,2010-09-07 19:59:59-04:00
2010-09-08,133.44,133.44,133.65,133.04,133.25,45.36K,2010-09-08 19:59:59-04:00
2010-09-09,130.78,130.78,131.69,130.46,131.42,1.03M,2010-09-09 19:59:59-04:00
2010-09-10,130.05,130.05,130.89,129.97,130.77,866.68K,2010-09-10 19:59:59-04:00
2010-09-13,129.92,129.92,130.21,129.53,130.0,823.19K,2010-09-13 19:59:59-04:00
2010-09-14,130.51,130.51,130.79,130.05,130.15,1.06M,2010-09-14 19:59:59-04:00
2010-09-15,130.11,130.11,130.56,129.84,130.45,961.14K,2010-09-15 19:59:59-04:00
2010-09-16,129.38,129.38,130.07,129.22,130.0,1.22M,2010-09-16 19:59:59-04:00
2010-09-17,129.77,129.77,130.21,129.08,129.37,1.11M,2010-09-17 19:59:59-04:00
2010-09-20,129.39,129.39,129.87,129.27,129.84,681.80K,2010-09-20 19:59:59-04:00
2010-09-21,129.65,129.65,130.25,129.24,129.58,866.37K,2010-09-21 19:59:59-04:00
2010-09-22,130.75,130.75,130.99,130.29,130.33,1.18M,2010-09-22 19:59:59-04:00
2010-09-23,131.39,131.39,131.58,130.47,130.6,1.17M,2010-09-23 19:59:59-04:00
2010-09-24,130.85,130.85,131.67,130.68,131.29,1.13M,2010-09-24 19:59:59-04:00
2010-09-27,131.51,131.51,131.67,130.8,130.83,796.23K,2010-09-27 19:59:59-04:00
2010-09-28,131.79,131.79,131.99,131.32,131.52,1.15M,2010-09-28 19:59:59-04:00
2010-09-29,131.81,131.81,132.03,131.46,131.79,952.08K,2010-09-29 19:59:59-04:00
2010-09-30,131.43,131.43,132.2,130.97,131.9,1.43M,2010-09-30 19:59:59-04:00
2010-10-01,131.31,131.31,131.57,130.63,131.54,1.12M,2010-10-01 19:59:59-04:00
2010-10-04,131.71,131.71,131.88,131.36,131.44,683.44K,2010-10-04 19:59:59-04:00
2010-10-05,131.45,131.45,132.17,131.31,131.81,985.27K,2010-10-05 19:59:59-04:00
2010-10-06,132.02,132.02,132.1,131.34,131.45,984.46K,2010-10-06 19:59:59-04:00
2010-10-07,131.64,131.64,131.89,131.39,131.81,909.72K,2010-10-07 19:59:59-04:00
2010-10-08,131.85,131.85,131.89,131.13,131.69,989.23K,2010-10-08 19:59:59-04:00
2010-10-11,131.63,131.63,131.85,131.42,131.73,366.87K,2010-10-11 19:59:59-04:00
2010-10-12,132.01,132.01,132.36,131.38,131.75,1.02M,2010-10-12 19:59:59-04:00
2010-10-13,131.57,131.57,131.7,131.21,131.36,820.03K,2010-10-13 19:59:59-04:00
2010-10-14,131.44,131.44,131.84,130.98,131.66,796.84K,2010-10-14 19:59:59-04:00
2010-10-15,130.72,130.72,131.29,130.34,131.11,1.00M,2010-10-15 19:59:59-04:00
2010-10-18,130.56,130.56,130.75,130.37,130.69,676.86K,2010-10-18 19:59:59-04:00
2010-10-19,130.23,130.23,130.72,129.92,130.43,1.08M,2010-10-19 19:59:59-04:00
2010-10-20,129.95,129.95,130.45,129.81,130.39,973.23K,2010-10-20 19:59:59-04:00
2010-10-21,129.62,129.62,130.04,129.39,129.87,1.04M,2010-10-21 19:59:59-04:00
2010-10-22,129.65,129.65,129.84,129.4,129.5,757.03K,2010-10-22 19:59:59-04:00
2010-10-25,129.84,129.84,129.99,129.56,129.72,573.22K,2010-10-25 19:59:59-04:00
2010-10-26,129.36,129.36,129.79,129.19,129.74,857.08K,2010-10-26 19:59:59-04:00
2010-10-27,128.8,128.8,129.33,128.52,129.23,1.18M,2010-10-27 19:59:59-04:00
2010-10-28,128.79,128.79,129.14,128.6,128.87,860.61K,2010-10-28 19:59:59-04:00
2010-10-29,129.23,129.23,129.48,128.85,128.92,991.17K,2010-10-29 19:59:59-04:00
2010-11-01,129.68,129.68,130.03,129.16,129.23,839.95K,2010-11-01 19:59:59-04:00
2010-11-02,129.78,129.78,130.09,129.57,129.7,803.27K,2010-11-02 19:59:59-04:00
2010-11-03,130.24,130.24,130.32,129.68,129.69,845.78K,2010-11-03 19:59:59-04:00
2010-11-04,130.43,130.43,130.75,129.33,130.16,1.39M,2010-11-04 19:59:59-04:00
2010-11-05,130.25,130.25,130.87,129.95,130.59,1.19M,2010-11-05 19:59:59-04:00
2010-11-08,130.51,130.51,130.75,130.27,130.42,681.62K,2010-11-08 18:59:59-05:00
2010-11-09,130.36,130.36,130.95,129.87,130.61,1.02M,2010-11-09 18:59:59-05:00
2010-11-10,130.2,130.2,130.53,129.56,130.02,1.41M,2010-11-10 18:59:59-05:00
2010-11-11,130.18,130.18,130.68,129.95,130.33,802.65K,2010-11-11 18:59:59-05:00
2010-11-12,129.41,129.41,130.64,129.08,130.44,1.29M,2010-11-12 18:59:59-05:00
2010-11-15,128.87,128.87,129.17,128.35,128.8,823.35K,2010-11-15 18:59:59-05:00
2010-11-16,128.14,128.14,128.89,127.98,128.56,1.12M,2010-11-16 18:59:59-05:00
2010-11-17,128.45,128.45,128.71,128.11,128.34,926.50K,2010-11-17 18:59:59-05:00
2010-11-18,127.5,127.5,128.17,127.31,128.07,1.27M,2010-11-18 18:59:59-05:00
2010-11-19,127.41,127.41,127.79,127.32,127.65,707.95K,2010-11-19 18:59:59-05:00
2010-11-22,127.94,127.94,128.18,127.13,127.25,792.66K,2010-11-22 18:59:59-05:00
2010-11-23,128.88,128.88,128.94,128.08,128.23,1.08M,2010-11-23 18:59:59-05:00
2010-11-24,127.72,127.72,129.2,127.47,128.61,1.33M,2010-11-24 18:59:59-05:00
2010-11-25,127.29,127.29,127.9,127.21,127.58,541.19K,2010-11-25 18:59:59-05:00
2010-11-26,127.35,127.35,128.07,127.16,127.48,783.94K,2010-11-26 18:59:59-05:00
2010-11-29,127.07,127.07,127.46,126.69,127.23,897.16K,2010-11-29 18:59:59-05:00
2010-11-30,128.02,128.02,128.05,127.18,127.28,1.06M,2010-11-30 18:59:59-05:00
2010-12-01,127.02,127.02,127.94,126.63,127.85,1.21M,2010-12-01 18:59:59-05:00
2010-12-02,126.47,126.47,127.02,126.27,126.91,1.14M,2010-12-02 18:59:59-05:00
2010-12-03,126.19,126.19,126.56,125.83,126.54,1.09M,2010-12-03 18:59:59-05:00
2010-12-06,126.57,126.57,126.68,126.26,126.36,1.23M,2010-12-06 18:59:59-05:00
2010-12-07,125.59,125.59,126.58,125.27,126.45,646.46K,2010-12-07 18:59:59-05:00
2010-12-08,125.22,125.22,125.38,124.86,124.86,42.12K,2010-12-08 18:59:59-05:00
2010-12-09,124.95,124.95,125.34,124.44,124.55,729.46K,2010-12-09 18:59:59-05:00
2010-12-10,124.98,124.98,125.33,124.7,125.3,530.55K,2010-12-10 18:59:59-05:00
2010-12-13,124.57,124.57,125.0,124.36,124.55,498.96K,2010-12-13 18:59:59-05:00
2010-12-14,124.12,124.12,124.98,123.76,124.97,664.74K,2010-12-14 18:59:59-05:00
2010-12-15,124.23,124.23,124.36,123.76,124.07,596.44K,2010-12-15 18:59:59-05:00
2010-12-16,123.87,123.87,124.35,123.78,124.0,554.72K,2010-12-16 18:59:59-05:00
2010-12-17,124.38,124.38,124.99,124.2,124.48,463.00K,2010-12-17 18:59:59-05:00
2010-12-20,125.3,125.3,125.34,124.67,124.91,459.84K,2010-12-20 18:59:59-05:00
2010-12-21,125.17,125.17,125.3,124.76,124.77,315.77K,2010-12-21 18:59:59-05:00
2010-12-22,125.47,125.47,125.61,125.0,125.1,339.58K,2010-12-22 18:59:59-05:00
2010-12-23,125.15,125.15,125.68,125.07,125.41,228.19K,2010-12-23 18:59:59-05:00
2010-12-27,124.67,124.67,125.22,124.36,125.2,146.08K,2010-12-27 18:59:59-05:00
2010-12-28,125.19,125.19,125.46,124.42,125.06,150.73K,2010-12-28 18:59:59-05:00
2010-12-29,124.77,124.77,125.39,124.52,124.58,216.20K,2010-12-29 18:59:59-05:00
2010-12-30,125.31,125.31,125.6,125.11,125.35,271.21K,2010-12-30 18:59:59-05:00
2011-01-03,125.73,125.73,125.99,125.26,125.34,327.11K,2011-01-03 18:59:59-05:00
2011-01-04,126.11,126.11,126.18,125.49,125.89,626.50K,2011-01-04 18:59:59-05:00
2011-01-05,125.49,125.49,126.52,125.2,126.06,1.08M,2011-01-05 18:59:59-05:00
2011-01-06,125.73,125.73,125.94,125.07,125.39,945.02K,2011-01-06 18:59:59-05:00
2011-01-07,126.13,126.13,126.38,125.31,125.91,814.74K,2011-01-07 18:59:59-05:00
2011-01-10,126.28,126.28,126.46,125.98,126.3,634.74K,2011-01-10 18:59:59-05:00
2011-01-11,125.79,125.79,126.47,125.7,126.07,856.62K,2011-01-11 18:59:59-05:00
2011-01-12,124.69,124.69,125.94,124.57,125.94,1.16M,2011-01-12 18:59:59-05:00
2011-01-13,124.64,124.64,124.98,124.27,124.73,1.10M,2011-01-13 18:59:59-05:00
2011-01-14,124.91,124.91,125.17,124.49,124.85,916.04K,2011-01-14 18:59:59-05:00
2011-01-17,124.76,124.76,124.99,124.47,124.58,444.31K,2011-01-17 18:59:59-05:00
2011-01-18,124.06,124.06,124.75,123.97,124.75,1.01M,2011-01-18 18:59:59-05:00
2011-01-19,124.34,124.34,124.39,123.86,124.04,750.02K,2011-01-19 18:59:59-05:00
2011-01-20,123.67,123.67,124.5,123.48,124.47,1.07M,2011-01-20 18:59:59-05:00
2011-01-21,123.76,123.76,123.86,123.37,123.7,809.09K,2011-01-21 18:59:59-05:00
2011-01-24,123.92,123.92,124.04,123.5,123.55,695.26K,2011-01-24 18:59:59-05:00
2011-01-25,123.97,123.97,124.34,123.71,123.77,866.76K,2011-01-25 18:59:59-05:00
2011-01-26,123.61,123.61,124.13,123.47,123.96,852.84K,2011-01-26 18:59:59-05:00
2011-01-27,123.34,123.34,123.79,123.23,123.57,1.01M,2011-01-27 18:59:59-05:00
2011-01-28,123.73,123.73,123.88,123.17,123.53,824.47K,2011-01-28 18:59:59-05:00
2011-01-31,123.74,123.74,123.94,123.45,123.71,723.72K,2011-01-31 18:59:59-05:00
2011-02-01,123.01,123.01,123.51,122.88,123.44,997.78K,2011-02-01 18:59:59-05:00
2011-02-02,122.87,122.87,123.29,122.68,123.1,823.71K,2011-02-02 18:59:59-05:00
2011-02-03,123.22,123.22,123.33,122.63,122.78,1.04M,2011-02-03 18:59:59-05:00
2011-02-04,122.65,122.65,123.16,122.58,123.03,843.94K,2011-02-04 18:59:59-05:00
2011-02-07,122.86,122.86,122.92,122.42,122.45,565.03K,2011-02-07 18:59:59-05:00
2011-02-08,122.82,122.82,123.12,122.55,122.76,804.45K,2011-02-08 18:59:59-05:00
2011-02-09,122.33,122.33,122.88,122.3,122.5,884.84K,2011-02-09 18:59:59-05:00
2011-02-10,122.42,122.42,122.98,122.29,122.61,910.58K,2011-02-10 18:59:59-05:00
2011-02-11,122.78,122.78,123.01,122.46,122.47,785.16K,2011-02-11 18:59:59-05:00
2011-02-14,122.67,122.67,122.88,122.42,122.5,649.91K,2011-02-14 18:59:59-05:00
2011-02-15,122.68,122.68,122.8,122.34,122.51,833.16K,2011-02-15 18:59:59-05:00
2011-02-16,123.07,123.07,123.44,122.64,122.65,1.08M,2011-02-16 18:59:59-05:00
2011-02-17,123.75,123.75,123.84,123.13,123.24,853.07K,2011-02-17 18:59:59-05:00
2011-02-18,123.09,123.09,123.89,123.0,123.73,869.04K,2011-02-18 18:59:59-05:00
2011-02-21,123.75,123.75,123.85,123.27,123.32,520.47K,2011-02-21 18:59:59-05:00
2011-02-22,124.13,124.13,124.36,123.89,123.95,968.02K,2011-02-22 18:59:59-05:00
2011-02-23,124.28,124.28,124.45,123.99,124.15,782.83K,2011-02-23 18:59:59-05:00
2011-02-24,124.41,124.41,124.6,124.16,124.28,828.50K,2011-02-24 18:59:59-05:00
2011-02-25,124.32,124.32,124.39,123.98,124.3,675.57K,2011-02-25 18:59:59-05:00
2011-02-28,124.12,124.12,124.52,123.96,124.4,752.08K,2011-02-28 18:59:59-05:00
2011-03-01,124.06,124.06,124.32,123.79,124.05,1.31M,2011-03-01 18:59:59-05:00
2011-03-02,123.87,123.87,124.49,123.68,124.37,991.28K,2011-03-02 18:59:59-05:00
2011-03-03,122.87,122.87,123.67,122.66,123.64,1.59M,2011-03-03 18:59:59-05:00
2011-03-04,123.15,123.15,123.33,122.56,122.65,1.35M,2011-03-04 18:59:59-05:00
2011-03-07,123.03,123.03,123.32,122.72,123.31,629.25K,2011-03-07 18:59:59-05:00
2011-03-08,123.05,123.05,123.15,122.92,123.06,30.05K,2011-03-08 18:59:59-05:00
2011-03-09,121.59,121.59,121.76,121.42,121.45,694.13K,2011-03-09 18:59:59-05:00
2011-03-10,122.03,122.03,122.26,121.73,121.81,965.68K,2011-03-10 18:59:59-05:00
2011-03-11,122.36,122.36,122.63,122.18,122.23,953.59K,2011-03-11 18:59:59-05:00
2011-03-14,122.19,122.19,122.53,121.7,122.39,967.42K,2011-03-14 19:59:59-04:00
2011-03-15,123.02,123.02,123.69,122.82,122.88,1.35M,2011-03-15 19:59:59-04:00
2011-03-16,123.65,123.65,123.92,122.66,122.83,1.26M,2011-03-16 19:59:59-04:00
2011-03-17,122.83,122.83,123.6,122.72,123.57,1.13M,2011-03-17 19:59:59-04:00
2011-03-18,122.63,122.63,123.21,122.53,122.78,881.71K,2011-03-18 19:59:59-04:00
2011-03-21,122.17,122.17,122.55,122.09,122.5,702.62K,2011-03-21 19:59:59-04:00
2011-03-22,122.02,122.02,122.24,121.79,122.18,881.69K,2011-03-22 19:59:59-04:00
2011-03-23,122.3,122.3,122.56,122.05,122.14,1.12M,2011-03-23 19:59:59-04:00
2011-03-24,122.2,122.2,122.74,122.01,122.48,860.76K,2011-03-24 19:59:59-04:00
2011-03-25,122.03,122.03,122.17,121.72,121.96,681.80K,2011-03-25 19:59:59-04:00
2011-03-28,121.69,121.69,121.89,121.46,121.67,684.09K,2011-03-28 19:59:59-04:00
2011-03-29,121.5,121.5,121.86,121.21,121.8,772.11K,2011-03-29 19:59:59-04:00
2011-03-30,121.43,121.43,121.49,121.16,121.17,706.37K,2011-03-30 19:59:59-04:00
2011-03-31,121.28,121.28,121.61,121.06,121.5,1.04M,2011-03-31 19:59:59-04:00
2011-04-01,121.0,121.0,121.16,120.73,121.1,888.94K,2011-04-01 19:59:59-04:00
2011-04-04,121.17,121.17,121.2,120.84,121.11,578.86K,2011-04-04 19:59:59-04:00
2011-04-05,120.93,120.93,121.23,120.82,120.98,742.12K,2011-04-05 19:59:59-04:00
2011-04-06,120.62,120.62,120.96,120.51,120.8,873.77K,2011-04-06 19:59:59-04:00
2011-04-07,120.71,120.71,120.82,120.3,120.55,1.07M,2011-04-07 19:59:59-04:00
2011-04-08,120.04,120.04,120.56,119.95,120.47,839.73K,2011-04-08 19:59:59-04:00
2011-04-11,119.9,119.9,120.17,119.86,120.0,577.38K,2011-04-11 19:59:59-04:00
2011-04-12,120.46,120.46,120.57,120.08,120.1,932.36K,2011-04-12 19:59:59-04:00
2011-04-13,120.47,120.47,120.8,120.2,120.35,866.97K,2011-04-13 19:59:59-04:00
2011-04-14,120.69,120.69,121.11,120.57,120.68,1.05M,2011-04-14 19:59:59-04:00
2011-04-15,121.2,121.2,121.25,120.59,120.69,885.36K,2011-04-15 19:59:59-04:00
2011-04-18,122.45,122.45,122.6,121.13,121.24,1.28M,2011-04-18 19:59:59-04:00
2011-04-19,122.17,122.17,122.65,121.85,122.65,1.03M,2011-04-19 19:59:59-04:00
2011-04-20,121.94,121.94,122.07,121.67,122.0,867.76K,2011-04-20 19:59:59-04:00
2011-04-21,122.31,122.31,122.4,121.67,121.74,782.30K,2011-04-21 19:59:59-04:00
2011-04-26,122.51,122.51,122.58,122.24,122.43,477.18K,2011-04-26 19:59:59-04:00
2011-04-27,121.99,121.99,122.55,121.89,122.52,785.50K,2011-04-27 19:59:59-04:00
2011-04-28,122.67,122.67,122.79,122.12,122.27,823.61K,2011-04-28 19:59:59-04:00
2011-04-29,122.92,122.92,122.98,122.48,122.59,371.52K,2011-04-29 19:59:59-04:00
2011-05-02,122.82,122.82,122.94,122.51,122.84,276.90K,2011-05-02 19:59:59-04:00
2011-05-03,122.64,122.64,122.96,122.55,122.96,744.57K,2011-05-03 19:59:59-04:00
2011-05-04,122.48,122.48,122.82,122.15,122.8,1.07M,2011-05-04 19:59:59-04:00
2011-05-05,123.07,123.07,123.39,122.07,122.3,1.30M,2011-05-05 19:59:59-04:00
2011-05-06,123.44,123.44,123.95,123.0,123.16,1.24M,2011-05-06 19:59:59-04:00
2011-05-09,124.28,124.28,124.44,123.55,123.68,1.09M,2011-05-09 19:59:59-04:00
2011-05-10,124.01,124.01,124.23,123.86,124.18,1.05M,2011-05-10 19:59:59-04:00
2011-05-11,123.93,123.93,124.32,123.58,123.85,1.06M,2011-05-11 19:59:59-04:00
2011-05-12,124.3,124.3,124.49,123.9,124.21,1.04M,2011-05-12 19:59:59-04:00
2011-05-13,124.42,124.42,124.63,123.82,123.99,955.85K,2011-05-13 19:59:59-04:00
2011-05-16,124.13,124.13,124.62,124.03,124.57,810.53K,2011-05-16 19:59:59-04:00
2011-05-17,124.42,124.42,124.48,123.87,124.2,1.07M,2011-05-17 19:59:59-04:00
2011-05-18,124.31,124.31,124.5,124.05,124.26,865.10K,2011-05-18 19:59:59-04:00
2011-05-19,124.13,124.13,124.23,123.73,124.05,1.02M,2011-05-19 19:59:59-04:00
2011-05-20,124.76,124.76,124.83,124.12,124.21,1.00M,2011-05-20 19:59:59-04:00
2011-05-23,125.18,125.18,125.33,124.87,124.93,939.45K,2011-05-23 19:59:59-04:00
2011-05-24,124.73,124.73,125.17,124.71,125.11,965.41K,2011-05-24 19:59:59-04:00
2011-05-25,125.01,125.01,125.23,124.86,125.12,1.12M,2011-05-25 19:59:59-04:00
2011-05-26,125.51,125.51,125.59,124.74,124.8,1.08M,2011-05-26 19:59:59-04:00
2011-05-27,125.64,125.64,125.79,125.33,125.59,961.96K,2011-05-27 19:59:59-04:00
2011-05-30,125.69,125.69,125.77,125.51,125.68,151.64K,2011-05-30 19:59:59-04:00
2011-05-31,125.35,125.35,125.5,125.02,125.41,1.12M,2011-05-31 19:59:59-04:00
2011-06-01,125.67,125.67,125.89,124.96,125.15,1.35M,2011-06-01 19:59:59-04:00
2011-06-02,125.72,125.72,125.98,125.31,125.76,1.00M,2011-06-02 19:59:59-04:00
2011-06-03,125.22,125.22,126.04,125.03,125.48,1.53M,2011-06-03 19:59:59-04:00
2011-06-06,125.44,125.44,125.7,125.2,125.22,1.46M,2011-06-06 19:59:59-04:00
2011-06-07,124.87,124.87,125.57,124.77,125.52,788.94K,2011-06-07 19:59:59-04:00
2011-06-08,125.3,125.3,125.31,125.0,125.04,55.55K,2011-06-08 19:59:59-04:00
2011-06-09,125.18,125.18,125.44,124.7,124.93,1.04M,2011-06-09 19:59:59-04:00
2011-06-10,125.88,125.88,126.0,125.15,125.16,920.97K,2011-06-10 19:59:59-04:00
2011-06-13,125.94,125.94,126.11,125.76,125.88,599.47K,2011-06-13 19:59:59-04:00
2011-06-14,125.41,125.41,125.94,125.32,125.8,970.05K,2011-06-14 19:59:59-04:00
2011-06-15,125.95,125.95,126.35,125.47,125.61,1.07M,2011-06-15 19:59:59-04:00
2011-06-16,126.48,126.48,126.62,126.13,126.44,1.50M,2011-06-16 19:59:59-04:00
2011-06-17,126.07,126.07,126.56,125.93,126.49,1.15M,2011-06-17 19:59:59-04:00
2011-06-20,126.15,126.15,126.59,125.98,126.3,836.46K,2011-06-20 19:59:59-04:00
2011-06-21,125.89,125.89,126.24,125.73,126.06,859.76K,2011-06-21 19:59:59-04:00
2011-06-22,126.21,126.21,126.38,125.7,125.78,1.05M,2011-06-22 19:59:59-04:00
2011-06-23,127.19,127.19,127.22,126.18,126.2,1.17M,2011-06-23 19:59:59-04:00
2011-06-24,127.45,127.45,127.54,126.73,126.88,964.51K,2011-06-24 19:59:59-04:00
2011-06-27,126.9,126.9,127.57,126.78,127.55,863.97K,2011-06-27 19:59:59-04:00
2011-06-28,126.56,126.56,127.07,126.16,126.97,1.12M,2011-06-28 19:59:59-04:00
2011-06-29,125.9,125.9,126.33,125.6,126.27,1.31M,2011-06-29 19:59:59-04:00
2011-06-30,125.48,125.48,126.08,125.26,125.81,1.15M,2011-06-30 19:59:59-04:00
2011-07-01,125.42,125.42,125.82,125.22,125.6,1.02M,2011-07-01 19:59:59-04:00
2011-07-04,125.48,125.48,125.77,125.42,125.58,425.53K,2011-07-04 19:59:59-04:00
2011-07-05,125.62,125.62,125.98,125.41,125.62,818.88K,2011-07-05 19:59:59-04:00
2011-07-06,126.52,126.52,126.64,125.64,125.71,1.26M,2011-07-06 19:59:59-04:00
2011-07-07,125.96,125.96,126.53,125.79,126.17,1.23M,2011-07-07 19:59:59-04:00
2011-07-08,127.45,127.45,127.5,125.85,126.03,1.17M,2011-07-08 19:59:59-04:00
2011-07-11,129.14,129.14,129.36,127.36,127.5,1.42M,2011-07-11 19:59:59-04:00
2011-07-12,128.89,128.89,130.91,128.59,129.27,1.78M,2011-07-12 19:59:59-04:00
2011-07-13,128.35,128.35,129.31,128.21,129.09,1.31M,2011-07-13 19:59:59-04:00
2011-07-14,128.42,128.42,128.87,128.19,128.59,865.22K,2011-07-14 19:59:59-04:00
2011-07-15,128.99,128.99,129.29,128.43,128.5,732.70K,2011-07-15 19:59:59-04:00
2011-07-18,129.44,129.44,129.74,129.01,129.02,694.30K,2011-07-18 19:59:59-04:00
2011-07-19,129.05,129.05,129.53,128.62,129.4,900.33K,2011-07-19 19:59:59-04:00
2011-07-20,128.14,128.14,129.07,128.08,129.05,923.86K,2011-07-20 19:59:59-04:00
2011-07-21,127.01,127.01,128.24,126.88,127.97,1.23M,2011-07-21 19:59:59-04:00
2011-07-22,127.69,127.69,127.82,126.39,127.0,1.10M,2011-07-22 19:59:59-04:00
2011-07-25,128.26,128.26,128.45,127.56,127.62,681.04K,2011-07-25 19:59:59-04:00
2011-07-26,128.34,128.34,128.55,127.76,128.0,831.13K,2011-07-26 19:59:59-04:00
2011-07-27,129.37,129.37,129.48,128.31,128.38,909.58K,2011-07-27 19:59:59-04:00
2011-07-28,129.43,129.43,129.87,129.13,129.35,918.66K,2011-07-28 19:59:59-04:00
2011-07-29,130.36,130.36,130.7,129.66,129.86,1.02M,2011-07-29 19:59:59-04:00
2011-08-01,131.17,131.17,131.37,129.89,130.05,894.45K,2011-08-01 19:59:59-04:00
2011-08-02,131.82,131.82,132.24,131.18,131.27,1.06M,2011-08-02 19:59:59-04:00
2011-08-03,131.81,131.81,132.63,131.43,132.18,1.05M,2011-08-03 19:59:59-04:00
2011-08-04,132.79,132.79,133.28,131.27,131.55,1.34M,2011-08-04 19:59:59-04:00
2011-08-05,132.36,132.36,133.77,130.52,133.16,1.42M,2011-08-05 19:59:59-04:00
2011-08-08,133.08,133.08,133.7,130.57,131.6,1.22M,2011-08-08 19:59:59-04:00
2011-08-09,132.41,132.41,133.96,132.22,133.25,1.02M,2011-08-09 19:59:59-04:00
2011-08-10,134.1,134.1,134.54,132.64,133.1,1.00M,2011-08-10 19:59:59-04:00
2011-08-11,133.3,133.3,134.54,132.78,133.75,1.14M,2011-08-11 19:59:59-04:00
2011-08-12,132.96,132.96,133.81,132.51,133.5,802.97K,2011-08-12 19:59:59-04:00
2011-08-15,132.93,132.93,133.14,132.47,132.8,374.89K,2011-08-15 19:59:59-04:00
2011-08-16,133.11,133.11,133.79,132.52,132.87,655.88K,2011-08-16 19:59:59-04:00
2011-08-17,133.92,133.92,134.37,133.36,133.53,692.66K,2011-08-17 19:59:59-04:00
2011-08-18,135.75,135.75,136.26,134.29,134.32,1.02M,2011-08-18 19:59:59-04:00
2011-08-19,135.31,135.31,136.18,135.02,135.88,868.80K,2011-08-19 19:59:59-04:00
2011-08-22,135.18,135.18,135.84,134.74,135.37,597.74K,2011-08-22 19:59:59-04:00
2011-08-23,135.28,135.28,135.47,134.63,135.13,746.45K,2011-08-23 19:59:59-04:00
2011-08-24,134.54,134.54,135.33,134.25,135.16,883.81K,2011-08-24 19:59:59-04:00
2011-08-25,134.84,134.84,135.01,133.88,134.45,889.22K,2011-08-25 19:59:59-04:00
2011-08-26,135.21,135.21,135.84,134.67,134.77,685.61K,2011-08-26 19:59:59-04:00
2011-08-29,134.39,134.39,135.16,134.18,134.81,325.83K,2011-08-29 19:59:59-04:00
2011-08-30,135.28,135.28,135.61,134.31,134.52,697.97K,2011-08-30 19:59:59-04:00
2011-08-31,134.56,134.56,135.29,134.3,135.14,876.16K,2011-08-31 19:59:59-04:00
2011-09-01,135.3,135.3,135.54,134.22,134.25,1.11M,2011-09-01 19:59:59-04:00
2011-09-02,136.64,136.64,136.97,135.51,135.53,964.83K,2011-09-02 19:59:59-04:00
2011-09-05,138.32,138.32,138.74,136.9,137.0,996.45K,2011-09-05 19:59:59-04:00
2011-09-06,138.61,138.61,138.86,137.65,138.57,1.62M,2011-09-06 19:59:59-04:00
2011-09-07,137.8,137.8,138.27,137.53,137.94,503.41K,2011-09-07 19:59:59-04:00
2011-09-08,138.16,138.16,138.21,137.88,138.06,20.15K,2011-09-08 19:59:59-04:00
2011-09-09,137.77,137.77,138.23,136.56,136.7,847.95K,2011-09-09 19:59:59-04:00
2011-09-12,138.24,138.24,138.61,137.95,138.05,781.48K,2011-09-12 19:59:59-04:00
2011-09-13,137.73,137.73,138.91,137.46,138.1,1.08M,2011-09-13 19:59:59-04:00
2011-09-14,136.87,136.87,138.26,136.53,137.99,1.15M,2011-09-14 19:59:59-04:00
2011-09-15,135.99,135.99,136.94,135.12,136.81,1.11M,2011-09-15 19:59:59-04:00
2011-09-16,136.65,136.65,136.83,135.69,136.13,876.10K,2011-09-16 19:59:59-04:00
2011-09-19,137.43,137.43,137.73,137.05,137.16,586.44K,2011-09-19 19:59:59-04:00
2011-09-20,137.44,137.44,138.14,137.2,137.77,807.23K,2011-09-20 19:59:59-04:00
2011-09-21,137.8,137.8,137.94,137.17,137.55,797.82K,2011-09-21 19:59:59-04:00
2011-09-22,138.56,138.56,139.07,138.22,138.25,1.03M,2011-09-22 19:59:59-04:00
2011-09-23,138.12,138.12,139.19,137.48,138.77,898.13K,2011-09-23 19:59:59-04:00
2011-09-26,137.27,137.27,138.39,136.85,137.95,943.98K,2011-09-26 19:59:59-04:00
2011-09-27,135.88,135.88,136.75,135.53,136.75,1.16M,2011-09-27 19:59:59-04:00
2011-09-28,135.66,135.66,136.29,135.01,136.13,1.05M,2011-09-28 19:59:59-04:00
2011-09-29,135.25,135.25,136.04,135.17,135.56,784.53K,2011-09-29 19:59:59-04:00
2011-09-30,136.49,136.49,136.8,135.48,135.65,879.92K,2011-09-30 19:59:59-04:00
2011-10-03,137.44,137.44,138.1,136.83,136.88,619.66K,2011-10-03 19:59:59-04:00
2011-10-04,138.24,138.24,138.8,137.85,137.91,974.22K,2011-10-04 19:59:59-04:00
2011-10-05,137.06,137.06,138.28,136.81,138.0,956.61K,2011-10-05 19:59:59-04:00
2011-10-06,135.88,135.88,137.33,135.81,136.99,1.13M,2011-10-06 19:59:59-04:00
2011-10-07,135.41,135.41,136.25,135.08,135.87,775.30K,2011-10-07 19:59:59-04:00
2011-10-10,134.62,134.62,135.8,134.4,135.68,633.07K,2011-10-10 19:59:59-04:00
2011-10-11,134.55,134.55,134.99,134.4,134.75,694.80K,2011-10-11 19:59:59-04:00
2011-10-12,133.56,133.56,134.86,133.15,134.73,928.18K,2011-10-12 19:59:59-04:00
2011-10-13,134.39,134.39,134.75,133.21,133.57,987.60K,2011-10-13 19:59:59-04:00
2011-10-14,133.4,133.4,134.55,133.29,134.14,926.65K,2011-10-14 19:59:59-04:00
2011-10-17,134.62,134.62,134.97,132.94,133.29,895.36K,2011-10-17 19:59:59-04:00
2011-10-18,135.58,135.58,135.85,134.8,134.8,971.32K,2011-10-18 19:59:59-04:00
2011-10-19,135.09,135.09,135.45,134.32,135.12,954.40K,2011-10-19 19:59:59-04:00
2011-10-20,135.43,135.43,135.94,134.62,135.48,985.38K,2011-10-20 19:59:59-04:00
2011-10-21,134.67,134.67,135.8,134.52,135.28,742.62K,2011-10-21 19:59:59-04:00
2011-10-24,134.77,134.77,135.53,134.42,134.44,682.64K,2011-10-24 19:59:59-04:00
2011-10-25,135.26,135.26,135.39,134.14,134.8,966.44K,2011-10-25 19:59:59-04:00
2011-10-26,135.62,135.62,136.04,134.72,135.33,901.42K,2011-10-26 19:59:59-04:00
2011-10-27,133.71,133.71,134.78,133.15,134.55,1.04M,2011-10-27 19:59:59-04:00
2011-10-28,133.67,133.67,134.04,132.89,133.4,839.67K,2011-10-28 19:59:59-04:00
2011-10-31,135.47,135.47,136.68,133.98,134.09,833.07K,2011-10-31 19:59:59-04:00
2011-11-01,138.15,138.15,138.54,136.81,137.0,1.04M,2011-11-01 19:59:59-04:00
2011-11-02,137.57,137.57,138.0,137.16,137.9,803.81K,2011-11-02 19:59:59-04:00
2011-11-03,136.87,136.87,138.36,136.44,138.09,1.01M,2011-11-03 19:59:59-04:00
2011-11-04,137.6,137.6,137.96,136.35,136.52,741.45K,2011-11-04 19:59:59-04:00
2011-11-07,137.91,137.91,138.5,137.52,137.69,686.45K,2011-11-07 18:59:59-05:00
2011-11-08,138.03,138.03,138.24,137.06,137.99,734.32K,2011-11-08 18:59:59-05:00
2011-11-09,138.81,138.81,139.32,137.08,137.19,1.00M,2011-11-09 18:59:59-05:00
2011-11-10,138.55,138.55,139.58,137.9,139.5,862.38K,2011-11-10 18:59:59-05:00
2011-11-11,137.26,137.26,138.43,136.92,138.35,548.66K,2011-11-11 18:59:59-05:00
2011-11-14,138.26,138.26,138.7,137.03,137.28,667.55K,2011-11-14 18:59:59-05:00
2011-11-15,138.71,138.71,139.07,138.23,138.6,759.03K,2011-11-15 18:59:59-05:00
2011-11-16,138.15,138.15,139.0,137.92,138.91,828.77K,2011-11-16 18:59:59-05:00
2011-11-17,137.32,137.32,138.79,137.19,138.23,933.17K,2011-11-17 18:59:59-05:00
2011-11-18,136.5,136.5,138.03,136.19,138.0,812.65K,2011-11-18 18:59:59-05:00
2011-11-21,137.15,137.15,137.7,136.68,136.84,599.26K,2011-11-21 18:59:59-05:00
2011-11-22,137.25,137.25,137.48,136.73,137.15,693.89K,2011-11-22 18:59:59-05:00
2011-11-23,135.81,135.81,137.79,135.27,137.5,1.05M,2011-11-23 18:59:59-05:00
2011-11-24,135.05,135.05,135.46,134.36,135.42,628.46K,2011-11-24 18:59:59-05:00
2011-11-25,134.12,134.12,135.4,134.06,134.8,561.24K,2011-11-25 18:59:59-05:00
2011-11-28,133.88,133.88,134.52,133.36,134.03,642.88K,2011-11-28 18:59:59-05:00
2011-11-29,133.39,133.39,134.37,132.99,133.94,823.33K,2011-11-29 18:59:59-05:00
2011-11-30,133.82,133.82,134.5,133.36,133.89,1.00M,2011-11-30 18:59:59-05:00
2011-12-01,134.88,134.88,135.21,133.56,133.67,874.83K,2011-12-01 18:59:59-05:00
2011-12-02,135.51,135.51,135.62,134.53,134.9,717.74K,2011-12-02 18:59:59-05:00
2011-12-05,134.82,134.82,135.4,134.06,135.35,1.01M,2011-12-05 18:59:59-05:00
2011-12-06,134.78,134.78,134.98,134.04,134.37,1.16M,2011-12-06 18:59:59-05:00
2011-12-07,135.51,135.51,135.92,134.32,134.65,421.00K,2011-12-07 18:59:59-05:00
2011-12-08,135.56,135.56,135.73,135.23,135.52,30.55K,2011-12-08 18:59:59-05:00
2011-12-09,135.37,135.37,137.12,135.3,137.1,514.03K,2011-12-09 18:59:59-05:00
2011-12-12,136.54,136.54,136.83,135.22,135.22,426.28K,2011-12-12 18:59:59-05:00
2011-12-13,136.61,136.61,136.91,135.97,136.62,459.09K,2011-12-13 18:59:59-05:00
2011-12-14,137.86,137.86,138.08,136.61,136.76,505.61K,2011-12-14 18:59:59-05:00
2011-12-15,137.63,137.63,138.21,137.43,138.18,455.73K,2011-12-15 18:59:59-05:00
2011-12-16,138.58,138.58,138.86,137.6,137.77,355.50K,2011-12-16 18:59:59-05:00
2011-12-19,138.39,138.39,138.69,138.08,138.65,235.89K,2011-12-19 18:59:59-05:00
2011-12-20,137.5,137.5,138.36,137.39,138.23,298.11K,2011-12-20 18:59:59-05:00
2011-12-21,137.83,137.83,138.08,136.69,137.51,401.96K,2011-12-21 18:59:59-05:00
2011-12-22,137.83,137.83,137.9,137.15,137.77,255.29K,2011-12-22 18:59:59-05:00
2011-12-23,137.55,137.55,137.94,137.45,137.58,99.83K,2011-12-23 18:59:59-05:00
2011-12-27,137.98,137.98,138.62,137.5,137.97,90.89K,2011-12-27 18:59:59-05:00
2011-12-28,138.21,138.21,138.5,137.74,138.19,132.56K,2011-12-28 18:59:59-05:00
2011-12-29,138.92,138.92,138.96,138.13,138.45,164.89K,2011-12-29 18:59:59-05:00
2011-12-30,139.04,139.04,139.13,138.6,138.86,115.00K,2011-12-30 18:59:59-05:00
2012-01-02,138.19,138.19,139.32,138.09,139.3,91.30K,2012-01-02 18:59:59-05:00
2012-01-03,138.29,138.29,138.48,137.79,138.34,377.51K,2012-01-03 18:59:59-05:00
2012-01-04,138.09,138.09,138.48,137.77,138.2,565.75K,2012-01-04 18:59:59-05:00
2012-01-05,138.79,138.79,138.98,137.7,137.94,621.71K,2012-01-05 18:59:59-05:00
2012-01-06,138.84,138.84,139.0,138.28,138.62,420.62K,2012-01-06 18:59:59-05:00
2012-01-09,139.1,139.1,139.12,138.49,139.03,346.76K,2012-01-09 18:59:59-05:00
2012-01-10,138.72,138.72,139.05,138.43,138.81,501.92K,2012-01-10 18:59:59-05:00
2012-01-11,139.35,139.35,139.44,138.5,138.73,622.24K,2012-01-11 18:59:59-05:00
2012-01-12,139.16,139.16,139.44,138.95,139.23,581.70K,2012-01-12 18:59:59-05:00
2012-01-13,139.94,139.94,140.23,138.73,139.01,821.03K,2012-01-13 18:59:59-05:00
2012-01-16,139.86,139.86,140.16,139.7,140.14,294.43K,2012-01-16 18:59:59-05:00
2012-01-17,139.68,139.68,139.88,139.24,139.72,630.86K,2012-01-17 18:59:59-05:00
2012-01-18,139.87,139.87,140.01,139.38,139.73,623.98K,2012-01-18 18:59:59-05:00
2012-01-19,138.96,138.96,139.75,138.84,139.62,709.88K,2012-01-19 18:59:59-05:00
2012-01-20,138.12,138.12,138.99,137.86,138.89,785.42K,2012-01-20 18:59:59-05:00
2012-01-23,137.44,137.44,138.45,137.25,138.19,698.21K,2012-01-23 18:59:59-05:00
2012-01-24,137.3,137.3,137.9,137.18,137.52,793.11K,2012-01-24 18:59:59-05:00
2012-01-25,137.82,137.82,138.41,137.18,137.32,755.93K,2012-01-25 18:59:59-05:00
2012-01-26,138.69,138.69,138.92,137.88,138.07,705.11K,2012-01-26 18:59:59-05:00
2012-01-27,138.89,138.89,139.26,138.52,138.8,637.80K,2012-01-27 18:59:59-05:00
2012-01-30,139.67,139.67,139.77,139.11,139.25,503.53K,2012-01-30 18:59:59-05:00
2012-01-31,139.72,139.72,139.89,139.08,139.59,717.06K,2012-01-31 18:59:59-05:00
2012-02-01,139.24,139.24,139.77,138.99,139.75,703.18K,2012-02-01 18:59:59-05:00
2012-02-02,139.08,139.08,139.79,138.88,139.04,759.51K,2012-02-02 18:59:59-05:00
2012-02-03,138.32,138.32,139.59,138.13,139.34,730.11K,2012-02-03 18:59:59-05:00
2012-02-06,138.63,138.63,139.14,138.44,138.47,555.46K,2012-02-06 18:59:59-05:00
2012-02-07,137.95,137.95,139.13,137.83,138.83,812.77K,2012-02-07 18:59:59-05:00
2012-02-08,137.84,137.84,137.96,137.5,137.78,623.17K,2012-02-08 18:59:59-05:00
2012-02-09,137.1,137.1,137.96,136.93,137.65,833.20K,2012-02-09 18:59:59-05:00
2012-02-10,138.23,138.23,138.78,137.36,137.46,722.64K,2012-02-10 18:59:59-05:00
2012-02-13,138.23,138.23,138.42,137.64,138.09,520.05K,2012-02-13 18:59:59-05:00
2012-02-14,138.52,138.52,138.75,137.89,138.49,739.11K,2012-02-14 18:59:59-05:00
2012-02-15,139.09,139.09,139.3,138.15,138.31,733.83K,2012-02-15 18:59:59-05:00
2012-02-16,139.03,139.03,139.59,138.63,139.42,821.83K,2012-02-16 18:59:59-05:00
2012-02-17,138.42,138.42,138.86,138.18,138.79,551.82K,2012-02-17 18:59:59-05:00
2012-02-20,137.97,137.97,138.38,137.85,138.18,344.47K,2012-02-20 18:59:59-05:00
2012-02-21,137.96,137.96,138.3,137.7,137.88,623.29K,2012-02-21 18:59:59-05:00
2012-02-22,138.53,138.53,139.02,137.72,137.85,713.17K,2012-02-22 18:59:59-05:00
2012-02-23,139.02,139.02,139.18,138.51,138.76,652.78K,2012-02-23 18:59:59-05:00
2012-02-24,139.03,139.03,139.17,138.81,138.99,485.22K,2012-02-24 18:59:59-05:00
2012-02-27,139.74,139.74,139.95,138.81,139.12,812.05K,2012-02-27 18:59:59-05:00
2012-02-28,140.06,140.06,140.2,139.52,139.61,725.69K,2012-02-28 18:59:59-05:00
2012-02-29,139.89,139.89,140.28,139.48,139.93,910.76K,2012-02-29 18:59:59-05:00
2012-03-01,139.3,139.3,140.03,139.13,139.85,794.68K,2012-03-01 18:59:59-05:00
2012-03-02,140.06,140.06,140.16,139.39,139.5,657.59K,2012-03-02 18:59:59-05:00
2012-03-05,139.83,139.83,140.39,139.71,139.91,946.50K,2012-03-05 18:59:59-05:00
2012-03-06,140.27,140.27,140.48,139.92,139.98,1.28M,2012-03-06 18:59:59-05:00
2012-03-07,140.27,140.27,140.52,140.1,140.22,718.87K,2012-03-07 18:59:59-05:00
2012-03-08,140.0,140.0,140.29,139.84,140.22,56.13K,2012-03-08 18:59:59-05:00
2012-03-09,138.48,138.48,138.58,138.14,138.28,492.41K,2012-03-09 18:59:59-05:00
2012-03-12,138.87,138.87,139.06,138.5,138.6,431.95K,2012-03-12 19:59:59-04:00
2012-03-13,138.23,138.23,138.77,137.75,138.68,659.67K,2012-03-13 19:59:59-04:00
2012-03-14,136.8,136.8,137.67,136.53,137.61,948.37K,2012-03-14 19:59:59-04:00
2012-03-15,136.48,136.48,136.86,136.26,136.35,856.52K,2012-03-15 19:59:59-04:00
2012-03-16,135.46,135.46,136.56,135.27,136.39,920.15K,2012-03-16 19:59:59-04:00
2012-03-19,135.6,135.6,136.04,135.27,135.56,652.86K,2012-03-19 19:59:59-04:00
2012-03-20,135.64,135.64,135.89,135.45,135.51,663.88K,2012-03-20 19:59:59-04:00
2012-03-21,136.33,136.33,136.51,135.3,135.56,879.76K,2012-03-21 19:59:59-04:00
2012-03-22,137.09,137.09,137.26,136.32,136.43,899.25K,2012-03-22 19:59:59-04:00
2012-03-23,137.39,137.39,137.7,136.87,137.0,794.88K,2012-03-23 19:59:59-04:00
2012-03-26,136.74,136.74,137.59,136.59,137.46,681.10K,2012-03-26 19:59:59-04:00
2012-03-27,137.31,137.31,137.55,136.63,136.85,729.97K,2012-03-27 19:59:59-04:00
2012-03-28,137.86,137.86,138.06,137.12,137.45,693.69K,2012-03-28 19:59:59-04:00
2012-03-29,138.31,138.31,138.43,137.73,137.88,668.61K,2012-03-29 19:59:59-04:00
2012-03-30,138.49,138.49,138.58,138.02,138.44,626.97K,2012-03-30 19:59:59-04:00
2012-04-02,138.42,138.42,138.55,137.72,137.89,684.91K,2012-04-02 19:59:59-04:00
2012-04-03,138.29,138.29,138.5,137.6,138.26,585.97K,2012-04-03 19:59:59-04:00
2012-04-04,138.42,138.42,138.74,137.8,137.84,822.18K,2012-04-04 19:59:59-04:00
2012-04-05,139.15,139.15,139.38,138.37,138.56,748.99K,2012-04-05 19:59:59-04:00
2012-04-10,140.32,140.32,140.44,139.45,139.9,792.74K,2012-04-10 19:59:59-04:00
2012-04-11,139.82,139.82,140.28,139.52,140.27,847.47K,2012-04-11 19:59:59-04:00
2012-04-12,139.67,139.67,140.05,139.49,139.83,746.03K,2012-04-12 19:59:59-04:00
2012-04-13,140.36,140.36,140.42,139.79,139.91,650.92K,2012-04-13 19:59:59-04:00
2012-04-16,140.39,140.39,140.56,140.09,140.39,621.47K,2012-04-16 19:59:59-04:00
2012-04-17,139.96,139.96,140.41,139.82,140.3,673.04K,2012-04-17 19:59:59-04:00
2012-04-18,140.36,140.36,140.49,139.82,139.98,746.56K,2012-04-18 19:59:59-04:00
2012-04-19,140.62,140.62,140.78,140.06,140.31,818.00K,2012-04-19 19:59:59-04:00
2012-04-20,140.38,140.38,140.86,140.21,140.58,675.75K,2012-04-20 19:59:59-04:00
2012-04-23,141.29,141.29,141.37,140.58,140.61,648.70K,2012-04-23 19:59:59-04:00
2012-04-24,140.62,140.62,141.19,140.49,141.14,832.02K,2012-04-24 19:59:59-04:00
2012-04-25,140.2,140.2,140.61,140.04,140.52,863.90K,2012-04-25 19:59:59-04:00
2012-04-26,140.92,140.92,141.07,140.2,140.39,800.94K,2012-04-26 19:59:59-04:00
2012-04-27,140.7,140.7,141.38,140.63,141.22,691.33K,2012-04-27 19:59:59-04:00
2012-04-30,141.09,141.09,141.21,140.59,140.7,524.92K,2012-04-30 19:59:59-04:00
2012-05-02,141.73,141.73,141.83,140.71,140.87,732.37K,2012-05-02 19:59:59-04:00
2012-05-03,141.71,141.71,141.82,141.26,141.7,651.49K,2012-05-03 19:59:59-04:00
2012-05-04,142.05,142.05,142.13,141.47,141.73,545.28K,2012-05-04 19:59:59-04:00
2012-05-07,141.82,141.82,142.44,141.77,142.32,294.54K,2012-05-07 19:59:59-04:00
2012-05-08,142.55,142.55,142.64,141.92,141.95,638.73K,2012-05-08 19:59:59-04:00
2012-05-09,142.8,142.8,143.03,142.41,142.49,719.25K,2012-05-09 19:59:59-04:00
2012-05-10,142.61,142.61,143.0,142.26,142.64,825.46K,2012-05-10 19:59:59-04:00
2012-05-11,142.77,142.77,143.09,142.49,142.87,618.80K,2012-05-11 19:59:59-04:00
2012-05-14,143.4,143.4,143.69,142.95,143.04,656.75K,2012-05-14 19:59:59-04:00
2012-05-15,143.45,143.45,143.53,142.89,143.39,879.02K,2012-05-15 19:59:59-04:00
2012-05-16,143.18,143.18,143.69,142.83,143.45,1.03M,2012-05-16 19:59:59-04:00
2012-05-17,143.67,143.67,144.03,143.1,143.18,681.88K,2012-05-17 19:59:59-04:00
2012-05-18,143.64,143.64,144.06,143.54,144.01,576.32K,2012-05-18 19:59:59-04:00
2012-05-21,143.57,143.57,143.69,143.17,143.41,614.86K,2012-05-21 19:59:59-04:00
2012-05-22,143.09,143.09,143.55,143.03,143.35,700.82K,2012-05-22 19:59:59-04:00
2012-05-23,144.06,144.06,144.28,143.35,143.57,859.78K,2012-05-23 19:59:59-04:00
2012-05-24,143.97,143.97,144.55,143.83,143.83,932.85K,2012-05-24 19:59:59-04:00
2012-05-25,144.23,144.23,144.39,143.63,144.02,683.16K,2012-05-25 19:59:59-04:00
2012-05-28,144.37,144.37,144.47,143.89,144.07,259.71K,2012-05-28 19:59:59-04:00
2012-05-29,144.3,144.3,144.58,144.02,144.22,743.94K,2012-05-29 19:59:59-04:00
2012-05-30,145.33,145.33,145.47,144.24,144.25,1.21M,2012-05-30 19:59:59-04:00
2012-05-31,146.03,146.03,146.08,144.97,145.34,1.15M,2012-05-31 19:59:59-04:00
2012-06-01,146.34,146.34,146.89,145.84,145.89,1.39M,2012-06-01 19:59:59-04:00
2012-06-04,145.78,145.78,146.33,145.63,146.31,755.35K,2012-06-04 19:59:59-04:00
2012-06-05,145.76,145.76,146.34,145.59,145.69,946.02K,2012-06-05 19:59:59-04:00
2012-06-06,144.66,144.66,145.72,144.31,145.5,580.00K,2012-06-06 19:59:59-04:00
2012-06-07,144.22,144.22,144.68,143.9,144.58,32.14K,2012-06-07 19:59:59-04:00
2012-06-08,143.53,143.53,144.18,143.26,143.41,859.68K,2012-06-08 19:59:59-04:00
2012-06-11,143.89,143.89,144.08,142.48,142.67,847.09K,2012-06-11 19:59:59-04:00
2012-06-12,142.48,142.48,143.97,141.75,143.92,1.18M,2012-06-12 19:59:59-04:00
2012-06-13,141.71,141.71,142.34,141.44,142.17,1.12M,2012-06-13 19:59:59-04:00
2012-06-14,141.83,141.83,142.43,141.53,141.99,965.64K,2012-06-14 19:59:59-04:00
2012-06-15,142.29,142.29,142.63,141.69,141.75,721.12K,2012-06-15 19:59:59-04:00
2012-06-18,142.64,142.64,143.09,141.14,141.59,834.09K,2012-06-18 19:59:59-04:00
2012-06-19,141.36,141.36,142.95,141.19,142.64,893.11K,2012-06-19 19:59:59-04:00
2012-06-20,140.49,140.49,141.46,140.17,141.42,996.57K,2012-06-20 19:59:59-04:00
2012-06-21,141.52,141.52,141.57,140.35,140.56,898.93K,2012-06-21 19:59:59-04:00
2012-06-22,140.88,140.88,141.73,140.52,141.4,734.85K,2012-06-22 19:59:59-04:00
2012-06-25,142.15,142.15,142.26,140.95,140.99,652.93K,2012-06-25 19:59:59-04:00
2012-06-26,141.7,141.7,142.11,141.24,142.0,826.15K,2012-06-26 19:59:59-04:00
2012-06-27,141.11,141.11,141.72,140.98,141.57,550.60K,2012-06-27 19:59:59-04:00
2012-06-28,141.71,141.71,142.01,141.11,141.28,689.93K,2012-06-28 19:59:59-04:00
2012-06-29,140.9,140.9,141.03,139.72,140.65,857.83K,2012-06-29 19:59:59-04:00
2012-07-02,141.68,141.68,141.78,140.68,140.9,663.22K,2012-07-02 19:59:59-04:00
2012-07-03,141.46,141.46,141.73,141.25,141.57,526.84K,2012-07-03 19:59:59-04:00
2012-07-04,142.32,142.32,142.44,141.38,141.43,434.18K,2012-07-04 19:59:59-04:00
2012-07-05,143.12,143.12,143.29,142.14,142.4,732.88K,2012-07-05 19:59:59-04:00
2012-07-06,143.94,143.94,144.02,143.15,143.2,593.55K,2012-07-06 19:59:59-04:00
2012-07-09,143.99,143.99,144.28,143.85,143.94,460.41K,2012-07-09 19:59:59-04:00
2012-07-10,144.11,144.11,144.24,143.66,144.13,580.72K,2012-07-10 19:59:59-04:00
2012-07-11,144.64,144.64,144.71,143.95,144.18,629.66K,2012-07-11 19:59:59-04:00
2012-07-12,144.84,144.84,145.01,144.57,144.62,484.18K,2012-07-12 19:59:59-04:00
2012-07-13,144.72,144.72,145.16,144.52,144.94,475.10K,2012-07-13 19:59:59-04:00
2012-07-16,145.04,145.04,145.3,144.67,144.88,417.81K,2012-07-16 19:59:59-04:00
2012-07-17,145.12,145.12,145.27,144.62,144.83,544.26K,2012-07-17 19:59:59-04:00
2012-07-18,145.34,145.34,145.5,144.83,145.06,491.48K,2012-07-18 19:59:59-04:00
2012-07-19,145.14,145.14,145.34,144.83,145.21,453.89K,2012-07-19 19:59:59-04:00
2012-07-20,145.77,145.77,145.88,145.12,145.2,440.04K,2012-07-20 19:59:59-04:00
2012-07-23,145.55,145.55,146.26,145.52,146.1,567.17K,2012-07-23 19:59:59-04:00
2012-07-24,145.03,145.03,145.49,144.51,145.45,871.89K,2012-07-24 19:59:59-04:00
2012-07-25,144.69,144.69,145.2,144.02,145.11,769.55K,2012-07-25 19:59:59-04:00
2012-07-26,144.01,144.01,145.11,143.77,144.66,798.91K,2012-07-26 19:59:59-04:00
2012-07-27,143.21,143.21,144.29,142.64,143.86,777.59K,2012-07-27 19:59:59-04:00
2012-07-30,143.39,143.39,143.66,142.99,143.08,581.01K,2012-07-30 19:59:59-04:00
2012-07-31,144.57,144.57,144.62,143.29,143.33,727.45K,2012-07-31 19:59:59-04:00
2012-08-01,143.5,143.5,144.5,143.23,144.5,685.08K,2012-08-01 19:59:59-04:00
2012-08-02,144.88,144.88,145.17,142.83,143.45,920.84K,2012-08-02 19:59:59-04:00
2012-08-03,142.95,142.95,144.96,142.68,144.85,804.09K,2012-08-03 19:59:59-04:00
2012-08-06,143.2,143.2,143.64,142.81,142.95,453.05K,2012-08-06 19:59:59-04:00
2012-08-07,142.33,142.33,143.36,142.17,143.08,632.30K,2012-08-07 19:59:59-04:00
2012-08-08,142.75,142.75,143.18,142.35,142.36,621.59K,2012-08-08 19:59:59-04:00
2012-08-09,142.56,142.56,143.16,142.36,142.63,537.87K,2012-08-09 19:59:59-04:00
2012-08-10,143.4,143.4,143.66,142.94,143.04,445.51K,2012-08-10 19:59:59-04:00
2012-08-13,143.18,143.18,143.58,142.61,143.33,435.99K,2012-08-13 19:59:59-04:00
2012-08-14,142.43,142.43,143.08,142.28,143.0,516.86K,2012-08-14 19:59:59-04:00
2012-08-15,141.41,141.41,142.45,141.33,142.38,594.26K,2012-08-15 19:59:59-04:00
2012-08-16,141.78,141.78,141.89,140.78,141.05,628.23K,2012-08-16 19:59:59-04:00
2012-08-17,142.12,142.12,142.22,141.45,141.73,425.40K,2012-08-17 19:59:59-04:00
2012-08-20,142.0,142.0,142.17,141.14,141.85,573.86K,2012-08-20 19:59:59-04:00
2012-08-21,141.38,141.38,141.99,141.27,141.95,577.16K,2012-08-21 19:59:59-04:00
2012-08-22,142.61,142.61,142.88,141.63,142.02,660.83K,2012-08-22 19:59:59-04:00
2012-08-23,143.5,143.5,143.72,142.7,142.74,776.53K,2012-08-23 19:59:59-04:00
2012-08-24,144.0,144.0,144.13,143.42,143.51,611.65K,2012-08-24 19:59:59-04:00
2012-08-27,143.8,143.8,143.99,143.55,143.89,215.01K,2012-08-27 19:59:59-04:00
2012-08-28,143.96,143.96,144.06,143.62,143.9,515.21K,2012-08-28 19:59:59-04:00
2012-08-29,143.58,143.58,144.37,143.39,143.87,616.46K,2012-08-29 19:59:59-04:00
2012-08-30,144.15,144.15,144.26,143.63,143.68,505.82K,2012-08-30 19:59:59-04:00
2012-08-31,144.02,144.02,144.31,143.17,144.2,809.95K,2012-08-31 19:59:59-04:00
2012-09-03,143.55,143.55,144.16,143.46,144.0,622.65K,2012-09-03 19:59:59-04:00
2012-09-04,143.5,143.5,143.69,143.02,143.56,1.41M,2012-09-04 19:59:59-04:00
2012-09-05,143.13,143.13,143.9,142.82,143.51,652.64K,2012-09-05 19:59:59-04:00
2012-09-06,142.66,142.66,143.01,142.31,143.0,27.50K,2012-09-06 19:59:59-04:00
2012-09-07,140.65,140.65,140.77,139.43,140.17,962.97K,2012-09-07 19:59:59-04:00
2012-09-10,140.32,140.32,140.93,140.13,140.52,584.00K,2012-09-10 19:59:59-04:00
2012-09-11,140.38,140.38,140.98,140.33,140.81,579.89K,2012-09-11 19:59:59-04:00
2012-09-12,139.55,139.55,140.5,139.24,140.32,941.03K,2012-09-12 19:59:59-04:00
2012-09-13,140.29,140.29,140.47,139.48,139.63,754.82K,2012-09-13 19:59:59-04:00
2012-09-14,138.74,138.74,140.09,138.6,140.08,974.90K,2012-09-14 19:59:59-04:00
2012-09-17,139.0,139.0,139.15,138.41,138.82,624.07K,2012-09-17 19:59:59-04:00
2012-09-18,139.46,139.46,139.67,139.01,139.23,665.12K,2012-09-18 19:59:59-04:00
2012-09-19,139.71,139.71,139.95,139.03,139.08,708.78K,2012-09-19 19:59:59-04:00
2012-09-20,140.21,140.21,140.35,139.78,139.91,743.73K,2012-09-20 19:59:59-04:00
2012-09-21,140.0,140.0,140.21,139.6,139.82,682.86K,2012-09-21 19:59:59-04:00
2012-09-24,140.4,140.4,140.49,139.95,140.18,489.22K,2012-09-24 19:59:59-04:00
2012-09-25,140.06,140.06,140.95,139.96,140.41,828.93K,2012-09-25 19:59:59-04:00
2012-09-26,141.63,141.63,141.73,140.62,140.69,884.30K,2012-09-26 19:59:59-04:00
2012-09-27,141.57,141.57,141.72,141.29,141.5,610.16K,2012-09-27 19:59:59-04:00
2012-09-28,141.77,141.77,141.95,141.36,141.46,640.63K,2012-09-28 19:59:59-04:00
2012-10-01,141.4,141.4,141.75,141.12,141.69,550.44K,2012-10-01 19:59:59-04:00
2012-10-02,141.43,141.43,141.69,141.1,141.65,611.44K,2012-10-02 19:59:59-04:00
2012-10-03,141.59,141.59,141.91,141.44,141.74,517.39K,2012-10-03 19:59:59-04:00
2012-10-04,141.67,141.67,141.8,141.13,141.57,682.20K,2012-10-04 19:59:59-04:00
2012-10-05,140.87,140.87,141.54,140.71,141.32,627.23K,2012-10-05 19:59:59-04:00
2012-10-08,141.39,141.39,141.45,141.06,141.07,438.37K,2012-10-08 19:59:59-04:00
2012-10-09,141.38,141.38,141.57,141.05,141.29,655.91K,2012-10-09 19:59:59-04:00
2012-10-10,141.23,141.23,141.53,141.02,141.4,645.01K,2012-10-10 19:59:59-04:00
2012-10-11,141.15,141.15,141.9,140.98,141.68,666.76K,2012-10-11 19:59:59-04:00
2012-10-12,141.7,141.7,141.91,141.21,141.41,603.93K,2012-10-12 19:59:59-04:00
2012-10-15,141.55,141.55,141.83,141.39,141.75,475.66K,2012-10-15 19:59:59-04:00
2012-10-16,140.77,140.77,141.46,140.63,141.38,811.29K,2012-10-16 19:59:59-04:00
2012-10-17,139.75,139.75,140.59,139.57,140.55,865.31K,2012-10-17 19:59:59-04:00
2012-10-18,139.82,139.82,140.13,139.45,139.49,805.43K,2012-10-18 19:59:59-04:00
2012-10-19,140.11,140.11,140.48,139.71,139.74,629.56K,2012-10-19 19:59:59-04:00
2012-10-22,139.87,139.87,140.3,139.67,140.22,681.94K,2012-10-22 19:59:59-04:00
2012-10-23,140.35,140.35,140.5,139.87,139.87,761.54K,2012-10-23 19:59:59-04:00
2012-10-24,140.47,140.47,140.65,140.13,140.19,838.40K,2012-10-24 19:59:59-04:00
2012-10-25,140.39,140.39,140.46,139.88,140.2,728.77K,2012-10-25 19:59:59-04:00
2012-10-26,140.85,140.85,141.16,140.52,140.56,824.55K,2012-10-26 19:59:59-04:00
2012-10-29,141.7,141.7,141.88,141.03,141.06,475.67K,2012-10-29 19:59:59-04:00
2012-10-30,141.54,141.54,142.0,141.35,141.82,471.89K,2012-10-30 19:59:59-04:00
2012-10-31,141.68,141.68,141.86,141.18,141.57,771.18K,2012-10-31 19:59:59-04:00
2012-11-01,141.71,141.71,141.83,141.46,141.62,515.62K,2012-11-01 19:59:59-04:00
2012-11-02,141.87,141.87,142.04,141.39,141.68,666.28K,2012-11-02 19:59:59-04:00
2012-11-05,142.13,142.13,142.28,141.95,142.07,547.39K,2012-11-05 18:59:59-05:00
2012-11-06,142.09,142.09,142.3,141.65,142.05,532.74K,2012-11-06 18:59:59-05:00
2012-11-07,142.75,142.75,142.88,141.77,142.08,845.01K,2012-11-07 18:59:59-05:00
2012-11-08,142.98,142.98,143.18,142.57,142.71,747.12K,2012-11-08 18:59:59-05:00
2012-11-09,143.14,143.14,143.47,142.94,143.05,655.46K,2012-11-09 18:59:59-05:00
2012-11-12,143.17,143.17,143.27,143.03,143.2,317.74K,2012-11-12 18:59:59-05:00
2012-11-13,143.14,143.14,143.48,142.98,143.33,678.43K,2012-11-13 18:59:59-05:00
2012-11-14,143.14,143.14,143.41,142.83,143.2,680.92K,2012-11-14 18:59:59-05:00
2012-11-15,143.13,143.13,143.37,142.91,143.34,610.75K,2012-11-15 18:59:59-05:00
2012-11-16,143.31,143.31,143.45,143.0,143.32,501.76K,2012-11-16 18:59:59-05:00
2012-11-19,143.0,143.0,143.19,142.87,143.11,406.54K,2012-11-19 18:59:59-05:00
2012-11-20,142.38,142.38,143.22,142.33,143.06,682.73K,2012-11-20 18:59:59-05:00
2012-11-21,142.17,142.17,142.64,142.13,142.57,673.52K,2012-11-21 18:59:59-05:00
2012-11-22,142.16,142.16,142.27,142.03,142.19,298.31K,2012-11-22 18:59:59-05:00
2012-11-23,142.12,142.12,142.48,142.01,142.15,477.51K,2012-11-23 18:59:59-05:00
2012-11-26,142.43,142.43,142.5,142.15,142.23,446.48K,2012-11-26 18:59:59-05:00
2012-11-27,142.23,142.23,142.36,141.84,142.12,641.01K,2012-11-27 18:59:59-05:00
2012-11-28,142.95,142.95,143.15,142.32,142.4,782.64K,2012-11-28 18:59:59-05:00
2012-11-29,142.84,142.84,143.02,142.63,142.8,687.40K,2012-11-29 18:59:59-05:00
2012-11-30,142.79,142.79,143.12,142.72,142.88,711.58K,2012-11-30 18:59:59-05:00
2012-12-03,142.51,142.51,143.05,142.07,142.89,1.26M,2012-12-03 18:59:59-05:00
2012-12-04,142.74,142.74,142.79,142.33,142.48,1.25M,2012-12-04 18:59:59-05:00
2012-12-05,143.28,143.28,143.37,142.54,142.6,563.21K,2012-12-05 18:59:59-05:00
2012-12-06,143.38,143.38,143.39,143.14,143.24,34.95K,2012-12-06 18:59:59-05:00
2012-12-07,145.72,145.72,145.88,145.42,145.59,619.92K,2012-12-07 18:59:59-05:00
2012-12-10,145.6,145.6,146.17,145.54,145.81,553.85K,2012-12-10 18:59:59-05:00
2012-12-11,145.41,145.41,145.78,145.24,145.69,577.85K,2012-12-11 18:59:59-05:00
2012-12-12,145.26,145.26,145.41,145.02,145.24,475.68K,2012-12-12 18:59:59-05:00
2012-12-13,145.06,145.06,145.54,144.83,144.9,713.42K,2012-12-13 18:59:59-05:00
2012-12-14,144.93,144.93,145.24,144.73,144.98,404.16K,2012-12-14 18:59:59-05:00
2012-12-17,144.86,144.86,145.02,144.61,144.71,357.63K,2012-12-17 18:59:59-05:00
2012-12-18,144.41,144.41,144.84,144.11,144.57,513.49K,2012-12-18 18:59:59-05:00
2012-12-19,144.15,144.15,144.41,143.8,144.26,621.75K,2012-12-19 18:59:59-05:00
2012-12-20,144.32,144.32,144.5,144.16,144.19,425.83K,2012-12-20 18:59:59-05:00
2012-12-21,144.77,144.77,144.85,144.44,144.6,357.45K,2012-12-21 18:59:59-05:00
2012-12-27,145.54,145.54,145.63,144.62,144.78,210.14K,2012-12-27 18:59:59-05:00
2012-12-28,145.64,145.64,145.82,145.42,145.55,224.01K,2012-12-28 18:59:59-05:00
2013-01-02,144.07,144.07,144.9,143.94,144.85,553.93K,2013-01-02 18:59:59-05:00
2013-01-03,143.57,143.57,144.17,143.19,143.91,663.12K,2013-01-03 18:59:59-05:00
2013-01-04,142.75,142.75,143.43,142.52,143.17,899.52K,2013-01-04 18:59:59-05:00
2013-01-07,143.06,143.06,143.18,142.79,142.95,528.63K,2013-01-07 18:59:59-05:00
2013-01-08,143.43,143.43,143.52,143.01,143.22,676.09K,2013-01-08 18:59:59-05:00
2013-01-09,143.58,143.58,143.77,143.19,143.26,675.38K,2013-01-09 18:59:59-05:00
2013-01-10,142.7,142.7,143.66,142.43,143.53,947.16K,2013-01-10 18:59:59-05:00
2013-01-11,142.31,142.31,142.78,142.05,142.55,933.43K,2013-01-11 18:59:59-05:00
2013-01-14,142.77,142.77,142.94,142.44,142.48,604.96K,2013-01-14 18:59:59-05:00
2013-01-15,143.29,143.29,143.39,142.79,142.86,856.27K,2013-01-15 18:59:59-05:00
2013-01-16,143.37,143.37,143.64,143.14,143.14,817.41K,2013-01-16 18:59:59-05:00
2013-01-17,142.76,142.76,143.62,142.51,143.5,1.02M,2013-01-17 18:59:59-05:00
2013-01-18,143.32,143.32,143.38,142.38,142.5,851.01K,2013-01-18 18:59:59-05:00
2013-01-21,142.9,142.9,143.34,142.85,143.25,389.61K,2013-01-21 18:59:59-05:00
2013-01-22,143.12,143.12,143.23,142.54,142.96,892.41K,2013-01-22 18:59:59-05:00
2013-01-23,143.59,143.59,143.68,143.07,143.17,794.03K,2013-01-23 18:59:59-05:00
2013-01-24,143.2,143.2,144.07,143.18,143.55,982.84K,2013-01-24 18:59:59-05:00
2013-01-25,142.5,142.5,143.49,142.2,143.27,1.11M,2013-01-25 18:59:59-05:00
2013-01-28,141.79,141.79,142.53,141.61,142.21,870.26K,2013-01-28 18:59:59-05:00
2013-01-29,141.82,141.82,142.27,141.7,141.87,929.37K,2013-01-29 18:59:59-05:00
2013-01-30,141.43,141.43,141.98,141.28,141.75,1.12M,2013-01-30 18:59:59-05:00
2013-01-31,141.9,141.9,142.17,141.55,141.88,963.17K,2013-01-31 18:59:59-05:00
2013-02-01,142.01,142.01,142.45,141.54,141.67,1.02M,2013-02-01 18:59:59-05:00
2013-02-04,142.64,142.64,142.82,141.47,141.48,1.03M,2013-02-04 18:59:59-05:00
2013-02-05,142.2,142.2,142.93,141.94,142.65,928.85K,2013-02-05 18:59:59-05:00
2013-02-06,142.54,142.54,142.78,142.22,142.29,832.70K,2013-02-06 18:59:59-05:00
2013-02-07,142.82,142.82,143.01,142.14,142.54,1.02M,2013-02-07 18:59:59-05:00
2013-02-08,142.83,142.83,143.11,142.62,142.73,723.91K,2013-02-08 18:59:59-05:00
2013-02-11,142.85,142.85,143.11,142.63,142.94,529.46K,2013-02-11 18:59:59-05:00
2013-02-12,142.55,142.55,143.03,142.41,142.92,723.66K,2013-02-12 18:59:59-05:00
2013-02-13,142.05,142.05,142.69,141.84,142.61,937.67K,2013-02-13 18:59:59-05:00
2013-02-14,142.59,142.59,142.68,141.87,142.03,1.02M,2013-02-14 18:59:59-05:00
2013-02-15,142.34,142.34,143.01,142.29,142.7,770.75K,2013-02-15 18:59:59-05:00
2013-02-18,142.76,142.76,142.92,142.48,142.51,355.01K,2013-02-18 18:59:59-05:00
2013-02-19,142.82,142.82,142.98,142.61,142.83,654.78K,2013-02-19 18:59:59-05:00
2013-02-20,142.42,142.42,142.72,142.23,142.72,848.00K,2013-02-20 18:59:59-05:00
2013-02-21,143.38,143.38,143.6,142.71,142.71,1.10M,2013-02-21 18:59:59-05:00
2013-02-22,143.62,143.62,143.74,143.17,143.4,870.42K,2013-02-22 18:59:59-05:00
2013-02-25,143.52,143.52,144.47,142.85,143.52,1.06M,2013-02-25 18:59:59-05:00
2013-02-26,144.9,144.9,145.13,144.43,144.51,1.15M,2013-02-26 18:59:59-05:00
2013-02-27,145.09,145.09,145.4,144.8,145.11,989.34K,2013-02-27 18:59:59-05:00
2013-02-28,144.99,144.99,145.23,144.81,145.0,865.80K,2013-02-28 18:59:59-05:00
2013-03-01,145.51,145.51,145.64,144.86,145.19,923.37K,2013-03-01 18:59:59-05:00
2013-03-04,145.51,145.51,145.8,145.35,145.77,1.09M,2013-03-04 18:59:59-05:00
2013-03-05,145.03,145.03,145.43,145.01,145.36,1.35M,2013-03-05 18:59:59-05:00
2013-03-06,145.12,145.12,145.25,144.86,145.1,496.79K,2013-03-06 18:59:59-05:00
2013-03-07,145.27,145.27,145.29,144.92,145.14,43.56K,2013-03-07 18:59:59-05:00
2013-03-08,142.46,142.46,142.95,142.27,142.78,760.91K,2013-03-08 18:59:59-05:00
2013-03-11,142.72,142.72,142.87,142.51,142.72,426.55K,2013-03-11 19:59:59-04:00
2013-03-12,143.04,143.04,143.21,142.52,142.6,632.12K,2013-03-12 19:59:59-04:00
2013-03-13,143.14,143.14,143.37,142.92,143.0,649.71K,2013-03-13 19:59:59-04:00
2013-03-14,143.14,143.14,143.24,142.82,143.12,561.31K,2013-03-14 19:59:59-04:00
2013-03-15,143.39,143.39,143.54,143.0,143.1,561.32K,2013-03-15 19:59:59-04:00
2013-03-18,143.94,143.94,144.69,143.87,144.41,724.29K,2013-03-18 19:59:59-04:00
2013-03-19,144.62,144.62,144.82,143.98,144.05,984.76K,2013-03-19 19:59:59-04:00
2013-03-20,144.3,144.3,144.64,143.95,144.64,915.81K,2013-03-20 19:59:59-04:00
2013-03-21,144.46,144.46,144.66,144.04,144.2,780.82K,2013-03-21 19:59:59-04:00
2013-03-22,144.37,144.37,144.83,144.21,144.71,732.95K,2013-03-22 19:59:59-04:00
2013-03-25,144.72,144.72,144.93,143.91,144.01,747.03K,2013-03-25 19:59:59-04:00
2013-03-26,144.82,144.82,144.9,144.49,144.65,721.72K,2013-03-26 19:59:59-04:00
2013-03-27,145.52,145.52,145.67,144.83,144.93,878.57K,2013-03-27 19:59:59-04:00
2013-03-28,145.49,145.49,145.87,145.34,145.67,764.00K,2013-03-28 19:59:59-04:00
2013-04-02,145.24,145.24,145.63,145.1,145.58,582.44K,2013-04-02 19:59:59-04:00
2013-04-03,145.52,145.52,145.65,145.13,145.25,556.67K,2013-04-03 19:59:59-04:00
2013-04-04,145.96,145.96,146.08,145.45,145.59,784.03K,2013-04-04 19:59:59-04:00
2013-04-05,146.34,146.34,146.54,145.82,145.97,843.05K,2013-04-05 19:59:59-04:00
2013-04-08,146.08,146.08,146.34,145.85,146.31,598.17K,2013-04-08 19:59:59-04:00
2013-04-09,145.8,145.8,146.06,145.51,145.87,776.70K,2013-04-09 19:59:59-04:00
2013-04-10,145.35,145.35,145.68,145.15,145.65,702.06K,2013-04-10 19:59:59-04:00
2013-04-11,145.25,145.25,145.5,144.93,145.24,723.81K,2013-04-11 19:59:59-04:00
2013-04-12,145.88,145.88,145.98,145.27,145.29,664.09K,2013-04-12 19:59:59-04:00
2013-04-15,146.04,146.04,146.22,145.63,145.9,602.66K,2013-04-15 19:59:59-04:00
2013-04-16,145.73,145.73,146.11,145.55,146.01,689.47K,2013-04-16 19:59:59-04:00
2013-04-17,146.24,146.24,146.36,145.35,145.76,975.69K,2013-04-17 19:59:59-04:00
2013-04-18,146.27,146.27,146.39,145.86,146.2,686.92K,2013-04-18 19:59:59-04:00
2013-04-19,146.03,146.03,146.21,145.85,146.15,597.94K,2013-04-19 19:59:59-04:00
2013-04-22,146.35,146.35,146.43,145.72,145.95,659.74K,2013-04-22 19:59:59-04:00
2013-04-23,146.09,146.09,146.77,145.91,146.35,1.03M,2013-04-23 19:59:59-04:00
2013-04-24,146.19,146.19,146.29,145.62,145.92,903.62K,2013-04-24 19:59:59-04:00
2013-04-25,146.2,146.2,146.37,146.04,146.16,582.36K,2013-04-25 19:59:59-04:00
2013-04-26,146.54,146.54,146.63,146.29,146.37,532.21K,2013-04-26 19:59:59-04:00
2013-04-29,146.66,146.66,146.74,146.27,146.59,643.86K,2013-04-29 19:59:59-04:00
2013-04-30,146.58,146.58,146.87,146.39,146.55,679.49K,2013-04-30 19:59:59-04:00
2013-05-02,147.16,147.16,147.2,146.17,146.73,951.80K,2013-05-02 19:59:59-04:00
2013-05-03,146.15,146.15,147.11,146.0,146.95,896.84K,2013-05-03 19:59:59-04:00
2013-05-06,146.16,146.16,146.36,145.97,146.15,289.90K,2013-05-06 19:59:59-04:00
2013-05-07,145.43,145.43,146.27,145.37,146.18,840.44K,2013-05-07 19:59:59-04:00
2013-05-08,145.85,145.85,145.9,145.42,145.47,655.67K,2013-05-08 19:59:59-04:00
2013-05-09,145.89,145.89,146.23,145.77,145.82,595.26K,2013-05-09 19:59:59-04:00
2013-05-10,144.66,144.66,145.66,144.43,145.65,961.51K,2013-05-10 19:59:59-04:00
2013-05-13,144.89,144.89,145.07,144.43,144.43,755.89K,2013-05-13 19:59:59-04:00
2013-05-14,144.74,144.74,144.99,144.22,144.84,679.10K,2013-05-14 19:59:59-04:00
2013-05-15,144.64,144.64,145.01,144.33,144.53,914.90K,2013-05-15 19:59:59-04:00
2013-05-16,145.31,145.31,145.36,144.53,144.84,919.62K,2013-05-16 19:59:59-04:00
2013-05-17,145.45,145.45,145.74,145.13,145.25,777.07K,2013-05-17 19:59:59-04:00
2013-05-20,144.86,144.86,145.33,144.65,145.09,518.66K,2013-05-20 19:59:59-04:00
2013-05-21,144.33,144.33,144.92,144.25,144.86,871.20K,2013-05-21 19:59:59-04:00
2013-05-22,144.6,144.6,145.2,144.26,144.65,1.12M,2013-05-22 19:59:59-04:00
2013-05-23,144.39,144.39,145.15,144.31,144.61,1.09M,2013-05-23 19:59:59-04:00
2013-05-24,144.58,144.58,144.83,144.12,144.54,872.38K,2013-05-24 19:59:59-04:00
2013-05-27,144.26,144.26,144.65,144.25,144.49,142.84K,2013-05-27 19:59:59-04:00
2013-05-28,143.82,143.82,144.38,143.58,144.15,1.00M,2013-05-28 19:59:59-04:00
2013-05-29,143.41,143.41,143.73,143.25,143.3,1.06M,2013-05-29 19:59:59-04:00
2013-05-30,143.73,143.73,143.86,143.47,143.6,770.21K,2013-05-30 19:59:59-04:00
2013-05-31,143.71,143.71,144.38,143.43,143.79,1.21M,2013-05-31 19:59:59-04:00
2013-06-03,143.56,143.56,143.84,142.98,143.83,1.50M,2013-06-03 19:59:59-04:00
2013-06-04,143.36,143.36,143.55,143.13,143.38,1.24M,2013-06-04 19:59:59-04:00
2013-06-05,143.79,143.79,143.91,143.32,143.56,474.86K,2013-06-05 19:59:59-04:00
2013-06-06,143.84,143.84,144.02,143.78,143.8,30.34K,2013-06-06 19:59:59-04:00
2013-06-07,143.39,143.39,144.15,143.19,143.88,879.77K,2013-06-07 19:59:59-04:00
2013-06-10,142.85,142.85,143.69,142.6,143.24,691.21K,2013-06-10 19:59:59-04:00
2013-06-11,142.74,142.74,142.87,142.02,142.73,1.16M,2013-06-11 19:59:59-04:00
2013-06-12,142.79,142.79,142.95,142.46,142.65,699.08K,2013-06-12 19:59:59-04:00
2013-06-13,143.19,143.19,143.44,142.91,143.0,818.02K,2013-06-13 19:59:59-04:00
2013-06-14,143.86,143.86,143.94,143.38,143.46,574.18K,2013-06-14 19:59:59-04:00
2013-06-17,143.78,143.78,143.99,143.48,143.62,518.14K,2013-06-17 19:59:59-04:00
2013-06-18,143.21,143.21,143.68,143.13,143.56,622.01K,2013-06-18 19:59:59-04:00
2013-06-19,143.44,143.44,143.74,142.35,143.35,658.28K,2013-06-19 19:59:59-04:00
2013-06-20,142.13,142.13,142.6,141.84,142.03,1.17M,2013-06-20 19:59:59-04:00
2013-06-21,141.39,141.39,142.09,141.07,141.94,914.57K,2013-06-21 19:59:59-04:00
2013-06-24,140.31,140.31,141.01,139.9,140.85,1.14M,2013-06-24 19:59:59-04:00
2013-06-25,140.54,140.54,141.01,140.17,140.76,932.16K,2013-06-25 19:59:59-04:00
2013-06-26,141.03,141.03,141.34,140.45,140.45,731.13K,2013-06-26 19:59:59-04:00
2013-06-27,141.46,141.46,141.9,140.82,140.95,704.11K,2013-06-27 19:59:59-04:00
2013-06-28,141.52,141.52,141.85,140.97,141.65,690.70K,2013-06-28 19:59:59-04:00
2013-07-01,141.59,141.59,141.67,141.0,141.3,498.87K,2013-07-01 19:59:59-04:00
2013-07-02,141.69,141.69,142.18,141.43,141.57,552.22K,2013-07-02 19:59:59-04:00
2013-07-03,142.26,142.26,142.64,142.05,142.1,760.09K,2013-07-03 19:59:59-04:00
2013-07-04,142.29,142.29,143.01,142.0,142.07,606.22K,2013-07-04 19:59:59-04:00
2013-07-05,141.66,141.66,142.42,141.39,142.27,782.20K,2013-07-05 19:59:59-04:00
2013-07-08,141.94,141.94,142.0,141.54,141.68,509.21K,2013-07-08 19:59:59-04:00
2013-07-09,142.56,142.56,142.69,141.85,141.93,583.00K,2013-07-09 19:59:59-04:00
2013-07-10,142.58,142.58,142.87,142.35,142.78,557.41K,2013-07-10 19:59:59-04:00
2013-07-11,142.93,142.93,143.24,142.69,143.11,674.34K,2013-07-11 19:59:59-04:00
2013-07-12,143.64,143.64,143.84,143.09,143.1,661.82K,2013-07-12 19:59:59-04:00
2013-07-15,143.39,143.39,143.68,143.23,143.66,411.51K,2013-07-15 19:59:59-04:00
2013-07-16,143.69,143.69,143.8,143.24,143.42,436.99K,2013-07-16 19:59:59-04:00
2013-07-17,143.94,143.94,143.98,143.27,143.81,645.89K,2013-07-17 19:59:59-04:00
2013-07-18,144.23,144.23,144.35,143.93,143.95,585.01K,2013-07-18 19:59:59-04:00
2013-07-19,144.22,144.22,144.37,143.99,144.24,396.80K,2013-07-19 19:59:59-04:00
2013-07-22,144.2,144.2,144.35,144.06,144.28,350.47K,2013-07-22 19:59:59-04:00
2013-07-23,143.82,143.82,144.31,143.56,144.25,659.87K,2013-07-23 19:59:59-04:00
2013-07-24,142.72,142.72,143.94,142.31,143.86,874.79K,2013-07-24 19:59:59-04:00
2013-07-25,142.28,142.28,142.8,142.16,142.47,797.58K,2013-07-25 19:59:59-04:00
2013-07-26,142.48,142.48,142.75,142.17,142.61,542.93K,2013-07-26 19:59:59-04:00
2013-07-29,142.46,142.46,142.73,142.23,142.57,415.95K,2013-07-29 19:59:59-04:00
2013-07-30,142.45,142.45,142.57,142.25,142.46,452.82K,2013-07-30 19:59:59-04:00
2013-07-31,142.37,142.37,142.96,141.82,142.47,1.06M,2013-07-31 19:59:59-04:00
2013-08-01,142.39,142.39,143.29,142.25,142.67,807.11K,2013-08-01 19:59:59-04:00
2013-08-02,142.6,142.6,142.82,141.67,142.3,736.77K,2013-08-02 19:59:59-04:00
2013-08-05,142.22,142.22,142.96,142.11,142.73,456.07K,2013-08-05 19:59:59-04:00
2013-08-06,142.07,142.07,142.27,141.86,142.15,426.69K,2013-08-06 19:59:59-04:00
2013-08-07,142.26,142.26,142.55,141.83,142.13,583.79K,2013-08-07 19:59:59-04:00
2013-08-08,142.29,142.29,142.71,142.04,142.46,516.13K,2013-08-08 19:59:59-04:00
2013-08-09,142.28,142.28,142.52,142.01,142.1,336.92K,2013-08-09 19:59:59-04:00
2013-08-12,142.23,142.23,142.44,141.91,142.44,444.66K,2013-08-12 19:59:59-04:00
2013-08-13,140.86,140.86,141.93,140.63,141.9,783.08K,2013-08-13 19:59:59-04:00
2013-08-14,140.95,140.95,141.11,140.56,140.76,661.43K,2013-08-14 19:59:59-04:00
2013-08-15,140.11,140.11,141.01,139.83,140.95,758.15K,2013-08-15 19:59:59-04:00
2013-08-16,140.22,140.22,140.38,139.72,140.08,456.13K,2013-08-16 19:59:59-04:00
2013-08-19,139.93,139.93,140.24,139.71,139.77,549.94K,2013-08-19 19:59:59-04:00
2013-08-20,140.61,140.61,140.68,140.14,140.25,587.42K,2013-08-20 19:59:59-04:00
2013-08-21,140.14,140.14,140.71,139.96,140.52,532.77K,2013-08-21 19:59:59-04:00
2013-08-22,139.73,139.73,139.98,139.46,139.8,671.35K,2013-08-22 19:59:59-04:00
2013-08-23,139.58,139.58,139.85,139.06,139.77,721.48K,2013-08-23 19:59:59-04:00
2013-08-26,140.05,140.05,140.15,139.57,139.65,215.57K,2013-08-26 19:59:59-04:00
2013-08-27,140.54,140.54,140.95,139.93,140.0,658.88K,2013-08-27 19:59:59-04:00
2013-08-28,140.3,140.3,140.92,140.14,140.79,646.73K,2013-08-28 19:59:59-04:00
2013-08-29,140.6,140.6,140.83,140.06,140.28,654.96K,2013-08-29 19:59:59-04:00
2013-08-30,140.66,140.66,140.94,140.4,140.6,544.65K,2013-08-30 19:59:59-04:00
2013-09-02,140.1,140.1,140.34,139.79,140.32,399.47K,2013-09-02 19:59:59-04:00
2013-09-03,139.61,139.61,140.27,139.55,140.16,801.96K,2013-09-03 19:59:59-04:00
2013-09-04,139.73,139.73,139.96,139.51,139.74,542.50K,2013-09-04 19:59:59-04:00
2013-09-05,138.59,138.59,139.48,138.42,139.43,144.71K,2013-09-05 19:59:59-04:00
2013-09-06,138.98,138.98,138.99,138.35,138.35,3.51K,2013-09-06 19:59:59-04:00
2013-09-09,137.62,137.62,137.75,137.36,137.53,413.34K,2013-09-09 19:59:59-04:00
2013-09-10,136.73,136.73,137.29,136.6,137.2,720.77K,2013-09-10 19:59:59-04:00
2013-09-11,137.1,137.1,137.35,136.71,136.71,631.21K,2013-09-11 19:59:59-04:00
2013-09-12,137.78,137.78,137.94,137.4,137.46,663.87K,2013-09-12 19:59:59-04:00
2013-09-13,137.99,137.99,138.16,137.17,137.29,586.95K,2013-09-13 19:59:59-04:00
2013-09-16,138.5,138.5,138.66,138.13,138.48,553.55K,2013-09-16 19:59:59-04:00
2013-09-17,138.07,138.07,138.47,138.0,138.3,514.59K,2013-09-17 19:59:59-04:00
2013-09-18,137.72,137.72,139.19,137.59,138.1,649.48K,2013-09-18 19:59:59-04:00
2013-09-19,138.56,138.56,139.5,138.44,139.45,875.77K,2013-09-19 19:59:59-04:00
2013-09-20,138.32,138.32,138.88,138.13,138.6,638.24K,2013-09-20 19:59:59-04:00
2013-09-23,138.78,138.78,138.8,138.02,138.55,525.57K,2013-09-23 19:59:59-04:00
2013-09-24,139.54,139.54,139.75,138.7,138.79,766.61K,2013-09-24 19:59:59-04:00
2013-09-25,139.94,139.94,139.99,139.55,139.65,583.84K,2013-09-25 19:59:59-04:00
2013-09-26,139.87,139.87,140.09,139.71,139.85,620.96K,2013-09-26 19:59:59-04:00
2013-09-27,140.45,140.45,140.54,139.74,139.82,588.73K,2013-09-27 19:59:59-04:00
2013-09-30,140.5,140.5,140.87,140.22,140.78,712.27K,2013-09-30 19:59:59-04:00
2013-10-01,140.26,140.26,140.61,140.07,140.43,678.72K,2013-10-01 19:59:59-04:00
2013-10-02,140.32,140.32,140.46,139.91,140.19,803.13K,2013-10-02 19:59:59-04:00
2013-10-03,140.23,140.23,140.47,139.75,140.17,679.50K,2013-10-03 19:59:59-04:00
2013-10-04,139.96,139.96,140.35,139.81,140.2,478.82K,2013-10-04 19:59:59-04:00
2013-10-07,140.31,140.31,140.45,140.04,140.09,400.40K,2013-10-07 19:59:59-04:00
2013-10-08,140.22,140.22,140.34,139.96,140.24,553.71K,2013-10-08 19:59:59-04:00
2013-10-09,140.24,140.24,140.65,140.11,140.26,649.84K,2013-10-09 19:59:59-04:00
2013-10-10,139.65,139.65,140.12,139.51,139.94,769.08K,2013-10-10 19:59:59-04:00
2013-10-11,139.79,139.79,139.87,139.47,139.8,613.18K,2013-10-11 19:59:59-04:00
2013-10-14,139.75,139.75,139.91,139.29,139.77,236.26K,2013-10-14 19:59:59-04:00
2013-10-15,139.24,139.24,139.55,139.07,139.41,650.90K,2013-10-15 19:59:59-04:00
2013-10-16,138.91,138.91,139.35,138.79,139.17,649.19K,2013-10-16 19:59:59-04:00
2013-10-17,139.68,139.68,139.77,139.26,139.5,698.16K,2013-10-17 19:59:59-04:00
2013-10-18,140.05,140.05,140.24,139.58,139.7,583.47K,2013-10-18 19:59:59-04:00
2013-10-21,139.91,139.91,140.12,139.82,140.07,378.30K,2013-10-21 19:59:59-04:00
2013-10-22,140.54,140.54,140.64,139.78,139.9,691.46K,2013-10-22 19:59:59-04:00
2013-10-23,140.86,140.86,140.91,140.55,140.69,618.49K,2013-10-23 19:59:59-04:00
2013-10-24,140.87,140.87,141.22,140.7,140.71,639.56K,2013-10-24 19:59:59-04:00
2013-10-25,141.06,141.06,141.12,140.84,140.86,476.68K,2013-10-25 19:59:59-04:00
2013-10-28,141.15,141.15,141.23,140.92,140.94,423.46K,2013-10-28 19:59:59-04:00
2013-10-29,141.27,141.27,141.45,140.94,141.1,555.52K,2013-10-29 19:59:59-04:00
2013-10-30,141.85,141.85,141.9,141.42,141.52,663.23K,2013-10-30 19:59:59-04:00
2013-10-31,142.0,142.0,142.32,141.52,141.57,982.21K,2013-10-31 19:59:59-04:00
2013-11-01,141.85,141.85,142.19,141.69,142.06,606.02K,2013-11-01 19:59:59-04:00
2013-11-04,141.89,141.89,142.08,141.83,141.85,343.72K,2013-11-04 18:59:59-05:00
2013-11-05,141.16,141.16,141.97,141.11,141.88,726.80K,2013-11-05 18:59:59-05:00
2013-11-06,141.15,141.15,141.44,141.06,141.37,624.34K,2013-11-06 18:59:59-05:00
2013-11-07,141.83,141.83,142.1,141.05,141.2,803.50K,2013-11-07 18:59:59-05:00
2013-11-08,141.02,141.02,141.95,140.87,141.92,768.83K,2013-11-08 18:59:59-05:00
2013-11-11,141.01,141.01,141.26,140.93,141.08,259.32K,2013-11-11 18:59:59-05:00
2013-11-12,140.7,140.7,140.99,140.53,140.96,666.42K,2013-11-12 18:59:59-05:00
2013-11-13,141.33,141.33,141.4,140.66,140.7,619.58K,2013-11-13 18:59:59-05:00
2013-11-14,141.7,141.7,141.78,141.39,141.49,642.52K,2013-11-14 18:59:59-05:00
2013-11-15,141.63,141.63,141.74,141.35,141.67,409.80K,2013-11-15 18:59:59-05:00
2013-11-18,141.85,141.85,141.95,141.45,141.7,384.69K,2013-11-18 18:59:59-05:00
2013-11-19,141.41,141.41,141.91,141.33,141.85,554.16K,2013-11-19 18:59:59-05:00
2013-11-20,141.44,141.44,141.6,140.81,141.31,818.31K,2013-11-20 18:59:59-05:00
2013-11-21,140.98,140.98,141.04,140.56,140.77,837.15K,2013-11-21 18:59:59-05:00
2013-11-22,140.95,140.95,141.11,140.69,141.0,551.72K,2013-11-22 18:59:59-05:00
2013-11-25,141.32,141.32,141.38,140.84,140.86,435.70K,2013-11-25 18:59:59-05:00
2013-11-26,141.7,141.7,141.78,141.28,141.39,578.14K,2013-11-26 18:59:59-05:00
2013-11-27,141.63,141.63,141.75,141.37,141.65,588.98K,2013-11-27 18:59:59-05:00
2013-11-28,141.65,141.65,141.7,141.14,141.57,417.70K,2013-11-28 18:59:59-05:00
2013-11-29,141.71,141.71,141.88,141.51,141.69,516.11K,2013-11-29 18:59:59-05:00
2013-12-02,141.12,141.12,141.64,141.05,141.57,752.25K,2013-12-02 18:59:59-05:00
2013-12-03,141.28,141.28,141.42,140.94,141.17,766.35K,2013-12-03 18:59:59-05:00
2013-12-04,140.38,140.38,141.24,140.26,141.23,806.38K,2013-12-04 18:59:59-05:00
2013-12-05,139.96,139.96,140.59,139.75,140.39,123.43K,2013-12-05 18:59:59-05:00
2013-12-06,140.0,140.0,140.17,139.76,139.76,6.30K,2013-12-06 18:59:59-05:00
2013-12-09,140.09,140.09,140.24,139.94,140.12,352.24K,2013-12-09 18:59:59-05:00
2013-12-10,140.17,140.17,140.4,140.03,140.08,451.74K,2013-12-10 18:59:59-05:00
2013-12-11,140.3,140.3,140.47,140.11,140.2,393.98K,2013-12-11 18:59:59-05:00
2013-12-12,140.1,140.1,140.42,139.97,140.17,547.87K,2013-12-12 18:59:59-05:00
2013-12-13,140.25,140.25,140.38,140.01,140.19,388.23K,2013-12-13 18:59:59-05:00
2013-12-16,140.25,140.25,140.59,140.14,140.47,387.41K,2013-12-16 18:59:59-05:00
2013-12-17,140.29,140.29,140.43,140.12,140.23,361.72K,2013-12-17 18:59:59-05:00
2013-12-18,140.14,140.14,140.49,139.69,140.39,483.36K,2013-12-18 18:59:59-05:00
2013-12-19,139.8,139.8,140.25,139.63,140.15,585.83K,2013-12-19 18:59:59-05:00
2013-12-20,139.92,139.92,139.96,139.43,139.81,409.50K,2013-12-20 18:59:59-05:00
2013-12-23,139.75,139.75,139.93,139.62,139.77,148.71K,2013-12-23 18:59:59-05:00
2013-12-24,139.74,139.74,139.74,139.74,139.74,,2013-12-24 18:59:59-05:00
2013-12-27,138.96,138.96,139.63,138.83,139.58,216.96K,2013-12-27 18:59:59-05:00
2013-12-30,139.17,139.17,139.25,138.69,138.74,235.35K,2013-12-30 18:59:59-05:00
2014-01-01,139.24,139.24,139.24,139.24,139.24,,2014-01-01 18:59:59-05:00
2014-01-02,139.12,139.12,139.22,138.68,138.69,295.89K,2014-01-02 18:59:59-05:00
2014-01-03,139.09,139.09,139.25,138.94,139.1,269.32K,2014-01-03 18:59:59-05:00
2014-01-06,139.54,139.54,139.63,139.08,139.08,384.63K,2014-01-06 18:59:59-05:00
2014-01-07,139.76,139.76,139.85,139.5,139.64,498.43K,2014-01-07 18:59:59-05:00
2014-01-08,139.54,139.54,139.92,139.43,139.76,716.25K,2014-01-08 18:59:59-05:00
2014-01-09,139.56,139.56,139.83,139.25,139.55,749.84K,2014-01-09 18:59:59-05:00
2014-01-10,140.25,140.25,140.37,139.58,139.62,718.73K,2014-01-10 18:59:59-05:00
2014-01-13,140.65,140.65,140.91,140.19,140.34,507.43K,2014-01-13 18:59:59-05:00
2014-01-14,140.68,140.68,140.83,140.5,140.77,591.61K,2014-01-14 18:59:59-05:00
2014-01-15,140.54,140.54,140.8,140.38,140.55,649.33K,2014-01-15 18:59:59-05:00
2014-01-16,141.16,141.16,141.23,140.57,140.59,672.13K,2014-01-16 18:59:59-05:00
2014-01-17,141.4,141.4,141.57,141.15,141.16,561.44K,2014-01-17 18:59:59-05:00
2014-01-20,141.57,141.57,141.76,141.41,141.49,281.81K,2014-01-20 18:59:59-05:00
2014-01-21,141.65,141.65,141.78,141.3,141.47,593.43K,2014-01-21 18:59:59-05:00
2014-01-22,141.51,141.51,141.73,141.36,141.57,560.00K,2014-01-22 18:59:59-05:00
2014-01-23,142.04,142.04,142.45,141.37,141.53,861.87K,2014-01-23 18:59:59-05:00
2014-01-24,142.66,142.66,142.9,142.21,142.33,966.42K,2014-01-24 18:59:59-05:00
2014-01-27,142.55,142.55,142.69,142.4,142.63,555.18K,2014-01-27 18:59:59-05:00
2014-01-28,142.46,142.46,142.63,142.26,142.43,692.45K,2014-01-28 18:59:59-05:00
2014-01-29,142.9,142.9,143.3,142.25,142.37,1.01M,2014-01-29 18:59:59-05:00
2014-01-30,143.23,143.23,143.42,142.93,143.09,961.60K,2014-01-30 18:59:59-05:00
2014-01-31,143.88,143.88,144.06,143.36,143.43,1.08M,2014-01-31 18:59:59-05:00
2014-02-03,144.02,144.02,144.32,143.59,143.99,748.68K,2014-02-03 18:59:59-05:00
2014-02-04,143.98,143.98,144.23,143.85,144.12,657.09K,2014-02-04 18:59:59-05:00
2014-02-05,144.07,144.07,144.57,143.88,143.96,921.89K,2014-02-05 18:59:59-05:00
2014-02-06,143.33,143.33,144.06,143.27,144.02,964.30K,2014-02-06 18:59:59-05:00
2014-02-07,143.83,143.83,144.14,143.32,143.33,937.33K,2014-02-07 18:59:59-05:00
2014-02-10,143.65,143.65,143.94,143.56,143.91,392.63K,2014-02-10 18:59:59-05:00
2014-02-11,143.64,143.64,143.69,143.39,143.59,602.95K,2014-02-11 18:59:59-05:00
2014-02-12,143.17,143.17,143.66,143.09,143.56,702.09K,2014-02-12 18:59:59-05:00
2014-02-13,143.78,143.78,143.98,143.36,143.39,725.29K,2014-02-13 18:59:59-05:00
2014-02-14,143.6,143.6,143.84,143.49,143.84,563.65K,2014-02-14 18:59:59-05:00
2014-02-17,143.6,143.6,143.68,143.33,143.67,261.59K,2014-02-17 18:59:59-05:00
2014-02-18,143.72,143.72,143.96,143.43,143.5,772.16K,2014-02-18 18:59:59-05:00
2014-02-19,143.91,143.91,144.29,143.72,143.81,781.14K,2014-02-19 18:59:59-05:00
2014-02-20,143.45,143.45,144.24,143.41,143.87,890.21K,2014-02-20 18:59:59-05:00
2014-02-21,143.87,143.87,143.95,143.45,143.45,605.98K,2014-02-21 18:59:59-05:00
2014-02-24,143.68,143.68,144.02,143.52,143.97,460.86K,2014-02-24 18:59:59-05:00
2014-02-25,143.97,143.97,144.12,143.49,143.66,582.10K,2014-02-25 18:59:59-05:00
2014-02-26,144.46,144.46,144.8,143.9,143.97,809.54K,2014-02-26 18:59:59-05:00
2014-02-27,145.07,145.07,145.33,144.58,144.64,896.17K,2014-02-27 18:59:59-05:00
2014-02-28,144.38,144.38,145.2,144.18,145.1,1.09M,2014-02-28 18:59:59-05:00
2014-03-03,145.14,145.14,145.42,144.83,144.95,1.04M,2014-03-03 18:59:59-05:00
2014-03-04,144.76,144.76,145.0,144.6,145.0,920.89K,2014-03-04 18:59:59-05:00
2014-03-05,144.7,144.7,144.75,144.38,144.67,200.58K,2014-03-05 18:59:59-05:00
2014-03-06,144.47,144.47,144.61,144.39,144.59,15.39K,2014-03-06 18:59:59-05:00
2014-03-07,142.24,142.24,142.46,141.81,142.23,753.31K,2014-03-07 18:59:59-05:00
2014-03-10,142.48,142.48,142.6,142.12,142.34,559.94K,2014-03-10 19:59:59-04:00
2014-03-11,142.32,142.32,142.68,142.07,142.38,771.09K,2014-03-11 19:59:59-04:00
2014-03-12,142.83,142.83,143.11,142.42,142.45,836.91K,2014-03-12 19:59:59-04:00
2014-03-13,143.44,143.44,143.79,142.79,142.82,908.39K,2014-03-13 19:59:59-04:00
2014-03-14,143.46,143.46,143.97,143.36,143.75,1.02M,2014-03-14 19:59:59-04:00
2014-03-17,143.24,143.24,143.55,143.13,143.37,578.49K,2014-03-17 19:59:59-04:00
2014-03-18,143.26,143.26,143.46,143.08,143.26,716.25K,2014-03-18 19:59:59-04:00
2014-03-19,142.96,142.96,143.28,142.32,143.26,712.16K,2014-03-19 19:59:59-04:00
2014-03-20,142.4,142.4,142.65,142.1,142.61,891.77K,2014-03-20 19:59:59-04:00
2014-03-21,142.51,142.51,142.59,142.32,142.37,415.16K,2014-03-21 19:59:59-04:00
2014-03-24,143.03,143.03,143.18,142.22,142.37,731.42K,2014-03-24 19:59:59-04:00
2014-03-25,143.24,143.24,143.32,143.04,143.09,854.26K,2014-03-25 19:59:59-04:00
2014-03-26,143.41,143.41,143.6,143.16,143.18,617.35K,2014-03-26 19:59:59-04:00
2014-03-27,143.84,143.84,143.92,143.46,143.5,632.72K,2014-03-27 19:59:59-04:00
2014-03-28,143.58,143.58,144.08,143.42,143.68,666.14K,2014-03-28 19:59:59-04:00
2014-03-31,143.38,143.38,143.68,143.02,143.55,768.86K,2014-03-31 19:59:59-04:00
2014-04-01,143.21,143.21,143.41,143.12,143.4,516.15K,2014-04-01 19:59:59-04:00
2014-04-02,142.78,142.78,143.24,142.72,143.23,638.04K,2014-04-02 19:59:59-04:00
2014-04-03,142.92,142.92,142.99,142.49,142.84,821.09K,2014-04-03 19:59:59-04:00
2014-04-04,143.5,143.5,143.7,142.62,142.87,804.58K,2014-04-04 19:59:59-04:00
2014-04-07,143.67,143.67,143.79,143.34,143.67,556.00K,2014-04-07 19:59:59-04:00
2014-04-08,143.42,143.42,143.69,143.36,143.5,573.63K,2014-04-08 19:59:59-04:00
2014-04-09,143.26,143.26,143.54,143.15,143.5,519.08K,2014-04-09 19:59:59-04:00
2014-04-10,143.89,143.89,144.05,143.51,143.57,695.33K,2014-04-10 19:59:59-04:00
2014-04-11,144.08,144.08,144.32,143.72,143.79,715.80K,2014-04-11 19:59:59-04:00
2014-04-14,143.88,143.88,144.3,143.82,144.28,460.63K,2014-04-14 19:59:59-04:00
2014-04-15,144.55,144.55,144.64,143.83,143.88,652.07K,2014-04-15 19:59:59-04:00
2014-04-16,144.36,144.36,144.48,144.22,144.38,527.87K,2014-04-16 19:59:59-04:00
2014-04-17,144.09,144.09,144.48,143.65,144.43,470.54K,2014-04-17 19:59:59-04:00
2014-04-22,143.7,143.7,143.99,143.62,143.84,392.47K,2014-04-22 19:59:59-04:00
2014-04-23,144.0,144.0,144.08,143.65,143.85,547.57K,2014-04-23 19:59:59-04:00
2014-04-24,143.92,143.92,144.17,143.55,143.84,706.73K,2014-04-24 19:59:59-04:00
2014-04-25,144.47,144.47,144.51,143.97,143.98,541.83K,2014-04-25 19:59:59-04:00
2014-04-28,144.27,144.27,144.43,144.1,144.29,436.32K,2014-04-28 19:59:59-04:00
2014-04-29,144.25,144.25,144.3,143.8,144.18,690.83K,2014-04-29 19:59:59-04:00
2014-04-30,144.54,144.54,144.73,144.0,144.32,775.00K,2014-04-30 19:59:59-04:00
2014-05-02,144.8,144.8,144.97,144.11,144.75,733.93K,2014-05-02 19:59:59-04:00
2014-05-05,144.66,144.66,144.92,144.62,144.83,183.80K,2014-05-05 19:59:59-04:00
2014-05-06,144.67,144.67,144.78,144.41,144.63,458.22K,2014-05-06 19:59:59-04:00
2014-05-07,144.55,144.55,144.89,144.29,144.78,637.96K,2014-05-07 19:59:59-04:00
2014-05-08,144.89,144.89,144.96,144.34,144.55,765.69K,2014-05-08 19:59:59-04:00
2014-05-09,144.86,144.86,145.03,144.71,144.92,464.39K,2014-05-09 19:59:59-04:00
2014-05-12,144.77,144.77,144.84,144.62,144.72,357.47K,2014-05-12 19:59:59-04:00
2014-05-13,145.31,145.31,145.33,144.65,144.68,727.06K,2014-05-13 19:59:59-04:00
2014-05-14,145.84,145.84,145.97,145.25,145.28,781.34K,2014-05-14 19:59:59-04:00
2014-05-15,146.65,146.65,146.75,145.73,145.78,1.07M,2014-05-15 19:59:59-04:00
2014-05-16,146.33,146.33,146.76,146.25,146.63,642.98K,2014-05-16 19:59:59-04:00
2014-05-19,146.27,146.27,146.58,146.07,146.34,529.57K,2014-05-19 19:59:59-04:00
2014-05-20,146.09,146.09,146.34,145.95,146.09,584.96K,2014-05-20 19:59:59-04:00
2014-05-21,145.85,145.85,146.32,145.75,146.28,640.58K,2014-05-21 19:59:59-04:00
2014-05-22,146.1,146.1,146.24,145.67,145.75,513.95K,2014-05-22 19:59:59-04:00
2014-05-23,146.09,146.09,146.2,145.95,145.99,384.04K,2014-05-23 19:59:59-04:00
2014-05-26,146.09,146.09,146.21,145.85,146.06,111.40K,2014-05-26 19:59:59-04:00
2014-05-27,146.4,146.4,146.54,145.9,146.02,545.44K,2014-05-27 19:59:59-04:00
2014-05-28,147.04,147.04,147.09,146.41,146.5,777.21K,2014-05-28 19:59:59-04:00
2014-05-29,146.93,146.93,147.12,146.65,147.08,550.56K,2014-05-29 19:59:59-04:00
2014-05-30,146.81,146.81,146.84,146.52,146.63,590.18K,2014-05-30 19:59:59-04:00
2014-06-02,146.72,146.72,147.04,146.52,146.72,833.25K,2014-06-02 19:59:59-04:00
2014-06-03,146.12,146.12,146.72,145.95,146.72,1.28M,2014-06-03 19:59:59-04:00
2014-06-04,145.93,145.93,146.26,145.81,146.06,1.18M,2014-06-04 19:59:59-04:00
2014-06-05,146.19,146.19,146.43,145.25,145.99,236.31K,2014-06-05 19:59:59-04:00
2014-06-06,146.77,146.77,146.86,146.4,146.49,18.73K,2014-06-06 19:59:59-04:00
2014-06-09,145.39,145.39,145.76,145.33,145.52,334.52K,2014-06-09 19:59:59-04:00
2014-06-10,145.0,145.0,145.57,144.94,145.56,543.50K,2014-06-10 19:59:59-04:00
2014-06-11,145.18,145.18,145.3,144.58,144.89,715.73K,2014-06-11 19:59:59-04:00
2014-06-12,145.25,145.25,145.63,144.9,144.97,557.50K,2014-06-12 19:59:59-04:00
2014-06-13,145.45,145.45,145.65,144.91,145.35,626.31K,2014-06-13 19:59:59-04:00
2014-06-16,145.7,145.7,145.81,145.51,145.65,389.39K,2014-06-16 19:59:59-04:00
2014-06-17,145.05,145.05,145.72,145.02,145.66,562.29K,2014-06-17 19:59:59-04:00
2014-06-18,145.46,145.46,145.68,144.91,145.14,580.06K,2014-06-18 19:59:59-04:00
2014-06-19,146.14,146.14,146.33,145.71,145.77,596.00K,2014-06-19 19:59:59-04:00
2014-06-20,145.83,145.83,146.08,145.66,146.05,421.90K,2014-06-20 19:59:59-04:00
2014-06-23,146.14,146.14,146.26,145.72,145.81,392.39K,2014-06-23 19:59:59-04:00
2014-06-24,146.11,146.11,146.3,145.99,146.02,481.54K,2014-06-24 19:59:59-04:00
2014-06-25,146.84,146.84,146.92,146.21,146.35,576.85K,2014-06-25 19:59:59-04:00
2014-06-26,147.13,147.13,147.18,146.73,146.78,580.07K,2014-06-26 19:59:59-04:00
2014-06-27,146.92,146.92,147.19,146.81,147.19,456.90K,2014-06-27 19:59:59-04:00
2014-06-30,147.01,147.01,147.13,146.77,146.9,484.61K,2014-06-30 19:59:59-04:00
2014-07-01,147.11,147.11,147.19,146.85,146.98,424.75K,2014-07-01 19:59:59-04:00
2014-07-02,146.65,146.65,147.25,146.55,147.01,615.45K,2014-07-02 19:59:59-04:00
2014-07-03,146.53,146.53,146.62,145.85,146.62,728.22K,2014-07-03 19:59:59-04:00
2014-07-04,146.84,146.84,147.01,146.52,146.55,227.22K,2014-07-04 19:59:59-04:00
2014-07-07,146.96,146.96,146.98,146.71,146.8,310.15K,2014-07-07 19:59:59-04:00
2014-07-08,147.38,147.38,147.47,146.81,146.88,535.16K,2014-07-08 19:59:59-04:00
2014-07-09,147.33,147.33,147.54,147.23,147.4,436.75K,2014-07-09 19:59:59-04:00
2014-07-10,147.61,147.61,148.06,147.47,147.54,759.99K,2014-07-10 19:59:59-04:00
2014-07-11,147.64,147.64,147.72,147.39,147.64,464.63K,2014-07-11 19:59:59-04:00
2014-07-14,147.58,147.58,147.66,147.46,147.5,232.40K,2014-07-14 19:59:59-04:00
2014-07-15,147.5,147.5,147.9,147.43,147.62,673.43K,2014-07-15 19:59:59-04:00
2014-07-16,147.76,147.76,147.86,147.6,147.63,497.25K,2014-07-16 19:59:59-04:00
2014-07-17,148.2,148.2,148.48,147.87,147.95,644.76K,2014-07-17 19:59:59-04:00
2014-07-18,148.25,148.25,148.49,148.12,148.35,467.55K,2014-07-18 19:59:59-04:00
2014-07-21,148.41,148.41,148.45,148.2,148.3,324.67K,2014-07-21 19:59:59-04:00
2014-07-22,148.0,148.0,148.33,147.91,148.29,638.59K,2014-07-22 19:59:59-04:00
2014-07-23,148.32,148.32,148.44,148.01,148.14,461.47K,2014-07-23 19:59:59-04:00
2014-07-24,147.88,147.88,148.39,147.78,148.32,604.11K,2014-07-24 19:59:59-04:00
2014-07-25,148.29,148.29,148.4,147.81,147.95,484.29K,2014-07-25 19:59:59-04:00
2014-07-28,148.27,148.27,148.46,148.06,148.35,429.74K,2014-07-28 19:59:59-04:00
2014-07-29,148.69,148.69,148.78,148.18,148.24,626.94K,2014-07-29 19:59:59-04:00
2014-07-30,148.1,148.1,148.71,147.75,148.64,742.48K,2014-07-30 19:59:59-04:00
2014-07-31,147.99,147.99,148.27,147.65,147.94,921.22K,2014-07-31 19:59:59-04:00
2014-08-01,148.42,148.42,148.62,147.74,147.98,813.26K,2014-08-01 19:59:59-04:00
2014-08-04,148.46,148.46,148.57,148.33,148.4,391.47K,2014-08-04 19:59:59-04:00
2014-08-05,148.01,148.01,148.48,147.84,148.4,550.96K,2014-08-05 19:59:59-04:00
2014-08-06,148.82,148.82,148.99,148.19,148.21,775.15K,2014-08-06 19:59:59-04:00
2014-08-07,149.24,149.24,149.49,148.86,148.9,708.90K,2014-08-07 19:59:59-04:00
2014-08-08,149.48,149.48,149.84,149.16,149.68,813.98K,2014-08-08 19:59:59-04:00
2014-08-11,149.34,149.34,149.51,149.16,149.22,429.66K,2014-08-11 19:59:59-04:00
2014-08-12,149.37,149.37,149.54,149.25,149.31,471.25K,2014-08-12 19:59:59-04:00
2014-08-13,149.73,149.73,149.87,149.07,149.24,695.01K,2014-08-13 19:59:59-04:00
2014-08-14,149.92,149.92,150.16,149.79,149.88,719.44K,2014-08-14 19:59:59-04:00
2014-08-15,150.41,150.41,150.7,149.86,149.88,655.66K,2014-08-15 19:59:59-04:00
2014-08-18,149.91,149.91,150.27,149.81,150.2,433.69K,2014-08-18 19:59:59-04:00
2014-08-19,150.11,150.11,150.25,149.82,149.85,490.60K,2014-08-19 19:59:59-04:00
2014-08-20,150.32,150.32,150.37,149.94,150.07,476.68K,2014-08-20 19:59:59-04:00
2014-08-21,150.21,150.21,150.4,149.95,150.13,590.67K,2014-08-21 19:59:59-04:00
2014-08-22,150.27,150.27,150.62,150.1,150.28,603.09K,2014-08-22 19:59:59-04:00
2014-08-25,150.73,150.73,151.09,150.4,150.41,381.72K,2014-08-25 19:59:59-04:00
2014-08-26,150.82,150.82,151.03,150.76,150.9,559.05K,2014-08-26 19:59:59-04:00
2014-08-27,151.3,151.3,151.47,150.94,151.0,671.95K,2014-08-27 19:59:59-04:00
2014-08-28,151.58,151.58,151.83,151.24,151.39,730.12K,2014-08-28 19:59:59-04:00
2014-08-29,151.54,151.54,151.71,151.26,151.67,669.65K,2014-08-29 19:59:59-04:00
2014-09-01,151.57,151.57,151.63,151.42,151.52,293.94K,2014-09-01 19:59:59-04:00
2014-09-02,151.09,151.09,151.53,150.86,151.52,1.21M,2014-09-02 19:59:59-04:00
2014-09-03,150.84,150.84,151.09,150.54,151.03,1.47M,2014-09-03 19:59:59-04:00
2014-09-04,150.65,150.65,151.49,150.49,150.95,1.58M,2014-09-04 19:59:59-04:00
2014-09-05,151.11,151.11,151.28,150.6,150.63,443.51K,2014-09-05 19:59:59-04:00
2014-09-08,151.3,151.3,151.38,151.05,151.13,37.38K,2014-09-08 19:59:59-04:00
2014-09-09,148.4,148.4,148.69,148.16,148.62,958.83K,2014-09-09 19:59:59-04:00
2014-09-10,148.38,148.38,148.45,148.02,148.34,836.41K,2014-09-10 19:59:59-04:00
2014-09-11,148.39,148.39,148.72,148.28,148.36,890.03K,2014-09-11 19:59:59-04:00
2014-09-12,147.9,147.9,148.33,147.77,148.31,658.34K,2014-09-12 19:59:59-04:00
2014-09-15,148.17,148.17,148.38,147.81,147.92,565.03K,2014-09-15 19:59:59-04:00
2014-09-16,148.2,148.2,148.62,148.1,148.32,680.05K,2014-09-16 19:59:59-04:00
2014-09-17,148.4,148.4,148.6,148.04,148.15,657.34K,2014-09-17 19:59:59-04:00
2014-09-18,147.88,147.88,148.47,147.72,147.99,850.39K,2014-09-18 19:59:59-04:00
2014-09-19,148.49,148.49,148.71,147.63,147.8,763.58K,2014-09-19 19:59:59-04:00
2014-09-22,148.76,148.76,148.97,148.57,148.77,523.13K,2014-09-22 19:59:59-04:00
2014-09-23,148.93,148.93,149.25,148.82,148.9,590.95K,2014-09-23 19:59:59-04:00
2014-09-24,149.01,149.01,149.17,148.78,148.95,580.63K,2014-09-24 19:59:59-04:00
2014-09-25,149.37,149.37,149.48,148.9,148.9,632.86K,2014-09-25 19:59:59-04:00
2014-09-26,149.44,149.44,149.72,149.26,149.51,724.53K,2014-09-26 19:59:59-04:00
2014-09-29,149.52,149.52,149.68,149.21,149.46,568.40K,2014-09-29 19:59:59-04:00
2014-09-30,149.7,149.7,149.8,149.3,149.47,892.52K,2014-09-30 19:59:59-04:00
2014-10-01,150.21,150.21,150.42,149.65,149.72,892.53K,2014-10-01 19:59:59-04:00
2014-10-02,150.12,150.12,150.35,149.85,150.33,895.83K,2014-10-02 19:59:59-04:00
2014-10-03,149.82,149.82,150.07,149.45,149.99,629.71K,2014-10-03 19:59:59-04:00
2014-10-06,150.12,150.12,150.23,149.93,149.94,569.58K,2014-10-06 19:59:59-04:00
2014-10-07,150.11,150.11,150.35,149.83,150.16,841.26K,2014-10-07 19:59:59-04:00
2014-10-08,150.2,150.2,150.43,149.95,150.18,766.14K,2014-10-08 19:59:59-04:00
2014-10-09,150.21,150.21,150.78,150.14,150.32,945.17K,2014-10-09 19:59:59-04:00
2014-10-10,150.4,150.4,150.58,150.02,150.3,711.39K,2014-10-10 19:59:59-04:00
2014-10-13,150.37,150.37,150.76,150.22,150.75,474.93K,2014-10-13 19:59:59-04:00
2014-10-14,150.91,150.91,151.19,150.24,150.38,959.26K,2014-10-14 19:59:59-04:00
2014-10-15,151.81,151.81,152.49,150.92,150.92,1.64M,2014-10-15 19:59:59-04:00
2014-10-16,151.12,151.12,152.47,150.87,151.65,1.41M,2014-10-16 19:59:59-04:00
2014-10-17,150.64,150.64,151.26,150.49,151.21,951.84K,2014-10-17 19:59:59-04:00
2014-10-20,150.78,150.78,151.12,150.64,150.68,695.34K,2014-10-20 19:59:59-04:00
2014-10-21,150.58,150.58,151.12,150.26,151.01,777.38K,2014-10-21 19:59:59-04:00
2014-10-22,150.64,150.64,150.83,150.29,150.59,657.48K,2014-10-22 19:59:59-04:00
2014-10-23,150.26,150.26,150.93,150.08,150.79,633.91K,2014-10-23 19:59:59-04:00
2014-10-24,150.35,150.35,150.74,150.27,150.4,615.98K,2014-10-24 19:59:59-04:00
2014-10-27,150.61,150.61,150.72,150.07,150.29,531.58K,2014-10-27 19:59:59-04:00
2014-10-28,150.53,150.53,150.71,150.23,150.55,568.72K,2014-10-28 19:59:59-04:00
2014-10-29,150.33,150.33,150.66,150.06,150.56,498.39K,2014-10-29 19:59:59-04:00
2014-10-30,150.88,150.88,151.1,150.23,150.26,795.68K,2014-10-30 19:59:59-04:00
2014-10-31,150.91,150.91,151.15,150.55,150.76,814.48K,2014-10-31 19:59:59-04:00
2014-11-03,150.76,150.76,151.35,150.68,151.17,537.98K,2014-11-03 18:59:59-05:00
2014-11-04,151.36,151.36,151.45,150.83,150.98,717.70K,2014-11-04 18:59:59-05:00
2014-11-05,151.16,151.16,151.31,151.07,151.19,495.94K,2014-11-05 18:59:59-05:00
2014-11-06,151.13,151.13,151.35,150.77,151.26,715.47K,2014-11-06 18:59:59-05:00
2014-11-07,151.27,151.27,151.4,150.78,151.11,649.11K,2014-11-07 18:59:59-05:00
2014-11-10,151.3,151.3,151.59,151.08,151.37,424.52K,2014-11-10 18:59:59-05:00
2014-11-11,151.26,151.26,151.35,150.97,151.11,325.47K,2014-11-11 18:59:59-05:00
2014-11-12,151.49,151.49,151.71,151.31,151.33,600.00K,2014-11-12 18:59:59-05:00
2014-11-13,151.62,151.62,151.8,151.29,151.34,553.24K,2014-11-13 18:59:59-05:00
2014-11-14,151.74,151.74,151.93,151.62,151.68,454.09K,2014-11-14 18:59:59-05:00
2014-11-17,151.66,151.66,152.08,151.51,152.02,545.48K,2014-11-17 18:59:59-05:00
2014-11-18,151.59,151.59,151.85,151.55,151.68,486.28K,2014-11-18 18:59:59-05:00
2014-11-19,151.13,151.13,151.75,150.94,151.65,725.96K,2014-11-19 18:59:59-05:00
2014-11-20,151.64,151.64,151.77,151.09,151.15,756.94K,2014-11-20 18:59:59-05:00
2014-11-21,151.97,151.97,152.05,151.54,151.59,565.36K,2014-11-21 18:59:59-05:00
2014-11-24,151.88,151.88,152.06,151.8,151.98,440.46K,2014-11-24 18:59:59-05:00
2014-11-25,152.32,152.32,152.43,151.95,151.99,574.52K,2014-11-25 18:59:59-05:00
2014-11-26,152.55,152.55,152.57,152.25,152.42,570.86K,2014-11-26 18:59:59-05:00
2014-11-27,152.88,152.88,152.97,152.48,152.49,387.82K,2014-11-27 18:59:59-05:00
2014-11-28,152.85,152.85,153.0,152.75,152.9,504.95K,2014-11-28 18:59:59-05:00
2014-12-01,152.53,152.53,153.01,152.16,152.96,749.03K,2014-12-01 18:59:59-05:00
2014-12-02,152.29,152.29,152.54,152.15,152.2,1.00M,2014-12-02 18:59:59-05:00
2014-12-03,152.29,152.29,152.45,152.1,152.25,1.28M,2014-12-03 18:59:59-05:00
2014-12-04,152.1,152.1,152.57,151.89,152.35,1.18M,2014-12-04 18:59:59-05:00
2014-12-05,151.93,151.93,152.42,151.8,152.3,297.79K,2014-12-05 18:59:59-05:00
2014-12-08,152.45,152.45,152.47,151.9,151.99,24.73K,2014-12-08 18:59:59-05:00
2014-12-09,153.91,153.91,153.98,153.45,153.56,760.94K,2014-12-09 18:59:59-05:00
2014-12-10,153.97,153.97,154.23,153.82,153.83,515.53K,2014-12-10 18:59:59-05:00
2014-12-11,154.06,154.06,154.33,153.96,154.13,606.43K,2014-12-11 18:59:59-05:00
2014-12-12,154.73,154.73,154.8,154.23,154.29,555.95K,2014-12-12 18:59:59-05:00
2014-12-15,154.65,154.65,154.73,154.35,154.7,472.30K,2014-12-15 18:59:59-05:00
2014-12-16,155.03,155.03,155.44,154.53,154.62,846.55K,2014-12-16 18:59:59-05:00
2014-12-17,155.12,155.12,155.45,154.92,155.02,551.71K,2014-12-17 18:59:59-05:00
2014-12-18,154.83,154.83,155.39,154.59,155.05,566.34K,2014-12-18 18:59:59-05:00
2014-12-19,155.11,155.11,155.21,154.58,154.9,353.95K,2014-12-19 18:59:59-05:00
2014-12-22,155.05,155.05,155.23,154.9,155.23,228.92K,2014-12-22 18:59:59-05:00
2014-12-23,155.17,155.17,155.31,154.92,155.13,204.24K,2014-12-23 18:59:59-05:00
2014-12-24,154.93,154.93,154.93,154.93,154.93,,2014-12-24 18:59:59-05:00
2014-12-29,155.82,155.82,155.88,155.06,155.14,238.14K,2014-12-29 18:59:59-05:00
2014-12-30,155.87,155.87,155.96,155.56,155.69,225.60K,2014-12-30 18:59:59-05:00
2014-12-31,155.79,155.79,155.79,155.79,155.79,,2014-12-31 18:59:59-05:00
2015-01-02,156.48,156.48,156.57,155.74,155.84,337.40K,2015-01-02 18:59:59-05:00
2015-01-05,156.22,156.22,156.58,156.2,156.51,593.49K,2015-01-05 18:59:59-05:00
2015-01-06,156.92,156.92,157.2,156.29,156.4,735.02K,2015-01-06 18:59:59-05:00
2015-01-07,156.73,156.73,157.26,156.51,156.85,759.12K,2015-01-07 18:59:59-05:00
2015-01-08,156.33,156.33,156.75,156.27,156.61,676.11K,2015-01-08 18:59:59-05:00
2015-01-09,156.74,156.74,156.77,156.1,156.37,663.82K,2015-01-09 18:59:59-05:00
2015-01-12,156.71,156.71,156.9,156.3,156.52,484.35K,2015-01-12 18:59:59-05:00
2015-01-13,156.68,156.68,157.04,156.56,156.71,606.26K,2015-01-13 18:59:59-05:00
2015-01-14,157.26,157.26,157.41,156.84,156.95,745.30K,2015-01-14 18:59:59-05:00
2015-01-15,157.44,157.44,157.7,157.0,157.02,902.30K,2015-01-15 18:59:59-05:00
2015-01-16,157.44,157.44,157.97,157.37,157.65,760.32K,2015-01-16 18:59:59-05:00
2015-01-19,157.77,157.77,157.88,157.4,157.58,363.25K,2015-01-19 18:59:59-05:00
2015-01-20,157.69,157.69,157.85,157.53,157.63,618.09K,2015-01-20 18:59:59-05:00
2015-01-21,156.81,156.81,157.76,156.61,157.7,1.05M,2015-01-21 18:59:59-05:00
2015-01-22,157.74,157.74,158.08,156.0,156.62,1.22M,2015-01-22 18:59:59-05:00
2015-01-23,158.73,158.73,158.94,157.69,157.82,820.23K,2015-01-23 18:59:59-05:00
2015-01-26,158.15,158.15,159.05,158.13,158.88,547.70K,2015-01-26 18:59:59-05:00
2015-01-27,158.42,158.42,158.48,158.15,158.31,595.36K,2015-01-27 18:59:59-05:00
2015-01-28,158.74,158.74,159.19,157.83,158.17,674.40K,2015-01-28 18:59:59-05:00
2015-01-29,158.72,158.72,159.11,158.47,158.95,578.32K,2015-01-29 18:59:59-05:00
2015-01-30,159.39,159.39,159.54,158.62,158.7,634.94K,2015-01-30 18:59:59-05:00
2015-02-02,159.35,159.35,159.5,159.16,159.37,484.03K,2015-02-02 18:59:59-05:00
2015-02-03,158.91,158.91,159.37,158.66,159.34,639.67K,2015-02-03 18:59:59-05:00
2015-02-04,158.62,158.62,159.04,158.52,158.66,675.58K,2015-02-04 18:59:59-05:00
2015-02-05,158.58,158.58,159.18,158.32,159.13,661.78K,2015-02-05 18:59:59-05:00
2015-02-06,158.42,158.42,158.96,158.32,158.57,612.70K,2015-02-06 18:59:59-05:00
2015-02-09,158.84,158.84,159.11,158.45,158.58,519.78K,2015-02-09 18:59:59-05:00
2015-02-10,158.46,158.46,158.8,158.18,158.62,755.06K,2015-02-10 18:59:59-05:00
2015-02-11,158.61,158.61,158.88,158.52,158.56,422.86K,2015-02-11 18:59:59-05:00
2015-02-12,159.1,159.1,159.24,158.45,158.78,748.39K,2015-02-12 18:59:59-05:00
2015-02-13,158.99,158.99,159.13,158.72,159.09,518.98K,2015-02-13 18:59:59-05:00
2015-02-16,158.93,158.93,159.37,158.77,158.81,268.28K,2015-02-16 18:59:59-05:00
2015-02-17,158.61,158.61,159.36,158.29,159.36,577.45K,2015-02-17 18:59:59-05:00
2015-02-18,158.53,158.53,158.72,158.23,158.55,712.21K,2015-02-18 18:59:59-05:00
2015-02-19,158.63,158.63,158.88,158.33,158.7,690.56K,2015-02-19 18:59:59-05:00
2015-02-20,158.82,158.82,159.2,158.2,158.48,757.23K,2015-02-20 18:59:59-05:00
2015-02-23,158.86,158.86,158.95,158.41,158.53,467.28K,2015-02-23 18:59:59-05:00
2015-02-24,158.86,158.86,158.95,158.51,158.95,558.50K,2015-02-24 18:59:59-05:00
2015-02-25,159.45,159.45,159.58,158.9,158.95,720.54K,2015-02-25 18:59:59-05:00
2015-02-26,159.8,159.8,160.0,159.47,159.54,693.47K,2015-02-26 18:59:59-05:00
2015-02-27,159.46,159.46,159.8,159.22,159.8,844.13K,2015-02-27 18:59:59-05:00
2015-03-02,159.13,159.13,159.64,159.01,159.44,733.05K,2015-03-02 18:59:59-05:00
2015-03-03,159.0,159.0,159.26,158.74,159.08,1.33M,2015-03-03 18:59:59-05:00
2015-03-04,158.77,158.77,159.04,158.6,158.78,1.21M,2015-03-04 18:59:59-05:00
2015-03-05,158.99,158.99,159.55,158.06,158.72,608.33K,2015-03-05 18:59:59-05:00
2015-03-06,159.06,159.06,159.35,159.0,159.27,21.87K,2015-03-06 18:59:59-05:00
2015-03-09,157.28,157.28,157.37,156.2,156.23,692.54K,2015-03-09 19:59:59-04:00
2015-03-10,158.33,158.33,158.49,157.26,157.29,800.51K,2015-03-10 19:59:59-04:00
2015-03-11,158.64,158.64,158.79,158.14,158.4,770.22K,2015-03-11 19:59:59-04:00
2015-03-12,157.96,157.96,158.83,157.9,158.61,753.52K,2015-03-12 19:59:59-04:00
2015-03-13,157.99,157.99,158.18,157.58,157.93,593.10K,2015-03-13 19:59:59-04:00
2015-03-16,157.7,157.7,158.06,157.46,158.02,511.36K,2015-03-16 19:59:59-04:00
2015-03-17,157.59,157.59,157.83,157.5,157.78,477.88K,2015-03-17 19:59:59-04:00
2015-03-18,158.65,158.65,159.13,157.62,157.67,734.83K,2015-03-18 19:59:59-04:00
2015-03-19,158.69,158.69,159.0,158.45,158.93,529.85K,2015-03-19 19:59:59-04:00
2015-03-20,158.76,158.76,158.98,158.59,158.79,369.25K,2015-03-20 19:59:59-04:00
2015-03-23,158.37,158.37,158.95,158.24,158.88,430.62K,2015-03-23 19:59:59-04:00
2015-03-24,158.13,158.13,158.67,158.1,158.39,492.10K,2015-03-24 19:59:59-04:00
2015-03-25,158.33,158.33,158.56,158.13,158.33,454.58K,2015-03-25 19:59:59-04:00
2015-03-26,158.41,158.41,158.56,158.17,158.29,434.26K,2015-03-26 19:59:59-04:00
2015-03-27,158.54,158.54,158.6,158.05,158.44,530.94K,2015-03-27 19:59:59-04:00
2015-03-30,158.48,158.48,158.89,158.39,158.52,395.01K,2015-03-30 19:59:59-04:00
2015-03-31,158.76,158.76,158.88,158.35,158.54,496.43K,2015-03-31 19:59:59-04:00
2015-04-01,158.94,158.94,159.21,158.56,158.72,572.24K,2015-04-01 19:59:59-04:00
2015-04-02,158.75,158.75,159.07,158.62,158.92,399.23K,2015-04-02 19:59:59-04:00
2015-04-07,158.77,158.77,158.9,158.63,158.86,284.95K,2015-04-07 19:59:59-04:00
2015-04-08,159.08,159.08,159.19,158.93,158.95,386.08K,2015-04-08 19:59:59-04:00
2015-04-09,159.12,159.12,159.44,159.0,159.15,454.40K,2015-04-09 19:59:59-04:00
2015-04-10,159.19,159.19,159.37,159.01,159.04,385.15K,2015-04-10 19:59:59-04:00
2015-04-13,159.2,159.2,159.4,159.03,159.21,385.54K,2015-04-13 19:59:59-04:00
2015-04-14,159.54,159.54,159.62,159.24,159.35,455.02K,2015-04-14 19:59:59-04:00
2015-04-15,159.96,159.96,160.05,159.44,159.47,491.17K,2015-04-15 19:59:59-04:00
2015-04-16,160.18,160.18,160.4,159.9,159.92,609.39K,2015-04-16 19:59:59-04:00
2015-04-17,160.29,160.29,160.69,160.21,160.32,486.84K,2015-04-17 19:59:59-04:00
2015-04-20,160.36,160.36,160.51,160.24,160.34,353.25K,2015-04-20 19:59:59-04:00
2015-04-21,160.0,160.0,160.44,159.82,160.36,507.05K,2015-04-21 19:59:59-04:00
2015-04-22,159.19,159.19,160.18,159.11,159.98,716.87K,2015-04-22 19:59:59-04:00
2015-04-23,159.17,159.17,159.58,159.02,159.24,613.27K,2015-04-23 19:59:59-04:00
2015-04-24,159.29,159.29,159.38,158.93,159.17,546.43K,2015-04-24 19:59:59-04:00
2015-04-27,159.19,159.19,159.55,159.03,159.4,392.34K,2015-04-27 19:59:59-04:00
2015-04-28,159.27,159.27,159.47,159.05,159.2,495.19K,2015-04-28 19:59:59-04:00
2015-04-29,157.73,157.73,159.21,157.6,159.19,1.15M,2015-04-29 19:59:59-04:00
2015-04-30,156.7,156.7,157.89,156.42,157.74,1.23M,2015-04-30 19:59:59-04:00
2015-05-04,155.67,155.67,156.75,155.46,156.68,632.93K,2015-05-04 19:59:59-04:00
2015-05-05,154.85,154.85,156.22,154.6,155.53,1.22M,2015-05-05 19:59:59-04:00
2015-05-06,153.93,153.93,154.97,153.7,154.74,1.30M,2015-05-06 19:59:59-04:00
2015-05-07,154.0,154.0,154.44,151.44,153.73,1.73M,2015-05-07 19:59:59-04:00
2015-05-08,154.76,154.76,154.96,153.56,154.36,988.23K,2015-05-08 19:59:59-04:00
2015-05-11,154.13,154.13,155.03,153.39,154.77,720.30K,2015-05-11 19:59:59-04:00
2015-05-12,153.04,153.04,153.51,152.27,153.3,1.25M,2015-05-12 19:59:59-04:00
2015-05-13,152.72,152.72,154.16,151.97,152.95,1.03M,2015-05-13 19:59:59-04:00
2015-05-14,152.7,152.7,153.21,152.01,152.15,709.42K,2015-05-14 19:59:59-04:00
2015-05-15,153.56,153.56,153.9,153.01,153.1,668.51K,2015-05-15 19:59:59-04:00
2015-05-18,153.51,153.51,153.84,153.24,153.46,566.66K,2015-05-18 19:59:59-04:00
2015-05-19,153.89,153.89,154.77,153.48,153.54,988.96K,2015-05-19 19:59:59-04:00
2015-05-20,153.67,153.67,154.46,153.55,153.88,681.55K,2015-05-20 19:59:59-04:00
2015-05-21,153.6,153.6,153.99,153.0,153.68,858.33K,2015-05-21 19:59:59-04:00
2015-05-22,154.0,154.0,154.19,153.55,153.58,576.92K,2015-05-22 19:59:59-04:00
2015-05-26,154.77,154.77,154.95,154.04,154.26,634.98K,2015-05-26 19:59:59-04:00
2015-05-27,154.71,154.71,155.15,154.36,154.71,712.91K,2015-05-27 19:59:59-04:00
2015-05-28,154.9,154.9,155.24,154.79,154.9,566.72K,2015-05-28 19:59:59-04:00
2015-05-29,155.43,155.43,155.7,155.06,155.27,638.81K,2015-05-29 19:59:59-04:00
2015-06-01,155.25,155.25,155.79,154.58,155.47,866.35K,2015-06-01 19:59:59-04:00
2015-06-02,153.13,153.13,154.97,152.73,154.85,1.68M,2015-06-02 19:59:59-04:00
2015-06-03,151.18,151.18,153.19,150.61,152.9,1.70M,2015-06-03 19:59:59-04:00
2015-06-04,151.54,151.54,151.9,149.6,150.71,1.31M,2015-06-04 19:59:59-04:00
2015-06-05,151.65,151.65,151.75,150.49,151.54,293.30K,2015-06-05 19:59:59-04:00
2015-06-08,151.5,151.5,151.82,150.89,151.45,18.67K,2015-06-08 19:59:59-04:00
2015-06-09,149.41,149.41,150.83,149.34,150.67,759.37K,2015-06-09 19:59:59-04:00
2015-06-10,148.98,148.98,149.64,148.23,149.41,1.03M,2015-06-10 19:59:59-04:00
2015-06-11,150.39,150.39,150.76,148.66,149.04,869.59K,2015-06-11 19:59:59-04:00
2015-06-12,151.04,151.04,151.3,149.93,150.91,779.63K,2015-06-12 19:59:59-04:00
2015-06-15,151.27,151.27,151.83,151.0,151.38,672.11K,2015-06-15 19:59:59-04:00
2015-06-16,151.43,151.43,152.21,151.28,151.44,787.12K,2015-06-16 19:59:59-04:00
2015-06-17,151.43,151.43,151.94,151.26,151.73,584.35K,2015-06-17 19:59:59-04:00
2015-06-18,151.47,151.47,152.47,150.6,152.06,763.32K,2015-06-18 19:59:59-04:00
2015-06-19,152.04,152.04,152.22,151.38,151.43,541.40K,2015-06-19 19:59:59-04:00
2015-06-22,150.36,150.36,151.79,150.29,151.75,814.05K,2015-06-22 19:59:59-04:00
2015-06-23,150.69,150.69,150.85,150.02,150.36,669.42K,2015-06-23 19:59:59-04:00
2015-06-24,151.08,151.08,151.57,150.62,150.67,598.37K,2015-06-24 19:59:59-04:00
2015-06-25,150.87,150.87,151.45,150.45,151.32,650.33K,2015-06-25 19:59:59-04:00
2015-06-26,150.19,150.19,151.1,149.86,151.03,589.06K,2015-06-26 19:59:59-04:00
2015-06-29,151.77,151.77,152.91,151.13,152.53,857.98K,2015-06-29 19:59:59-04:00
2015-06-30,152.0,152.0,152.56,151.48,152.4,815.92K,2015-06-30 19:59:59-04:00
2015-07-01,151.56,151.56,152.22,151.1,152.01,721.06K,2015-07-01 19:59:59-04:00
2015-07-02,151.04,151.04,151.29,150.46,151.28,691.63K,2015-07-02 19:59:59-04:00
2015-07-03,151.8,151.8,151.98,150.97,151.01,405.95K,2015-07-03 19:59:59-04:00
2015-07-06,152.17,152.17,153.35,152.03,153.18,604.50K,2015-07-06 19:59:59-04:00
2015-07-07,153.9,153.9,154.05,152.27,152.5,814.82K,2015-07-07 19:59:59-04:00
2015-07-08,153.22,153.22,154.24,153.1,153.45,709.62K,2015-07-08 19:59:59-04:00
2015-07-09,152.65,152.65,153.4,152.29,153.19,533.86K,2015-07-09 19:59:59-04:00
2015-07-10,150.7,150.7,152.09,150.34,152.09,845.96K,2015-07-10 19:59:59-04:00
2015-07-13,151.12,151.12,151.34,149.49,151.2,720.62K,2015-07-13 19:59:59-04:00
2015-07-14,151.38,151.38,151.75,150.94,151.1,481.85K,2015-07-14 19:59:59-04:00
2015-07-15,152.2,152.2,152.69,151.3,151.47,608.20K,2015-07-15 19:59:59-04:00
2015-07-16,152.07,152.07,152.54,151.61,152.3,575.32K,2015-07-16 19:59:59-04:00
2015-07-17,152.65,152.65,152.88,152.22,152.22,423.86K,2015-07-17 19:59:59-04:00
2015-07-20,152.9,152.9,153.33,152.42,152.64,410.87K,2015-07-20 19:59:59-04:00
2015-07-21,152.75,152.75,153.32,152.5,153.0,465.06K,2015-07-21 19:59:59-04:00
2015-07-22,153.21,153.21,153.3,152.67,153.0,397.21K,2015-07-22 19:59:59-04:00
2015-07-23,153.13,153.13,153.46,153.02,153.14,384.26K,2015-07-23 19:59:59-04:00
2015-07-24,153.85,153.85,153.94,153.35,153.45,431.99K,2015-07-24 19:59:59-04:00
2015-07-27,153.9,153.9,154.21,153.69,153.95,394.08K,2015-07-27 19:59:59-04:00
2015-07-28,153.84,153.84,153.93,153.28,153.88,435.61K,2015-07-28 19:59:59-04:00
2015-07-29,153.61,153.61,153.92,153.35,153.83,346.11K,2015-07-29 19:59:59-04:00
2015-07-30,154.37,154.37,154.5,153.4,153.45,528.39K,2015-07-30 19:59:59-04:00
2015-07-31,154.4,154.4,154.49,153.67,154.42,668.87K,2015-07-31 19:59:59-04:00
2015-08-03,154.57,154.57,154.95,154.09,154.39,344.87K,2015-08-03 19:59:59-04:00
2015-08-04,154.56,154.56,155.09,154.16,154.62,479.25K,2015-08-04 19:59:59-04:00
2015-08-05,153.34,153.34,154.37,152.91,154.2,656.74K,2015-08-05 19:59:59-04:00
2015-08-06,153.71,153.71,153.95,153.22,153.31,494.82K,2015-08-06 19:59:59-04:00
2015-08-07,154.43,154.43,154.55,153.57,153.77,409.47K,2015-08-07 19:59:59-04:00
2015-08-10,153.94,153.94,154.45,153.86,154.43,274.06K,2015-08-10 19:59:59-04:00
2015-08-11,154.94,154.94,154.99,154.14,154.23,496.89K,2015-08-11 19:59:59-04:00
2015-08-12,155.29,155.29,155.48,154.81,155.24,630.36K,2015-08-12 19:59:59-04:00
2015-08-13,154.92,154.92,155.13,154.54,154.78,463.77K,2015-08-13 19:59:59-04:00
2015-08-14,154.66,154.66,155.15,154.54,154.97,342.04K,2015-08-14 19:59:59-04:00
2015-08-17,154.98,154.98,155.09,154.52,154.78,347.95K,2015-08-17 19:59:59-04:00
2015-08-18,154.82,154.82,155.28,154.57,154.99,420.90K,2015-08-18 19:59:59-04:00
2015-08-19,154.92,154.92,155.54,154.55,154.84,446.11K,2015-08-19 19:59:59-04:00
2015-08-20,155.58,155.58,155.76,155.25,155.45,544.91K,2015-08-20 19:59:59-04:00
2015-08-21,155.61,155.61,155.95,155.4,155.87,449.23K,2015-08-21 19:59:59-04:00
2015-08-24,155.68,155.68,156.49,155.17,155.99,777.41K,2015-08-24 19:59:59-04:00
2015-08-25,153.58,153.58,155.45,153.38,155.36,1.03M,2015-08-25 19:59:59-04:00
2015-08-26,154.21,154.21,154.52,153.52,153.63,906.05K,2015-08-26 19:59:59-04:00
2015-08-27,153.74,153.74,154.13,153.6,153.95,525.61K,2015-08-27 19:59:59-04:00
2015-08-28,153.84,153.84,154.37,153.5,153.86,531.73K,2015-08-28 19:59:59-04:00
2015-08-31,153.09,153.09,154.0,152.66,153.76,401.97K,2015-08-31 19:59:59-04:00
2015-09-01,152.94,152.94,153.38,152.65,153.03,1.06M,2015-09-01 19:59:59-04:00
2015-09-02,153.14,153.14,153.36,152.75,153.07,1.12M,2015-09-02 19:59:59-04:00
2015-09-03,153.86,153.86,154.08,153.05,153.16,1.20M,2015-09-03 19:59:59-04:00
2015-09-04,154.63,154.63,154.96,154.11,154.25,1.03M,2015-09-04 19:59:59-04:00
2015-09-07,154.63,154.63,154.89,154.42,154.78,264.41K,2015-09-07 19:59:59-04:00
2015-09-08,154.66,154.66,154.77,154.42,154.73,28.89K,2015-09-08 19:59:59-04:00
2015-09-09,154.49,154.49,154.95,154.31,154.48,548.04K,2015-09-09 19:59:59-04:00
2015-09-10,154.73,154.73,155.07,154.54,154.86,480.27K,2015-09-10 19:59:59-04:00
2015-09-11,155.25,155.25,155.31,154.7,154.81,415.30K,2015-09-11 19:59:59-04:00
2015-09-14,155.28,155.28,155.51,155.0,155.2,342.09K,2015-09-14 19:59:59-04:00
2015-09-15,154.11,154.11,155.34,153.77,155.29,656.79K,2015-09-15 19:59:59-04:00
2015-09-16,153.76,153.76,154.22,153.5,153.92,716.70K,2015-09-16 19:59:59-04:00
2015-09-17,153.7,153.7,154.7,153.59,153.72,453.94K,2015-09-17 19:59:59-04:00
2015-09-18,155.1,155.1,155.44,154.65,154.76,736.02K,2015-09-18 19:59:59-04:00
2015-09-21,154.85,154.85,155.32,154.75,155.27,419.84K,2015-09-21 19:59:59-04:00
2015-09-22,156.06,156.06,156.19,154.89,154.97,717.88K,2015-09-22 19:59:59-04:00
2015-09-23,155.92,155.92,156.26,155.71,156.2,495.25K,2015-09-23 19:59:59-04:00
2015-09-24,156.19,156.19,156.45,155.75,156.05,697.70K,2015-09-24 19:59:59-04:00
2015-09-25,155.43,155.43,155.82,155.13,155.75,620.30K,2015-09-25 19:59:59-04:00
2015-09-28,156.04,156.04,156.29,155.42,155.71,534.34K,2015-09-28 19:59:59-04:00
2015-09-29,156.17,156.17,156.53,155.86,156.36,637.69K,2015-09-29 19:59:59-04:00
2015-09-30,156.19,156.19,156.29,155.85,156.12,589.95K,2015-09-30 19:59:59-04:00
2015-10-01,156.77,156.77,156.96,155.94,156.11,730.44K,2015-10-01 19:59:59-04:00
2015-10-02,157.24,157.24,157.67,156.44,156.62,751.89K,2015-10-02 19:59:59-04:00
2015-10-05,156.51,156.51,157.23,156.44,157.13,503.82K,2015-10-05 19:59:59-04:00
2015-10-06,156.18,156.18,156.68,155.91,156.62,615.33K,2015-10-06 19:59:59-04:00
2015-10-07,156.17,156.17,156.31,155.74,156.11,615.49K,2015-10-07 19:59:59-04:00
2015-10-08,156.32,156.32,156.76,156.0,156.45,524.39K,2015-10-08 19:59:59-04:00
2015-10-09,155.92,155.92,156.27,155.77,156.16,473.36K,2015-10-09 19:59:59-04:00
2015-10-12,156.42,156.42,156.47,155.83,156.03,272.32K,2015-10-12 19:59:59-04:00
2015-10-13,156.18,156.18,156.71,156.1,156.42,536.13K,2015-10-13 19:59:59-04:00
2015-10-14,156.88,156.88,157.01,156.4,156.4,561.79K,2015-10-14 19:59:59-04:00
2015-10-15,156.75,156.75,157.12,156.65,156.85,476.77K,2015-10-15 19:59:59-04:00
2015-10-16,156.91,156.91,157.11,156.69,156.7,403.36K,2015-10-16 19:59:59-04:00
2015-10-19,156.64,156.64,156.92,156.45,156.8,446.54K,2015-10-19 19:59:59-04:00
2015-10-20,155.91,155.91,156.88,155.71,156.81,702.41K,2015-10-20 19:59:59-04:00
2015-10-21,156.59,156.59,156.69,155.72,155.76,567.36K,2015-10-21 19:59:59-04:00
2015-10-22,157.47,157.47,157.72,156.42,156.64,675.96K,2015-10-22 19:59:59-04:00
2015-10-23,157.46,157.46,157.79,157.21,157.52,585.49K,2015-10-23 19:59:59-04:00
2015-10-26,157.59,157.59,157.73,157.4,157.44,344.43K,2015-10-26 19:59:59-04:00
2015-10-27,158.35,158.35,158.38,157.6,157.61,556.81K,2015-10-27 19:59:59-04:00
2015-10-28,158.34,158.34,158.6,157.92,158.26,592.81K,2015-10-28 19:59:59-04:00
2015-10-29,157.1,157.1,158.24,156.99,158.03,740.37K,2015-10-29 19:59:59-04:00
2015-10-30,157.21,157.21,157.56,156.96,157.21,637.66K,2015-10-30 19:59:59-04:00
2015-11-02,156.68,156.68,157.44,156.5,157.43,600.09K,2015-11-02 18:59:59-05:00
2015-11-03,156.6,156.6,157.07,156.43,156.77,495.36K,2015-11-03 18:59:59-05:00
2015-11-04,156.34,156.34,156.94,156.21,156.61,649.96K,2015-11-04 18:59:59-05:00
2015-11-05,156.28,156.28,156.62,156.11,156.44,720.79K,2015-11-05 18:59:59-05:00
2015-11-06,155.18,155.18,156.51,155.03,156.38,881.78K,2015-11-06 18:59:59-05:00
2015-11-09,155.42,155.42,155.68,154.81,155.16,813.55K,2015-11-09 18:59:59-05:00
2015-11-10,156.07,156.07,156.21,155.46,155.69,714.82K,2015-11-10 18:59:59-05:00
2015-11-11,156.33,156.33,156.6,155.92,156.07,551.19K,2015-11-11 18:59:59-05:00
2015-11-12,156.33,156.33,156.61,156.17,156.25,564.24K,2015-11-12 18:59:59-05:00
2015-11-13,156.92,156.92,157.09,156.32,156.33,604.44K,2015-11-13 18:59:59-05:00
2015-11-16,157.31,157.31,157.39,156.78,157.29,572.72K,2015-11-16 18:59:59-05:00
2015-11-17,157.33,157.33,157.72,157.18,157.25,512.93K,2015-11-17 18:59:59-05:00
2015-11-18,157.69,157.69,157.85,157.34,157.6,608.23K,2015-11-18 18:59:59-05:00
2015-11-19,158.02,158.02,158.1,157.64,157.78,584.60K,2015-11-19 18:59:59-05:00
2015-11-20,158.02,158.02,158.19,157.78,157.96,485.67K,2015-11-20 18:59:59-05:00
2015-11-23,157.34,157.34,157.98,157.15,157.84,695.28K,2015-11-23 18:59:59-05:00
2015-11-24,157.79,157.79,158.01,157.43,157.63,700.49K,2015-11-24 18:59:59-05:00
2015-11-25,158.27,158.27,158.34,157.53,157.67,674.57K,2015-11-25 18:59:59-05:00
2015-11-26,158.3,158.3,158.47,158.15,158.31,284.17K,2015-11-26 18:59:59-05:00
2015-11-27,158.59,158.59,158.78,158.3,158.42,499.66K,2015-11-27 18:59:59-05:00
2015-11-30,158.31,158.31,158.53,158.15,158.45,599.57K,2015-11-30 18:59:59-05:00
2015-12-01,158.48,158.48,158.61,157.72,158.24,939.37K,2015-12-01 18:59:59-05:00
2015-12-02,158.44,158.44,158.75,158.24,158.42,1.16M,2015-12-02 18:59:59-05:00
2015-12-03,156.11,156.11,158.63,155.17,158.3,1.55M,2015-12-03 18:59:59-05:00
2015-12-04,155.71,155.71,156.21,155.03,155.54,1.27M,2015-12-04 18:59:59-05:00
2015-12-07,156.93,156.93,157.12,155.7,155.73,299.22K,2015-12-07 18:59:59-05:00
2015-12-08,156.94,156.94,157.11,156.55,156.55,19.77K,2015-12-08 18:59:59-05:00
2015-12-09,158.26,158.26,158.83,158.13,158.74,508.02K,2015-12-09 18:59:59-05:00
2015-12-10,158.77,158.77,158.97,158.36,158.55,440.38K,2015-12-10 18:59:59-05:00
2015-12-11,159.18,159.18,159.36,158.56,158.57,462.03K,2015-12-11 18:59:59-05:00
2015-12-14,158.73,158.73,159.21,158.51,159.06,549.57K,2015-12-14 18:59:59-05:00
2015-12-15,157.49,157.49,158.71,157.33,158.65,723.02K,2015-12-15 18:59:59-05:00
2015-12-16,157.32,157.32,157.95,156.78,157.65,466.29K,2015-12-16 18:59:59-05:00
2015-12-17,158.33,158.33,158.5,157.51,157.61,551.67K,2015-12-17 18:59:59-05:00
2015-12-18,159.01,159.01,159.2,158.5,158.58,436.13K,2015-12-18 18:59:59-05:00
2015-12-21,159.02,159.02,159.28,158.57,159.01,277.41K,2015-12-21 18:59:59-05:00
2015-12-22,158.3,158.3,159.08,158.26,158.96,307.79K,2015-12-22 18:59:59-05:00
2015-12-23,157.84,157.84,158.56,157.81,158.41,214.51K,2015-12-23 18:59:59-05:00
2015-12-24,157.99,157.99,157.99,157.99,157.99,,2015-12-24 18:59:59-05:00
2015-12-28,158.89,158.89,159.0,157.88,158.0,171.65K,2015-12-28 18:59:59-05:00
2015-12-29,157.88,157.88,158.88,157.52,158.76,275.44K,2015-12-29 18:59:59-05:00
2015-12-30,157.92,157.92,158.22,157.65,157.7,256.67K,2015-12-30 18:59:59-05:00
2016-01-04,158.79,158.79,158.95,158.33,158.39,452.96K,2016-01-04 18:59:59-05:00
2016-01-05,159.05,159.05,159.25,158.45,158.47,501.29K,2016-01-05 18:59:59-05:00
2016-01-06,159.69,159.69,159.92,159.17,159.2,504.84K,2016-01-06 18:59:59-05:00
2016-01-07,159.18,159.18,160.19,159.04,159.95,779.52K,2016-01-07 18:59:59-05:00
2016-01-08,159.66,159.66,159.85,159.07,159.3,549.42K,2016-01-08 18:59:59-05:00
2016-01-11,159.35,159.35,159.8,159.15,159.77,524.36K,2016-01-11 18:59:59-05:00
2016-01-12,159.39,159.39,159.67,158.7,159.36,721.68K,2016-01-12 18:59:59-05:00
2016-01-13,159.77,159.77,160.12,159.12,159.34,729.32K,2016-01-13 18:59:59-05:00
2016-01-14,159.71,159.71,160.33,159.53,159.9,764.45K,2016-01-14 18:59:59-05:00
2016-01-15,160.39,160.39,160.52,159.83,159.96,755.91K,2016-01-15 18:59:59-05:00
2016-01-18,160.38,160.38,160.42,159.96,160.14,338.45K,2016-01-18 18:59:59-05:00
2016-01-19,160.17,160.17,160.38,159.87,160.16,575.91K,2016-01-19 18:59:59-05:00
2016-01-20,161.13,161.13,161.34,160.55,160.55,947.23K,2016-01-20 18:59:59-05:00
2016-01-21,161.52,161.52,161.94,160.81,160.88,786.83K,2016-01-21 18:59:59-05:00
2016-01-22,161.31,161.31,161.61,161.02,161.45,629.14K,2016-01-22 18:59:59-05:00
2016-01-25,161.42,161.42,161.55,161.13,161.18,438.49K,2016-01-25 18:59:59-05:00
2016-01-26,161.83,161.83,162.03,161.55,161.73,658.06K,2016-01-26 18:59:59-05:00
2016-01-27,161.87,161.87,162.25,161.61,161.92,631.77K,2016-01-27 18:59:59-05:00
2016-01-28,162.37,162.37,162.72,161.92,162.12,810.75K,2016-01-28 18:59:59-05:00
2016-01-29,163.35,163.35,163.52,162.7,162.77,948.54K,2016-01-29 18:59:59-05:00
2016-02-01,162.97,162.97,163.78,162.88,163.45,706.48K,2016-02-01 18:59:59-05:00
2016-02-02,163.46,163.46,163.76,163.16,163.28,715.65K,2016-02-02 18:59:59-05:00
2016-02-03,164.03,164.03,164.22,163.28,163.72,867.95K,2016-02-03 18:59:59-05:00
2016-02-04,163.52,163.52,163.87,163.25,163.73,817.62K,2016-02-04 18:59:59-05:00
2016-02-05,163.62,163.62,164.03,163.31,163.8,712.39K,2016-02-05 18:59:59-05:00
2016-02-08,164.84,164.84,165.06,163.72,163.78,873.86K,2016-02-08 18:59:59-05:00
2016-02-09,164.63,164.63,165.23,164.1,165.13,1.03M,2016-02-09 18:59:59-05:00
2016-02-10,164.48,164.48,164.78,164.14,164.71,724.61K,2016-02-10 18:59:59-05:00
2016-02-11,165.59,165.59,166.16,164.86,164.88,1.08M,2016-02-11 18:59:59-05:00
2016-02-12,164.39,164.39,165.22,164.15,164.96,714.90K,2016-02-12 18:59:59-05:00
2016-02-15,164.68,164.68,164.86,163.79,164.1,439.56K,2016-02-15 18:59:59-05:00
2016-02-16,164.35,164.35,164.68,164.06,164.49,694.81K,2016-02-16 18:59:59-05:00
2016-02-17,164.19,164.19,164.64,164.02,164.56,656.45K,2016-02-17 18:59:59-05:00
2016-02-18,165.02,165.02,165.2,164.24,164.38,674.53K,2016-02-18 18:59:59-05:00
2016-02-19,165.18,165.18,165.47,164.85,165.1,673.65K,2016-02-19 18:59:59-05:00
2016-02-22,165.51,165.51,165.57,164.9,165.01,442.90K,2016-02-22 18:59:59-05:00
2016-02-23,165.44,165.44,165.56,164.75,165.43,745.19K,2016-02-23 18:59:59-05:00
2016-02-24,165.97,165.97,166.25,165.51,165.58,805.44K,2016-02-24 18:59:59-05:00
2016-02-25,166.13,166.13,166.25,165.59,165.71,606.73K,2016-02-25 18:59:59-05:00
2016-02-26,165.95,165.95,166.13,165.77,166.1,527.07K,2016-02-26 18:59:59-05:00
2016-02-29,166.58,166.58,166.63,165.94,166.1,716.20K,2016-02-29 18:59:59-05:00
2016-03-01,165.99,165.99,166.59,165.8,166.56,917.76K,2016-03-01 18:59:59-05:00
2016-03-02,165.19,165.19,165.83,165.04,165.8,1.27M,2016-03-02 18:59:59-05:00
2016-03-03,165.59,165.59,165.85,164.73,165.11,1.23M,2016-03-03 18:59:59-05:00
2016-03-04,164.87,164.87,165.75,164.76,165.73,1.09M,2016-03-04 18:59:59-05:00
2016-03-07,165.21,165.21,165.43,164.99,165.11,461.22K,2016-03-07 18:59:59-05:00
2016-03-08,165.93,165.93,165.95,165.22,165.22,33.91K,2016-03-08 18:59:59-05:00
2016-03-09,162.21,162.21,162.82,161.94,162.75,638.89K,2016-03-09 18:59:59-05:00
2016-03-10,161.16,161.16,163.4,160.81,162.16,1.17M,2016-03-10 18:59:59-05:00
2016-03-11,161.65,161.65,161.96,161.03,161.3,667.40K,2016-03-11 18:59:59-05:00
2016-03-14,161.64,161.64,162.22,161.26,161.72,537.49K,2016-03-14 19:59:59-04:00
2016-03-15,161.17,161.17,161.78,161.02,161.43,581.60K,2016-03-15 19:59:59-04:00
2016-03-16,161.5,161.5,161.8,161.09,161.21,672.87K,2016-03-16 19:59:59-04:00
2016-03-17,162.32,162.32,162.47,161.88,161.95,673.96K,2016-03-17 19:59:59-04:00
2016-03-18,162.44,162.44,162.81,162.33,162.49,463.33K,2016-03-18 19:59:59-04:00
2016-03-21,162.42,162.42,163.0,162.19,162.6,546.62K,2016-03-21 19:59:59-04:00
2016-03-22,162.54,162.54,163.05,162.3,162.47,594.14K,2016-03-22 19:59:59-04:00
2016-03-23,162.73,162.73,162.93,162.22,162.3,499.14K,2016-03-23 19:59:59-04:00
2016-03-24,163.01,163.01,163.33,162.82,162.95,434.32K,2016-03-24 19:59:59-04:00
2016-03-29,163.53,163.53,163.83,163.07,163.1,459.48K,2016-03-29 19:59:59-04:00
2016-03-30,163.26,163.26,163.84,163.13,163.67,540.37K,2016-03-30 19:59:59-04:00
2016-03-31,163.32,163.32,163.64,163.03,163.59,590.96K,2016-03-31 19:59:59-04:00
2016-04-01,163.51,163.51,163.8,163.24,163.43,554.37K,2016-04-01 19:59:59-04:00
2016-04-04,163.73,163.73,163.93,163.43,163.88,450.58K,2016-04-04 19:59:59-04:00
2016-04-05,164.19,164.19,164.43,163.87,163.89,689.53K,2016-04-05 19:59:59-04:00
2016-04-06,163.9,163.9,164.28,163.72,164.1,617.48K,2016-04-06 19:59:59-04:00
2016-04-07,164.37,164.37,164.43,163.82,164.0,662.49K,2016-04-07 19:59:59-04:00
2016-04-08,164.2,164.2,164.39,164.05,164.18,409.24K,2016-04-08 19:59:59-04:00
2016-04-11,164.04,164.04,164.6,163.74,164.4,635.44K,2016-04-11 19:59:59-04:00
2016-04-12,163.44,163.44,164.02,163.24,164.01,811.36K,2016-04-12 19:59:59-04:00
2016-04-13,163.74,163.74,163.96,163.16,163.25,649.92K,2016-04-13 19:59:59-04:00
2016-04-14,163.49,163.49,163.98,163.17,163.86,659.50K,2016-04-14 19:59:59-04:00
2016-04-15,163.88,163.88,164.0,163.27,163.34,471.15K,2016-04-15 19:59:59-04:00
2016-04-18,163.48,163.48,164.17,163.36,164.09,589.30K,2016-04-18 19:59:59-04:00
2016-04-19,163.24,163.24,163.6,163.09,163.4,658.31K,2016-04-19 19:59:59-04:00
2016-04-20,163.68,163.68,163.74,163.19,163.52,551.67K,2016-04-20 19:59:59-04:00
2016-04-21,162.49,162.49,163.34,162.33,163.22,984.56K,2016-04-21 19:59:59-04:00
2016-04-22,162.49,162.49,162.68,162.34,162.57,550.98K,2016-04-22 19:59:59-04:00
2016-04-25,162.18,162.18,162.8,161.9,162.7,722.56K,2016-04-25 19:59:59-04:00
2016-04-26,161.63,161.63,162.31,161.46,162.22,733.12K,2016-04-26 19:59:59-04:00
2016-04-27,161.85,161.85,162.15,161.53,161.65,614.21K,2016-04-27 19:59:59-04:00
2016-04-28,162.36,162.36,162.79,162.21,162.28,829.15K,2016-04-28 19:59:59-04:00
2016-04-29,161.88,161.88,162.6,161.57,162.45,868.17K,2016-04-29 19:59:59-04:00
2016-05-02,161.86,161.86,162.4,161.84,162.05,299.16K,2016-05-02 19:59:59-04:00
2016-05-03,163.03,163.03,163.12,161.9,162.03,830.40K,2016-05-03 19:59:59-04:00
2016-05-04,162.98,162.98,163.09,162.67,162.9,736.79K,2016-05-04 19:59:59-04:00
2016-05-05,163.5,163.5,163.86,162.73,162.99,546.27K,2016-05-05 19:59:59-04:00
2016-05-06,163.82,163.82,163.93,163.42,163.8,597.66K,2016-05-06 19:59:59-04:00
2016-05-09,164.05,164.05,164.14,163.5,163.52,610.39K,2016-05-09 19:59:59-04:00
2016-05-10,164.26,164.26,164.36,163.86,164.05,674.34K,2016-05-10 19:59:59-04:00
2016-05-11,164.18,164.18,164.35,163.97,164.26,562.60K,2016-05-11 19:59:59-04:00
2016-05-12,163.82,163.82,164.49,163.62,164.2,737.59K,2016-05-12 19:59:59-04:00
2016-05-13,164.19,164.19,164.3,163.76,163.95,520.18K,2016-05-13 19:59:59-04:00
2016-05-16,163.92,163.92,164.28,163.75,164.28,311.41K,2016-05-16 19:59:59-04:00
2016-05-17,164.15,164.15,164.17,163.49,163.82,595.71K,2016-05-17 19:59:59-04:00
2016-05-18,163.63,163.63,163.96,163.16,163.91,714.36K,2016-05-18 19:59:59-04:00
2016-05-19,163.61,163.61,163.71,163.06,163.21,743.62K,2016-05-19 19:59:59-04:00
2016-05-20,163.56,163.56,163.75,163.33,163.66,463.96K,2016-05-20 19:59:59-04:00
2016-05-23,163.42,163.42,164.07,163.34,163.66,631.38K,2016-05-23 19:59:59-04:00
2016-05-24,163.51,163.51,163.77,163.41,163.69,582.22K,2016-05-24 19:59:59-04:00
2016-05-25,163.9,163.9,163.95,163.13,163.53,730.56K,2016-05-25 19:59:59-04:00
2016-05-26,164.03,164.03,164.19,163.57,163.84,555.95K,2016-05-26 19:59:59-04:00
2016-05-27,164.0,164.0,164.36,163.9,164.04,494.31K,2016-05-27 19:59:59-04:00
2016-05-30,163.65,163.65,163.99,163.53,163.94,219.42K,2016-05-30 19:59:59-04:00
2016-05-31,163.97,163.97,164.21,163.39,163.76,771.36K,2016-05-31 19:59:59-04:00
2016-06-01,164.15,164.15,164.42,164.05,164.15,884.87K,2016-06-01 19:59:59-04:00
2016-06-02,164.49,164.49,164.59,163.87,164.14,1.18M,2016-06-02 19:59:59-04:00
2016-06-03,165.1,165.1,165.23,164.4,164.41,1.31M,2016-06-03 19:59:59-04:00
2016-06-06,164.95,164.95,165.17,164.86,165.12,1.11M,2016-06-06 19:59:59-04:00
2016-06-07,165.38,165.38,165.49,164.84,164.95,517.32K,2016-06-07 19:59:59-04:00
2016-06-08,165.36,165.36,165.63,165.27,165.27,22.98K,2016-06-08 19:59:59-04:00
2016-06-09,164.55,164.55,164.81,164.43,164.53,561.87K,2016-06-09 19:59:59-04:00
2016-06-10,164.85,164.85,164.98,164.55,164.64,543.87K,2016-06-10 19:59:59-04:00
2016-06-13,164.7,164.7,164.95,164.6,164.95,555.90K,2016-06-13 19:59:59-04:00
2016-06-14,165.21,165.21,165.61,164.72,164.87,787.78K,2016-06-14 19:59:59-04:00
2016-06-15,165.24,165.24,165.44,164.87,165.02,604.74K,2016-06-15 19:59:59-04:00
2016-06-16,165.45,165.45,165.68,165.07,165.54,610.97K,2016-06-16 19:59:59-04:00
2016-06-17,164.87,164.87,165.29,164.7,165.06,604.69K,2016-06-17 19:59:59-04:00
2016-06-20,164.25,164.25,164.72,164.15,164.58,606.94K,2016-06-20 19:59:59-04:00
2016-06-21,164.44,164.44,164.59,164.08,164.37,532.51K,2016-06-21 19:59:59-04:00
2016-06-22,164.23,164.23,164.67,164.17,164.38,500.13K,2016-06-22 19:59:59-04:00
2016-06-23,163.95,163.95,164.62,163.52,164.36,733.79K,2016-06-23 19:59:59-04:00
2016-06-24,165.99,165.99,168.86,165.59,168.5,881.76K,2016-06-24 19:59:59-04:00
2016-06-27,166.69,166.69,166.92,166.02,166.05,621.56K,2016-06-27 19:59:59-04:00
2016-06-28,166.86,166.86,166.9,166.27,166.71,530.22K,2016-06-28 19:59:59-04:00
2016-06-29,166.92,166.92,167.12,166.64,166.75,522.74K,2016-06-29 19:59:59-04:00
2016-06-30,167.12,167.12,167.33,165.51,166.7,852.13K,2016-06-30 19:59:59-04:00
2016-07-01,166.97,166.97,167.31,166.09,166.33,646.63K,2016-07-01 19:59:59-04:00
2016-07-04,167.08,167.08,167.25,166.72,167.1,235.83K,2016-07-04 19:59:59-04:00
2016-07-05,167.77,167.77,167.99,167.23,167.3,500.98K,2016-07-05 19:59:59-04:00
2016-07-06,167.72,167.72,168.13,167.58,167.98,612.86K,2016-07-06 19:59:59-04:00
2016-07-07,167.57,167.57,167.79,167.25,167.77,556.05K,2016-07-07 19:59:59-04:00
2016-07-08,167.79,167.79,168.06,167.36,167.72,485.66K,2016-07-08 19:59:59-04:00
2016-07-11,167.58,167.58,168.05,167.43,167.85,412.67K,2016-07-11 19:59:59-04:00
2016-07-12,166.65,166.65,167.47,166.32,167.43,715.77K,2016-07-12 19:59:59-04:00
2016-07-13,167.29,167.29,167.37,166.62,166.67,612.64K,2016-07-13 19:59:59-04:00
2016-07-14,166.67,166.67,167.17,166.26,167.07,643.85K,2016-07-14 19:59:59-04:00
2016-07-15,166.06,166.06,166.84,165.95,166.78,482.63K,2016-07-15 19:59:59-04:00
2016-07-18,166.36,166.36,166.67,166.17,166.27,463.12K,2016-07-18 19:59:59-04:00
2016-07-19,166.49,166.49,166.87,166.33,166.57,536.13K,2016-07-19 19:59:59-04:00
2016-07-20,166.32,166.32,166.74,166.15,166.56,540.75K,2016-07-20 19:59:59-04:00
2016-07-21,166.17,166.17,166.45,165.63,166.31,682.34K,2016-07-21 19:59:59-04:00
2016-07-22,166.37,166.37,166.68,166.01,166.58,480.86K,2016-07-22 19:59:59-04:00
2016-07-25,166.72,166.72,166.8,166.16,166.42,403.37K,2016-07-25 19:59:59-04:00
2016-07-26,166.49,166.49,167.03,166.42,166.81,495.61K,2016-07-26 19:59:59-04:00
2016-07-27,167.36,167.36,167.61,166.36,166.54,525.25K,2016-07-27 19:59:59-04:00
2016-07-28,167.41,167.41,167.62,167.12,167.55,455.64K,2016-07-28 19:59:59-04:00
2016-07-29,167.81,167.81,168.0,166.92,167.05,603.89K,2016-07-29 19:59:59-04:00
2016-08-01,167.45,167.45,167.85,167.37,167.84,365.28K,2016-08-01 19:59:59-04:00
2016-08-02,166.59,166.59,167.4,166.38,167.35,688.03K,2016-08-02 19:59:59-04:00
2016-08-03,166.64,166.64,166.92,166.42,166.54,438.84K,2016-08-03 19:59:59-04:00
2016-08-04,167.59,167.59,167.69,166.56,166.69,660.72K,2016-08-04 19:59:59-04:00
2016-08-05,167.15,167.15,167.64,167.05,167.62,426.66K,2016-08-05 19:59:59-04:00
2016-08-08,167.1,167.1,167.24,166.76,166.98,393.23K,2016-08-08 19:59:59-04:00
2016-08-09,167.44,167.44,167.57,166.91,167.2,438.21K,2016-08-09 19:59:59-04:00
2016-08-10,167.84,167.84,168.0,167.49,167.6,492.78K,2016-08-10 19:59:59-04:00
2016-08-11,167.66,167.66,168.02,167.31,167.87,381.89K,2016-08-11 19:59:59-04:00
2016-08-12,167.78,167.78,167.97,167.4,167.52,374.59K,2016-08-12 19:59:59-04:00
2016-08-15,167.24,167.24,167.86,167.17,167.65,337.20K,2016-08-15 19:59:59-04:00
2016-08-16,166.7,166.7,167.61,166.66,167.4,556.50K,2016-08-16 19:59:59-04:00
2016-08-17,166.95,166.95,167.31,166.65,166.82,458.74K,2016-08-17 19:59:59-04:00
2016-08-18,167.46,167.46,167.68,167.16,167.24,400.11K,2016-08-18 19:59:59-04:00
2016-08-19,166.97,166.97,167.59,166.76,167.46,414.31K,2016-08-19 19:59:59-04:00
2016-08-22,167.5,167.5,167.65,166.85,166.9,432.49K,2016-08-22 19:59:59-04:00
2016-08-23,167.67,167.67,167.84,167.37,167.5,476.58K,2016-08-23 19:59:59-04:00
2016-08-24,167.56,167.56,167.73,167.44,167.67,401.92K,2016-08-24 19:59:59-04:00
2016-08-25,167.47,167.47,167.64,167.12,167.6,455.93K,2016-08-25 19:59:59-04:00
2016-08-26,167.7,167.7,167.76,166.87,167.49,478.78K,2016-08-26 19:59:59-04:00
2016-08-29,167.57,167.57,167.75,166.55,166.96,351.01K,2016-08-29 19:59:59-04:00
2016-08-30,167.73,167.73,167.86,167.37,167.6,530.08K,2016-08-30 19:59:59-04:00
2016-08-31,167.38,167.38,167.76,167.25,167.74,579.31K,2016-08-31 19:59:59-04:00
2016-09-01,167.38,167.38,167.48,166.95,167.26,928.29K,2016-09-01 19:59:59-04:00
2016-09-02,166.96,166.96,167.7,166.92,167.34,906.66K,2016-09-02 19:59:59-04:00
2016-09-05,167.26,167.26,167.44,167.13,167.22,962.97K,2016-09-05 19:59:59-04:00
2016-09-06,168.06,168.06,168.21,167.15,167.29,1.36M,2016-09-06 19:59:59-04:00
2016-09-07,168.32,168.32,168.42,168.06,168.12,272.18K,2016-09-07 19:59:59-04:00
2016-09-08,168.14,168.14,168.37,168.12,168.31,28.16K,2016-09-08 19:59:59-04:00
2016-09-09,163.65,163.65,164.62,163.53,164.6,898.03K,2016-09-09 19:59:59-04:00
2016-09-12,163.35,163.35,163.69,163.04,163.5,833.46K,2016-09-12 19:59:59-04:00
2016-09-13,163.29,163.29,163.93,162.56,163.7,757.03K,2016-09-13 19:59:59-04:00
2016-09-14,163.53,163.53,163.7,162.79,162.93,716.08K,2016-09-14 19:59:59-04:00
2016-09-15,163.48,163.48,163.78,163.04,163.44,699.46K,2016-09-15 19:59:59-04:00
2016-09-16,163.96,163.96,164.29,163.57,163.72,609.32K,2016-09-16 19:59:59-04:00
2016-09-19,163.75,163.75,164.11,163.63,163.86,469.63K,2016-09-19 19:59:59-04:00
2016-09-20,164.18,164.18,164.29,163.65,163.65,547.87K,2016-09-20 19:59:59-04:00
2016-09-21,163.84,163.84,164.37,163.8,163.96,583.28K,2016-09-21 19:59:59-04:00
2016-09-22,165.22,165.22,165.32,164.32,164.32,775.79K,2016-09-22 19:59:59-04:00
2016-09-23,165.03,165.03,165.28,164.98,165.08,484.48K,2016-09-23 19:59:59-04:00
2016-09-26,165.5,165.5,165.75,165.08,165.14,536.17K,2016-09-26 19:59:59-04:00
2016-09-27,165.98,165.98,166.27,165.46,165.5,764.44K,2016-09-27 19:59:59-04:00
2016-09-28,166.15,166.15,166.19,165.75,165.97,702.97K,2016-09-28 19:59:59-04:00
2016-09-29,165.74,165.74,166.08,165.59,165.72,587.02K,2016-09-29 19:59:59-04:00
2016-09-30,165.7,165.7,166.36,165.54,166.09,899.08K,2016-09-30 19:59:59-04:00
2016-10-03,165.4,165.4,165.85,165.3,165.69,352.83K,2016-10-03 19:59:59-04:00
2016-10-04,165.3,165.3,165.68,164.68,165.41,832.83K,2016-10-04 19:59:59-04:00
2016-10-05,164.23,164.23,165.03,164.14,164.84,1.02M,2016-10-05 19:59:59-04:00
2016-10-06,164.18,164.18,164.87,164.04,164.38,1.07M,2016-10-06 19:59:59-04:00
2016-10-07,163.91,163.91,164.3,163.72,164.25,860.60K,2016-10-07 19:59:59-04:00
2016-10-10,163.42,163.42,164.18,163.31,164.05,584.65K,2016-10-10 19:59:59-04:00
2016-10-11,163.72,163.72,163.92,163.4,163.52,777.31K,2016-10-11 19:59:59-04:00
2016-10-12,163.3,163.3,163.82,163.15,163.58,587.64K,2016-10-12 19:59:59-04:00
2016-10-13,163.76,163.76,163.96,163.47,163.7,667.70K,2016-10-13 19:59:59-04:00
2016-10-14,163.46,163.46,163.69,163.2,163.6,619.88K,2016-10-14 19:59:59-04:00
2016-10-17,163.47,163.47,163.57,162.81,163.31,685.57K,2016-10-17 19:59:59-04:00
2016-10-18,163.74,163.74,163.81,163.3,163.42,597.52K,2016-10-18 19:59:59-04:00
2016-10-19,163.82,163.82,164.04,163.71,163.74,599.57K,2016-10-19 19:59:59-04:00
2016-10-20,164.29,164.29,164.33,163.24,163.68,840.42K,2016-10-20 19:59:59-04:00
2016-10-21,164.22,164.22,164.34,164.04,164.28,555.70K,2016-10-21 19:59:59-04:00
2016-10-24,163.96,163.96,164.54,163.86,164.4,607.31K,2016-10-24 19:59:59-04:00
2016-10-25,164.02,164.02,164.16,163.71,163.88,658.47K,2016-10-25 19:59:59-04:00
2016-10-26,163.04,163.04,164.06,162.89,163.9,995.46K,2016-10-26 19:59:59-04:00
2016-10-27,161.97,161.97,163.19,161.72,163.02,1.17M,2016-10-27 19:59:59-04:00
2016-10-28,162.08,162.08,162.28,161.37,161.85,908.46K,2016-10-28 19:59:59-04:00
2016-10-31,162.17,162.17,162.32,161.95,162.08,666.43K,2016-10-31 19:59:59-04:00
2016-11-01,161.84,161.84,162.36,161.53,161.94,751.51K,2016-11-01 19:59:59-04:00
2016-11-02,162.57,162.57,162.78,162.18,162.31,837.66K,2016-11-02 19:59:59-04:00
2016-11-03,162.1,162.1,162.7,161.93,162.57,792.86K,2016-11-03 19:59:59-04:00
2016-11-04,162.5,162.5,162.62,162.1,162.1,596.88K,2016-11-04 19:59:59-04:00
2016-11-07,162.29,162.29,162.37,161.94,162.0,455.19K,2016-11-07 18:59:59-05:00
2016-11-08,161.92,161.92,162.45,161.69,162.24,564.41K,2016-11-08 18:59:59-05:00
2016-11-09,162.01,162.01,163.19,160.89,162.66,1.20M,2016-11-09 18:59:59-05:00
2016-11-10,160.64,160.64,161.54,160.08,161.22,1.39M,2016-11-10 18:59:59-05:00
2016-11-11,160.27,160.27,160.62,159.77,160.62,756.36K,2016-11-11 18:59:59-05:00
2016-11-14,159.9,159.9,160.38,159.14,159.72,1.16M,2016-11-14 18:59:59-05:00
2016-11-15,160.41,160.41,160.63,160.15,160.21,882.93K,2016-11-15 18:59:59-05:00
2016-11-16,160.32,160.32,160.59,159.82,160.32,781.33K,2016-11-16 18:59:59-05:00
2016-11-17,160.77,160.77,160.96,160.35,160.58,797.00K,2016-11-17 18:59:59-05:00
2016-11-18,160.73,160.73,161.09,159.98,160.16,889.64K,2016-11-18 18:59:59-05:00
2016-11-21,160.79,160.79,160.97,160.5,160.95,521.87K,2016-11-21 18:59:59-05:00
2016-11-22,161.4,161.4,161.58,160.7,160.75,741.26K,2016-11-22 18:59:59-05:00
2016-11-23,160.76,160.76,161.72,160.31,161.31,1.26M,2016-11-23 18:59:59-05:00
2016-11-24,161.01,161.01,161.4,160.88,161.09,430.57K,2016-11-24 18:59:59-05:00
2016-11-25,161.36,161.36,161.59,161.03,161.09,612.70K,2016-11-25 18:59:59-05:00
2016-11-28,162.02,162.02,162.08,161.48,161.73,698.97K,2016-11-28 18:59:59-05:00
2016-11-29,161.5,161.5,162.01,161.33,161.98,916.09K,2016-11-29 18:59:59-05:00
2016-11-30,161.06,161.06,162.01,160.8,161.87,1.17M,2016-11-30 18:59:59-05:00
2016-12-01,160.26,160.26,160.97,159.54,160.77,1.33M,2016-12-01 18:59:59-05:00
2016-12-02,161.0,161.0,161.13,159.81,159.96,1.08M,2016-12-02 18:59:59-05:00
2016-12-05,160.45,160.45,161.45,159.86,161.45,1.47M,2016-12-05 18:59:59-05:00
2016-12-06,160.05,160.05,160.73,159.82,160.49,1.33M,2016-12-06 18:59:59-05:00
2016-12-07,160.32,160.32,160.51,159.7,159.74,320.39K,2016-12-07 18:59:59-05:00
2016-12-08,160.15,160.15,160.47,159.99,160.32,14.32K,2016-12-08 18:59:59-05:00
2016-12-09,161.86,161.86,162.29,161.0,161.1,835.10K,2016-12-09 18:59:59-05:00
2016-12-12,161.05,161.05,161.4,160.8,161.38,675.07K,2016-12-12 18:59:59-05:00
2016-12-13,161.71,161.71,161.95,161.08,161.37,637.78K,2016-12-13 18:59:59-05:00
2016-12-14,162.46,162.46,162.62,161.69,161.94,644.08K,2016-12-14 18:59:59-05:00
2016-12-15,161.58,161.58,162.03,161.19,161.8,765.36K,2016-12-15 18:59:59-05:00
2016-12-16,162.19,162.19,162.58,161.82,161.91,539.51K,2016-12-16 18:59:59-05:00
2016-12-19,163.15,163.15,163.52,162.04,162.12,506.86K,2016-12-19 18:59:59-05:00
2016-12-20,163.04,163.04,163.29,162.84,163.2,420.58K,2016-12-20 18:59:59-05:00
2016-12-21,163.28,163.28,163.36,163.01,163.13,335.95K,2016-12-21 18:59:59-05:00
2016-12-22,163.17,163.17,163.45,162.88,163.33,316.79K,2016-12-22 18:59:59-05:00
2016-12-23,163.66,163.66,163.79,163.17,163.23,167.04K,2016-12-23 18:59:59-05:00
2016-12-27,164.15,164.15,164.18,163.55,163.55,148.15K,2016-12-27 18:59:59-05:00
2016-12-28,164.05,164.05,164.33,163.89,164.18,230.21K,2016-12-28 18:59:59-05:00
2016-12-29,164.6,164.6,164.65,164.27,164.44,262.95K,2016-12-29 18:59:59-05:00
2016-12-30,164.15,164.15,164.56,164.09,164.55,295.63K,2016-12-30 18:59:59-05:00
2017-01-02,164.47,164.47,164.94,164.07,164.07,122.96K,2017-01-02 18:59:59-05:00
2017-01-03,163.21,163.21,164.52,162.99,164.39,833.03K,2017-01-03 18:59:59-05:00
2017-01-04,163.19,163.19,163.62,163.1,163.46,655.36K,2017-01-04 18:59:59-05:00
2017-01-05,163.54,163.54,163.74,162.81,163.51,1.02M,2017-01-05 18:59:59-05:00
2017-01-06,162.84,162.84,163.67,162.67,163.64,635.98K,2017-01-06 18:59:59-05:00
2017-01-09,162.95,162.95,163.33,162.47,162.7,599.72K,2017-01-09 18:59:59-05:00
2017-01-10,163.12,163.12,163.36,162.92,163.14,617.96K,2017-01-10 18:59:59-05:00
2017-01-11,163.48,163.48,163.98,163.04,163.16,906.80K,2017-01-11 18:59:59-05:00
2017-01-12,163.89,163.89,164.19,163.52,163.86,821.78K,2017-01-12 18:59:59-05:00
2017-01-13,163.41,163.41,164.04,163.14,163.52,746.07K,2017-01-13 18:59:59-05:00
2017-01-16,163.58,163.58,163.92,163.39,163.83,455.24K,2017-01-16 18:59:59-05:00
2017-01-17,163.9,163.9,164.45,163.71,163.73,877.15K,2017-01-17 18:59:59-05:00
2017-01-18,163.42,163.42,163.82,163.04,163.81,785.76K,2017-01-18 18:59:59-05:00
2017-01-19,163.03,163.03,163.15,162.62,163.0,870.07K,2017-01-19 18:59:59-05:00
2017-01-20,162.29,162.29,163.28,162.2,163.18,726.84K,2017-01-20 18:59:59-05:00
2017-01-23,163.13,163.13,163.38,162.45,162.77,793.17K,2017-01-23 18:59:59-05:00
2017-01-24,162.76,162.76,163.23,162.48,163.14,723.03K,2017-01-24 18:59:59-05:00
2017-01-25,161.76,161.76,162.49,161.52,162.44,1.05M,2017-01-25 18:59:59-05:00
2017-01-26,161.43,161.43,161.88,161.31,161.6,875.40K,2017-01-26 18:59:59-05:00
2017-01-27,161.85,161.85,161.93,161.49,161.54,699.67K,2017-01-27 18:59:59-05:00
2017-01-30,162.07,162.07,162.22,161.35,161.93,814.24K,2017-01-30 18:59:59-05:00
2017-01-31,162.13,162.13,162.29,161.49,162.07,1.00M,2017-01-31 18:59:59-05:00
2017-02-01,161.61,161.61,162.02,161.51,161.9,737.85K,2017-02-01 18:59:59-05:00
2017-02-02,162.37,162.37,162.56,161.63,161.94,856.77K,2017-02-02 18:59:59-05:00
2017-02-03,162.49,162.49,162.68,162.01,162.15,656.88K,2017-02-03 18:59:59-05:00
2017-02-06,163.19,163.19,163.48,162.44,162.5,936.67K,2017-02-06 18:59:59-05:00
2017-02-07,163.38,163.38,163.74,162.97,163.49,965.02K,2017-02-07 18:59:59-05:00
2017-02-08,164.22,164.22,164.41,163.44,163.53,993.92K,2017-02-08 18:59:59-05:00
2017-02-09,164.23,164.23,164.46,163.97,164.21,771.87K,2017-02-09 18:59:59-05:00
2017-02-10,163.91,163.91,164.17,163.76,163.96,639.54K,2017-02-10 18:59:59-05:00
2017-02-13,163.76,163.76,164.03,163.68,163.93,512.87K,2017-02-13 18:59:59-05:00
2017-02-14,163.42,163.42,164.07,163.26,163.97,740.04K,2017-02-14 18:59:59-05:00
2017-02-15,163.3,163.3,163.55,163.13,163.52,665.67K,2017-02-15 18:59:59-05:00
2017-02-16,163.84,163.84,163.88,163.32,163.48,754.37K,2017-02-16 18:59:59-05:00
2017-02-17,164.43,164.43,164.64,163.62,163.79,751.34K,2017-02-17 18:59:59-05:00
2017-02-20,164.58,164.58,164.68,164.18,164.28,417.81K,2017-02-20 18:59:59-05:00
2017-02-21,164.41,164.41,164.64,164.09,164.57,692.50K,2017-02-21 18:59:59-05:00
2017-02-22,164.99,164.99,165.53,164.31,164.35,1.14M,2017-02-22 18:59:59-05:00
2017-02-23,165.64,165.64,165.8,164.84,165.1,781.98K,2017-02-23 18:59:59-05:00
2017-02-24,166.21,166.21,166.4,165.6,165.72,841.36K,2017-02-24 18:59:59-05:00
2017-02-27,166.08,166.08,166.32,165.9,166.22,640.09K,2017-02-27 18:59:59-05:00
2017-02-28,166.05,166.05,166.22,165.7,166.04,964.85K,2017-02-28 18:59:59-05:00
2017-03-01,164.93,164.93,165.9,164.75,165.78,1.41M,2017-03-01 18:59:59-05:00
2017-03-02,164.61,164.61,164.99,164.42,164.99,1.29M,2017-03-02 18:59:59-05:00
2017-03-03,163.98,163.98,164.85,163.89,164.8,1.54M,2017-03-03 18:59:59-05:00
2017-03-06,164.09,164.09,164.54,164.05,164.14,1.26M,2017-03-06 18:59:59-05:00
2017-03-07,164.39,164.39,164.76,164.07,164.14,314.99K,2017-03-07 18:59:59-05:00
2017-03-08,164.0,164.0,164.49,163.81,164.42,16.88K,2017-03-08 18:59:59-05:00
2017-03-09,159.99,159.99,160.66,159.57,160.53,921.29K,2017-03-09 18:59:59-05:00
2017-03-10,159.01,159.01,159.85,158.87,159.63,941.36K,2017-03-10 18:59:59-05:00
2017-03-13,159.19,159.19,159.68,158.94,159.09,603.31K,2017-03-13 19:59:59-04:00
2017-03-14,159.56,159.56,159.66,158.73,159.03,728.15K,2017-03-14 19:59:59-04:00
2017-03-15,160.09,160.09,160.45,159.42,159.55,678.36K,2017-03-15 19:59:59-04:00
2017-03-16,159.72,159.72,160.38,159.16,160.23,797.75K,2017-03-16 19:59:59-04:00
2017-03-17,159.82,159.82,159.89,159.09,159.33,634.35K,2017-03-17 19:59:59-04:00
2017-03-20,159.78,159.78,159.96,159.38,159.93,521.60K,2017-03-20 19:59:59-04:00
2017-03-21,159.56,159.56,159.84,159.12,159.69,881.15K,2017-03-21 19:59:59-04:00
2017-03-22,160.2,160.2,160.33,159.65,159.72,829.61K,2017-03-22 19:59:59-04:00
2017-03-23,160.03,160.03,160.47,159.88,160.12,745.14K,2017-03-23 19:59:59-04:00
2017-03-24,160.22,160.22,160.35,159.73,159.94,536.79K,2017-03-24 19:59:59-04:00
2017-03-27,160.26,160.26,161.0,160.23,160.51,710.64K,2017-03-27 19:59:59-04:00
2017-03-28,160.6,160.6,160.71,160.14,160.22,672.59K,2017-03-28 19:59:59-04:00
2017-03-29,161.15,161.15,161.24,160.18,160.24,791.62K,2017-03-29 19:59:59-04:00
2017-03-30,161.44,161.44,161.57,161.06,161.16,704.63K,2017-03-30 19:59:59-04:00
2017-03-31,161.42,161.42,161.53,161.21,161.46,618.28K,2017-03-31 19:59:59-04:00
2017-04-03,162.09,162.09,162.18,161.34,161.4,622.57K,2017-04-03 19:59:59-04:00
2017-04-04,162.53,162.53,162.72,162.17,162.21,833.25K,2017-04-04 19:59:59-04:00
2017-04-05,162.4,162.4,162.69,162.02,162.53,654.75K,2017-04-05 19:59:59-04:00
2017-04-06,162.39,162.39,162.67,162.25,162.63,589.19K,2017-04-06 19:59:59-04:00
2017-04-07,162.85,162.85,163.05,162.5,162.78,595.79K,2017-04-07 19:59:59-04:00
2017-04-10,162.99,162.99,163.3,162.59,162.59,507.22K,2017-04-10 19:59:59-04:00
2017-04-11,163.21,163.21,163.39,162.87,163.28,659.84K,2017-04-11 19:59:59-04:00
2017-04-12,163.25,163.25,163.53,163.01,163.26,535.92K,2017-04-12 19:59:59-04:00
2017-04-13,163.54,163.54,163.82,163.41,163.58,490.70K,2017-04-13 19:59:59-04:00
2017-04-18,163.68,163.68,163.99,163.34,163.6,571.57K,2017-04-18 19:59:59-04:00
2017-04-19,163.25,163.25,163.8,163.16,163.77,630.81K,2017-04-19 19:59:59-04:00
2017-04-20,162.74,162.74,163.44,162.52,163.39,711.95K,2017-04-20 19:59:59-04:00
2017-04-21,162.74,162.74,162.94,162.49,162.91,528.50K,2017-04-21 19:59:59-04:00
2017-04-24,161.35,161.35,161.63,160.93,161.52,985.54K,2017-04-24 19:59:59-04:00
2017-04-25,160.98,160.98,161.47,160.65,161.32,841.15K,2017-04-25 19:59:59-04:00
2017-04-26,161.27,161.27,161.36,160.64,160.7,746.22K,2017-04-26 19:59:59-04:00
2017-04-27,162.01,162.01,162.15,161.02,161.25,774.19K,2017-04-27 19:59:59-04:00
2017-04-28,161.78,161.78,161.98,161.26,161.94,785.33K,2017-04-28 19:59:59-04:00
2017-05-02,161.69,161.69,161.81,161.45,161.7,480.15K,2017-05-02 19:59:59-04:00
2017-05-03,161.69,161.69,161.94,161.53,161.77,532.37K,2017-05-03 19:59:59-04:00
2017-05-04,160.9,160.9,161.53,160.74,161.53,792.81K,2017-05-04 19:59:59-04:00
2017-05-05,160.46,160.46,161.17,160.37,161.0,714.72K,2017-05-05 19:59:59-04:00
2017-05-08,160.46,160.46,160.98,160.25,160.29,723.30K,2017-05-08 19:59:59-04:00
2017-05-09,160.29,160.29,160.48,160.11,160.47,681.24K,2017-05-09 19:59:59-04:00
2017-05-10,160.6,160.6,160.83,160.22,160.41,646.87K,2017-05-10 19:59:59-04:00
2017-05-11,160.42,160.42,160.56,160.0,160.3,727.36K,2017-05-11 19:59:59-04:00
2017-05-12,160.88,160.88,160.99,160.41,160.5,598.55K,2017-05-12 19:59:59-04:00
2017-05-15,160.51,160.51,160.89,160.46,160.84,553.41K,2017-05-15 19:59:59-04:00
2017-05-16,160.48,160.48,160.63,160.17,160.61,700.77K,2017-05-16 19:59:59-04:00
2017-05-17,161.06,161.06,161.57,160.47,160.58,884.71K,2017-05-17 19:59:59-04:00
2017-05-18,161.53,161.53,162.02,161.1,161.25,1.01M,2017-05-18 19:59:59-04:00
2017-05-19,161.3,161.3,161.55,161.17,161.46,484.83K,2017-05-19 19:59:59-04:00
2017-05-22,160.99,160.99,161.47,160.79,161.22,551.07K,2017-05-22 19:59:59-04:00
2017-05-23,160.87,160.87,161.32,160.59,161.09,666.18K,2017-05-23 19:59:59-04:00
2017-05-24,160.8,160.8,161.13,160.68,160.8,666.48K,2017-05-24 19:59:59-04:00
2017-05-25,161.31,161.31,161.43,161.02,161.1,537.83K,2017-05-25 19:59:59-04:00
2017-05-26,161.79,161.79,161.88,161.33,161.48,638.47K,2017-05-26 19:59:59-04:00
2017-05-29,162.28,162.28,162.32,161.68,161.8,257.68K,2017-05-29 19:59:59-04:00
2017-05-30,162.33,162.33,162.43,162.06,162.29,781.45K,2017-05-30 19:59:59-04:00
2017-05-31,162.32,162.32,162.45,162.07,162.42,953.50K,2017-05-31 19:59:59-04:00
2017-06-01,162.28,162.28,162.32,161.95,162.19,889.49K,2017-06-01 19:59:59-04:00
2017-06-02,162.69,162.69,162.77,162.13,162.13,1.19M,2017-06-02 19:59:59-04:00
2017-06-05,162.49,162.49,162.68,162.33,162.62,980.83K,2017-06-05 19:59:59-04:00
2017-06-06,162.92,162.92,162.99,162.55,162.6,1.48M,2017-06-06 19:59:59-04:00
2017-06-07,162.87,162.87,163.03,162.63,162.78,353.36K,2017-06-07 19:59:59-04:00
2017-06-08,162.56,162.56,162.81,162.46,162.71,21.37K,2017-06-08 19:59:59-04:00
2017-06-09,164.87,164.87,165.18,164.74,165.14,499.06K,2017-06-09 19:59:59-04:00
2017-06-12,165.1,165.1,165.26,164.86,164.95,474.84K,2017-06-12 19:59:59-04:00
2017-06-13,164.93,164.93,165.13,164.72,165.09,496.43K,2017-06-13 19:59:59-04:00
2017-06-14,165.46,165.46,165.55,164.83,165.05,682.88K,2017-06-14 19:59:59-04:00
2017-06-15,164.59,164.59,165.44,164.4,165.33,768.89K,2017-06-15 19:59:59-04:00
2017-06-16,164.73,164.73,164.76,164.13,164.54,537.34K,2017-06-16 19:59:59-04:00
2017-06-19,164.65,164.65,164.82,164.43,164.68,475.05K,2017-06-19 19:59:59-04:00
2017-06-20,164.92,164.92,165.02,164.6,164.65,492.64K,2017-06-20 19:59:59-04:00
2017-06-21,164.97,164.97,165.29,164.79,165.0,671.53K,2017-06-21 19:59:59-04:00
2017-06-22,165.09,165.09,165.25,164.88,164.99,637.69K,2017-06-22 19:59:59-04:00
2017-06-23,165.07,165.07,165.16,164.94,165.05,446.22K,2017-06-23 19:59:59-04:00
2017-06-26,165.14,165.14,165.44,164.99,165.0,582.56K,2017-06-26 19:59:59-04:00
2017-06-27,163.75,163.75,165.33,163.13,165.13,1.12M,2017-06-27 19:59:59-04:00
2017-06-28,163.45,163.45,164.04,162.78,163.05,1.22M,2017-06-28 19:59:59-04:00
2017-06-29,162.17,162.17,163.31,162.06,163.3,1.05M,2017-06-29 19:59:59-04:00
2017-06-30,161.87,161.87,162.6,161.65,162.05,955.62K,2017-06-30 19:59:59-04:00
2017-07-03,161.65,161.65,162.32,161.52,161.55,598.64K,2017-07-03 19:59:59-04:00
2017-07-04,161.85,161.85,162.2,161.8,161.92,418.06K,2017-07-04 19:59:59-04:00
2017-07-05,161.93,161.93,162.12,161.54,161.85,659.03K,2017-07-05 19:59:59-04:00
2017-07-06,160.5,160.5,161.9,160.43,161.83,1.23M,2017-07-06 19:59:59-04:00
2017-07-07,160.49,160.49,160.73,160.31,160.54,782.71K,2017-07-07 19:59:59-04:00
2017-07-10,160.94,160.94,161.13,160.44,160.44,600.63K,2017-07-10 19:59:59-04:00
2017-07-11,160.69,160.69,160.95,160.48,160.78,583.06K,2017-07-11 19:59:59-04:00
2017-07-12,161.42,161.42,161.44,160.83,160.97,695.46K,2017-07-12 19:59:59-04:00
2017-07-13,161.15,161.15,161.92,161.02,161.44,785.94K,2017-07-13 19:59:59-04:00
2017-07-14,161.14,161.14,161.75,161.06,161.35,513.70K,2017-07-14 19:59:59-04:00
2017-07-17,161.28,161.28,161.53,161.06,161.08,369.06K,2017-07-17 19:59:59-04:00
2017-07-18,161.61,161.61,161.77,161.24,161.45,577.33K,2017-07-18 19:59:59-04:00
2017-07-19,161.92,161.92,162.03,161.57,161.61,521.93K,2017-07-19 19:59:59-04:00
2017-07-20,161.93,161.93,162.14,161.55,161.83,907.88K,2017-07-20 19:59:59-04:00
2017-07-21,162.48,162.48,162.56,161.99,162.02,560.20K,2017-07-21 19:59:59-04:00
2017-07-24,162.54,162.54,162.67,162.26,162.34,370.15K,2017-07-24 19:59:59-04:00
2017-07-25,161.6,161.6,162.56,161.56,162.47,667.12K,2017-07-25 19:59:59-04:00
2017-07-26,161.78,161.78,162.1,161.64,161.71,486.32K,2017-07-26 19:59:59-04:00
2017-07-27,162.23,162.23,162.5,161.95,162.01,572.93K,2017-07-27 19:59:59-04:00
2017-07-28,161.98,161.98,162.38,161.37,162.19,724.19K,2017-07-28 19:59:59-04:00
2017-07-31,161.95,161.95,162.19,161.72,162.08,512.32K,2017-07-31 19:59:59-04:00
2017-08-01,162.8,162.8,162.94,161.82,161.88,684.13K,2017-08-01 19:59:59-04:00
2017-08-02,162.86,162.86,162.97,162.63,162.89,493.84K,2017-08-02 19:59:59-04:00
2017-08-03,163.3,163.3,163.48,162.71,162.86,567.06K,2017-08-03 19:59:59-04:00
2017-08-04,163.13,163.13,163.51,162.89,163.48,490.01K,2017-08-04 19:59:59-04:00
2017-08-07,163.3,163.3,163.38,162.84,163.09,324.00K,2017-08-07 19:59:59-04:00
2017-08-08,163.13,163.13,163.42,163.03,163.32,339.11K,2017-08-08 19:59:59-04:00
2017-08-09,163.9,163.9,163.99,163.25,163.28,609.01K,2017-08-09 19:59:59-04:00
2017-08-10,164.11,164.11,164.3,163.64,163.78,467.22K,2017-08-10 19:59:59-04:00
2017-08-11,164.54,164.54,164.64,164.19,164.34,543.52K,2017-08-11 19:59:59-04:00
2017-08-14,164.2,164.2,164.44,163.86,164.43,392.71K,2017-08-14 19:59:59-04:00
2017-08-15,163.85,163.85,164.08,163.45,163.94,522.92K,2017-08-15 19:59:59-04:00
2017-08-16,163.75,163.75,164.02,163.36,163.8,532.77K,2017-08-16 19:59:59-04:00
2017-08-17,163.95,163.95,164.33,163.71,163.98,482.66K,2017-08-17 19:59:59-04:00
2017-08-18,164.36,164.36,164.48,164.0,164.18,500.84K,2017-08-18 19:59:59-04:00
2017-08-21,164.44,164.44,164.57,164.05,164.09,376.49K,2017-08-21 19:59:59-04:00
2017-08-22,164.44,164.44,164.47,164.12,164.39,468.24K,2017-08-22 19:59:59-04:00
2017-08-23,164.85,164.85,164.89,164.22,164.35,615.18K,2017-08-23 19:59:59-04:00
2017-08-24,164.75,164.75,164.9,164.66,164.87,420.39K,2017-08-24 19:59:59-04:00
2017-08-25,164.77,164.77,164.8,164.36,164.69,454.03K,2017-08-25 19:59:59-04:00
2017-08-28,164.96,164.96,164.98,164.58,164.86,298.55K,2017-08-28 19:59:59-04:00
2017-08-29,165.43,165.43,165.69,165.0,165.03,788.84K,2017-08-29 19:59:59-04:00
2017-08-30,165.14,165.14,165.31,164.92,165.26,676.23K,2017-08-30 19:59:59-04:00
2017-08-31,165.08,165.08,165.29,164.85,165.13,706.07K,2017-08-31 19:59:59-04:00
2017-09-01,164.86,164.86,165.21,164.52,165.15,959.78K,2017-09-01 19:59:59-04:00
2017-09-04,165.04,165.04,165.15,164.89,164.98,931.55K,2017-09-04 19:59:59-04:00
2017-09-05,165.52,165.52,165.83,164.84,165.05,1.39M,2017-09-05 19:59:59-04:00
2017-09-06,165.48,165.48,165.74,165.2,165.68,455.15K,2017-09-06 19:59:59-04:00
2017-09-07,165.37,165.37,165.38,165.18,165.24,29.04K,2017-09-07 19:59:59-04:00
2017-09-08,162.96,162.96,163.43,162.82,163.4,625.18K,2017-09-08 19:59:59-04:00
2017-09-11,162.77,162.77,162.89,162.64,162.85,459.14K,2017-09-11 19:59:59-04:00
2017-09-12,161.87,161.87,162.7,161.73,162.67,757.28K,2017-09-12 19:59:59-04:00
2017-09-13,161.72,161.72,162.07,161.62,161.96,619.96K,2017-09-13 19:59:59-04:00
2017-09-14,161.56,161.56,162.05,161.37,161.71,733.99K,2017-09-14 19:59:59-04:00
2017-09-15,161.19,161.19,161.82,161.07,161.77,676.74K,2017-09-15 19:59:59-04:00
2017-09-18,160.94,160.94,161.42,160.86,161.26,553.50K,2017-09-18 19:59:59-04:00
2017-09-19,161.09,161.09,161.37,160.92,161.01,633.45K,2017-09-19 19:59:59-04:00
2017-09-20,161.32,161.32,161.41,160.76,161.07,530.23K,2017-09-20 19:59:59-04:00
2017-09-21,161.14,161.14,161.2,160.66,160.92,729.12K,2017-09-21 19:59:59-04:00
2017-09-22,161.12,161.12,161.26,160.88,161.19,511.18K,2017-09-22 19:59:59-04:00
2017-09-25,161.93,161.93,161.98,161.12,161.3,806.36K,2017-09-25 19:59:59-04:00
2017-09-26,161.71,161.71,161.95,161.62,161.93,566.00K,2017-09-26 19:59:59-04:00
2017-09-27,161.02,161.02,161.68,160.65,161.67,1.05M,2017-09-27 19:59:59-04:00
2017-09-28,160.8,160.8,160.96,160.24,160.56,767.97K,2017-09-28 19:59:59-04:00
2017-09-29,161.01,161.01,161.31,160.79,160.94,739.82K,2017-09-29 19:59:59-04:00
2017-10-02,161.22,161.22,161.37,160.66,160.81,712.86K,2017-10-02 19:59:59-04:00
2017-10-03,161.12,161.12,161.21,160.65,161.09,535.00K,2017-10-03 19:59:59-04:00
2017-10-04,161.32,161.32,161.82,161.16,161.23,958.42K,2017-10-04 19:59:59-04:00
2017-10-05,161.22,161.22,161.66,161.05,161.25,759.20K,2017-10-05 19:59:59-04:00
2017-10-06,161.16,161.16,161.3,160.59,161.27,842.25K,2017-10-06 19:59:59-04:00
2017-10-09,161.44,161.44,161.49,161.07,161.07,362.39K,2017-10-09 19:59:59-04:00
2017-10-10,161.48,161.48,161.68,161.13,161.4,756.46K,2017-10-10 19:59:59-04:00
2017-10-11,161.26,161.26,161.4,161.11,161.25,568.50K,2017-10-11 19:59:59-04:00
2017-10-12,161.45,161.45,161.57,161.16,161.25,587.52K,2017-10-12 19:59:59-04:00
2017-10-13,162.02,162.02,162.15,161.42,161.48,721.43K,2017-10-13 19:59:59-04:00
2017-10-16,162.46,162.46,162.55,161.9,162.04,604.03K,2017-10-16 19:59:59-04:00
2017-10-17,162.62,162.62,162.78,162.35,162.4,668.79K,2017-10-17 19:59:59-04:00
2017-10-18,162.18,162.18,162.77,162.13,162.66,720.83K,2017-10-18 19:59:59-04:00
2017-10-19,162.28,162.28,162.56,162.04,162.14,719.27K,2017-10-19 19:59:59-04:00
2017-10-20,161.44,161.44,162.04,161.35,162.02,859.42K,2017-10-20 19:59:59-04:00
2017-10-23,161.68,161.68,161.78,161.46,161.46,585.68K,2017-10-23 19:59:59-04:00
2017-10-24,161.11,161.11,161.71,161.01,161.68,701.23K,2017-10-24 19:59:59-04:00
2017-10-25,161.04,161.04,161.31,160.76,161.11,801.86K,2017-10-25 19:59:59-04:00
2017-10-26,161.61,161.61,162.0,160.95,161.21,954.97K,2017-10-26 19:59:59-04:00
2017-10-27,162.38,162.38,162.48,161.63,161.76,898.80K,2017-10-27 19:59:59-04:00
2017-10-30,162.71,162.71,162.75,162.25,162.5,585.57K,2017-10-30 19:59:59-04:00
2017-10-31,162.75,162.75,162.83,162.44,162.77,626.14K,2017-10-31 19:59:59-04:00
2017-11-01,162.63,162.63,162.79,162.37,162.61,590.44K,2017-11-01 19:59:59-04:00
2017-11-02,162.69,162.69,162.7,162.24,162.53,776.43K,2017-11-02 19:59:59-04:00
2017-11-03,162.74,162.74,162.99,162.61,162.65,570.32K,2017-11-03 19:59:59-04:00
2017-11-06,163.14,163.14,163.24,162.79,162.83,560.85K,2017-11-06 18:59:59-05:00
2017-11-07,163.28,163.28,163.39,162.95,163.1,725.91K,2017-11-07 18:59:59-05:00
2017-11-08,163.4,163.4,163.63,163.22,163.35,690.80K,2017-11-08 18:59:59-05:00
2017-11-09,162.58,162.58,163.4,162.48,163.27,940.68K,2017-11-09 18:59:59-05:00
2017-11-10,162.19,162.19,162.56,162.13,162.54,689.67K,2017-11-10 18:59:59-05:00
2017-11-13,162.08,162.08,162.55,162.02,162.24,502.93K,2017-11-13 18:59:59-05:00
2017-11-14,162.39,162.39,162.47,161.91,162.02,627.84K,2017-11-14 18:59:59-05:00
2017-11-15,162.64,162.64,163.08,162.49,162.53,783.77K,2017-11-15 18:59:59-05:00
2017-11-16,162.7,162.7,162.82,162.38,162.68,551.30K,2017-11-16 18:59:59-05:00
2017-11-17,162.86,162.86,162.94,162.5,162.75,435.20K,2017-11-17 18:59:59-05:00
2017-11-20,162.96,162.96,163.16,162.83,163.08,447.22K,2017-11-20 18:59:59-05:00
2017-11-21,163.08,163.08,163.27,162.87,162.93,663.05K,2017-11-21 18:59:59-05:00
2017-11-22,162.98,162.98,163.3,162.61,163.22,721.52K,2017-11-22 18:59:59-05:00
2017-11-23,163.06,163.06,163.11,162.89,163.01,254.62K,2017-11-23 18:59:59-05:00
2017-11-24,162.86,162.86,163.03,162.67,162.98,522.32K,2017-11-24 18:59:59-05:00
2017-11-27,163.11,163.11,163.21,162.76,162.85,639.56K,2017-11-27 18:59:59-05:00
2017-11-28,163.17,163.17,163.32,162.97,163.16,656.55K,2017-11-28 18:59:59-05:00
2017-11-29,162.48,162.48,163.1,162.4,163.05,950.51K,2017-11-29 18:59:59-05:00
2017-11-30,162.72,162.72,162.88,162.24,162.52,935.10K,2017-11-30 18:59:59-05:00
2017-12-01,163.8,163.8,163.92,162.59,162.73,1.40M,2017-12-01 18:59:59-05:00
2017-12-04,163.28,163.28,163.41,163.11,163.3,1.65M,2017-12-04 18:59:59-05:00
2017-12-05,163.48,163.48,163.66,163.1,163.23,1.64M,2017-12-05 18:59:59-05:00
2017-12-06,163.78,163.78,163.9,163.52,163.65,465.01K,2017-12-06 18:59:59-05:00
2017-12-07,163.67,163.67,163.88,163.51,163.65,29.73K,2017-12-07 18:59:59-05:00
2017-12-08,163.48,163.48,163.55,163.17,163.41,525.02K,2017-12-08 18:59:59-05:00
2017-12-11,163.64,163.64,163.78,163.37,163.47,442.50K,2017-12-11 18:59:59-05:00
2017-12-12,163.27,163.27,163.64,163.18,163.58,473.18K,2017-12-12 18:59:59-05:00
2017-12-13,163.27,163.27,163.48,162.91,163.37,591.06K,2017-12-13 18:59:59-05:00
2017-12-14,163.23,163.23,163.52,162.9,163.31,628.32K,2017-12-14 18:59:59-05:00
2017-12-15,163.47,163.47,163.69,163.37,163.48,449.99K,2017-12-15 18:59:59-05:00
2017-12-18,163.4,163.4,163.57,163.27,163.46,385.84K,2017-12-18 18:59:59-05:00
2017-12-19,162.38,162.38,163.37,162.15,163.3,617.13K,2017-12-19 18:59:59-05:00
2017-12-20,161.74,161.74,162.48,161.58,162.36,680.83K,2017-12-20 18:59:59-05:00
2017-12-21,161.71,161.71,161.83,161.5,161.78,395.27K,2017-12-21 18:59:59-05:00
2017-12-22,161.77,161.77,161.86,161.58,161.63,202.34K,2017-12-22 18:59:59-05:00
2017-12-27,162.29,162.29,162.37,161.63,161.63,248.66K,2017-12-27 18:59:59-05:00
2017-12-28,161.79,161.79,162.28,161.67,162.27,267.09K,2017-12-28 18:59:59-05:00
2017-12-29,161.68,161.68,161.86,161.46,161.76,250.04K,2017-12-29 18:59:59-05:00
2018-01-02,161.28,161.28,161.78,161.18,161.78,485.60K,2018-01-02 18:59:59-05:00
2018-01-03,161.58,161.58,161.82,161.2,161.26,604.24K,2018-01-03 18:59:59-05:00
2018-01-04,161.59,161.59,161.75,161.26,161.44,640.61K,2018-01-04 18:59:59-05:00
2018-01-05,161.59,161.59,161.87,161.5,161.7,467.09K,2018-01-05 18:59:59-05:00
2018-01-08,161.8,161.8,162.04,161.39,161.64,454.69K,2018-01-08 18:59:59-05:00
2018-01-09,161.3,161.3,162.0,161.2,161.67,719.57K,2018-01-09 18:59:59-05:00
2018-01-10,161.07,161.07,161.37,160.91,161.0,870.62K,2018-01-10 18:59:59-05:00
2018-01-11,160.31,160.31,161.55,160.27,161.38,1.06M,2018-01-11 18:59:59-05:00
2018-01-12,160.38,160.38,160.65,160.11,160.42,781.17K,2018-01-12 18:59:59-05:00
2018-01-15,160.34,160.34,160.76,160.3,160.59,328.10K,2018-01-15 18:59:59-05:00
2018-01-16,160.77,160.77,160.97,160.41,160.46,632.57K,2018-01-16 18:59:59-05:00
2018-01-17,160.82,160.82,160.97,160.65,160.78,514.18K,2018-01-17 18:59:59-05:00
2018-01-18,160.58,160.58,160.7,160.3,160.62,613.31K,2018-01-18 18:59:59-05:00
2018-01-19,160.66,160.66,160.85,160.31,160.42,530.11K,2018-01-19 18:59:59-05:00
2018-01-22,160.74,160.74,160.82,160.38,160.55,432.97K,2018-01-22 18:59:59-05:00
2018-01-23,160.8,160.8,161.13,160.68,160.7,605.82K,2018-01-23 18:59:59-05:00
2018-01-24,160.4,160.4,160.85,160.32,160.85,675.76K,2018-01-24 18:59:59-05:00
2018-01-25,160.05,160.05,160.75,159.66,160.57,1.01M,2018-01-25 18:59:59-05:00
2018-01-26,159.79,159.79,160.36,159.74,160.15,751.02K,2018-01-26 18:59:59-05:00
2018-01-29,158.71,158.71,159.64,158.66,159.59,1.02M,2018-01-29 18:59:59-05:00
2018-01-30,158.91,158.91,159.18,158.73,158.74,840.36K,2018-01-30 18:59:59-05:00
2018-01-31,158.82,158.82,159.33,158.5,158.96,917.38K,2018-01-31 18:59:59-05:00
2018-02-01,158.6,158.6,158.81,158.15,158.55,1.08M,2018-02-01 18:59:59-05:00
2018-02-02,157.87,157.87,158.36,157.71,158.17,1.03M,2018-02-02 18:59:59-05:00
2018-02-05,158.09,158.09,159.3,157.62,157.67,871.67K,2018-02-05 18:59:59-05:00
2018-02-06,158.86,158.86,159.24,158.48,158.96,1.27M,2018-02-06 18:59:59-05:00
2018-02-07,158.23,158.23,158.92,157.92,158.68,928.91K,2018-02-07 18:59:59-05:00
2018-02-08,157.74,157.74,158.23,157.26,157.92,1.16M,2018-02-08 18:59:59-05:00
2018-02-09,158.04,158.04,158.65,157.7,158.05,920.81K,2018-02-09 18:59:59-05:00
2018-02-12,157.97,157.97,158.17,157.54,157.75,636.37K,2018-02-12 18:59:59-05:00
2018-02-13,158.11,158.11,158.44,157.95,158.03,664.40K,2018-02-13 18:59:59-05:00
2018-02-14,157.98,157.98,158.38,157.65,158.25,782.15K,2018-02-14 18:59:59-05:00
2018-02-15,157.88,157.88,158.01,157.42,157.65,720.05K,2018-02-15 18:59:59-05:00
2018-02-16,158.61,158.61,158.78,157.65,157.76,575.90K,2018-02-16 18:59:59-05:00
2018-02-19,158.27,158.27,158.53,158.17,158.49,338.58K,2018-02-19 18:59:59-05:00
2018-02-20,158.39,158.39,158.55,157.9,158.17,614.79K,2018-02-20 18:59:59-05:00
2018-02-21,158.51,158.51,158.85,158.17,158.41,675.67K,2018-02-21 18:59:59-05:00
2018-02-22,158.76,158.76,158.85,158.18,158.24,630.34K,2018-02-22 18:59:59-05:00
2018-02-23,159.48,159.48,159.66,158.68,158.68,777.96K,2018-02-23 18:59:59-05:00
2018-02-26,159.56,159.56,159.67,159.25,159.65,678.75K,2018-02-26 18:59:59-05:00
2018-02-27,159.2,159.2,159.51,159.05,159.45,813.66K,2018-02-27 18:59:59-05:00
2018-02-28,159.44,159.44,159.52,159.03,159.24,701.49K,2018-02-28 18:59:59-05:00
2018-03-01,159.7,159.7,160.09,159.44,159.45,959.07K,2018-03-01 18:59:59-05:00
2018-03-02,159.77,159.77,160.21,159.58,159.9,912.66K,2018-03-02 18:59:59-05:00
2018-03-05,159.88,159.88,160.38,159.41,160.0,1.50M,2018-03-05 18:59:59-05:00
2018-03-06,159.25,159.25,159.74,158.89,159.54,1.62M,2018-03-06 18:59:59-05:00
2018-03-07,159.43,159.43,159.63,159.26,159.43,357.29K,2018-03-07 18:59:59-05:00
2018-03-08,159.36,159.36,159.56,159.32,159.4,12.68K,2018-03-08 18:59:59-05:00
2018-03-09,156.98,156.98,157.25,156.88,157.15,527.88K,2018-03-09 18:59:59-05:00
2018-03-12,157.27,157.27,157.36,156.91,157.0,440.19K,2018-03-12 19:59:59-04:00
2018-03-13,157.47,157.47,157.61,157.17,157.25,682.43K,2018-03-13 19:59:59-04:00
2018-03-14,157.94,157.94,157.97,157.34,157.62,674.07K,2018-03-14 19:59:59-04:00
2018-03-15,158.14,158.14,158.24,157.81,157.85,606.43K,2018-03-15 19:59:59-04:00
2018-03-16,158.19,158.19,158.35,157.98,158.24,466.02K,2018-03-16 19:59:59-04:00
2018-03-19,158.23,158.23,158.3,157.67,158.16,655.36K,2018-03-19 19:59:59-04:00
2018-03-20,158.06,158.06,158.17,157.91,158.12,501.56K,2018-03-20 19:59:59-04:00
2018-03-21,157.88,157.88,158.1,157.75,158.0,490.66K,2018-03-21 19:59:59-04:00
2018-03-22,158.96,158.96,159.0,158.05,158.09,948.82K,2018-03-22 19:59:59-04:00
2018-03-23,158.87,158.87,159.01,158.55,158.9,714.82K,2018-03-23 19:59:59-04:00
2018-03-26,158.93,158.93,158.95,158.59,158.87,539.22K,2018-03-26 19:59:59-04:00
2018-03-27,159.23,159.23,159.42,158.73,158.77,733.47K,2018-03-27 19:59:59-04:00
2018-03-28,159.31,159.31,159.69,159.12,159.3,824.21K,2018-03-28 19:59:59-04:00
2018-03-29,159.43,159.43,159.48,159.14,159.24,578.41K,2018-03-29 19:59:59-04:00
2018-04-03,159.3,159.3,159.61,159.07,159.57,702.62K,2018-04-03 19:59:59-04:00
2018-04-04,159.47,159.47,159.66,159.22,159.28,705.99K,2018-04-04 19:59:59-04:00
2018-04-05,159.11,159.11,159.26,158.89,159.22,720.30K,2018-04-05 19:59:59-04:00
2018-04-06,159.5,159.5,159.57,159.15,159.24,531.41K,2018-04-06 19:59:59-04:00
2018-04-09,159.3,159.3,159.49,159.24,159.44,487.94K,2018-04-09 19:59:59-04:00
2018-04-10,159.05,159.05,159.59,159.0,159.34,877.26K,2018-04-10 19:59:59-04:00
2018-04-11,159.5,159.5,159.65,159.17,159.17,665.49K,2018-04-11 19:59:59-04:00
2018-04-12,159.29,159.29,159.52,159.15,159.4,659.30K,2018-04-12 19:59:59-04:00
2018-04-13,159.34,159.34,159.37,158.95,159.29,600.23K,2018-04-13 19:59:59-04:00
2018-04-16,159.15,159.15,159.27,158.74,159.24,622.22K,2018-04-16 19:59:59-04:00
2018-04-17,159.34,159.34,159.45,158.95,159.09,584.95K,2018-04-17 19:59:59-04:00
2018-04-18,159.05,159.05,159.55,158.96,159.26,753.07K,2018-04-18 19:59:59-04:00
2018-04-19,158.17,158.17,159.04,158.06,159.03,1.09M,2018-04-19 19:59:59-04:00
2018-04-20,158.13,158.13,158.4,157.9,158.28,744.54K,2018-04-20 19:59:59-04:00
2018-04-23,157.8,157.8,157.97,157.62,157.88,861.85K,2018-04-23 19:59:59-04:00
2018-04-24,157.76,157.76,158.04,157.43,157.88,759.49K,2018-04-24 19:59:59-04:00
2018-04-25,157.72,157.72,157.88,157.45,157.88,741.00K,2018-04-25 19:59:59-04:00
2018-04-26,158.31,158.31,158.46,157.74,157.79,752.36K,2018-04-26 19:59:59-04:00
2018-04-27,158.66,158.66,158.78,158.38,158.38,647.94K,2018-04-27 19:59:59-04:00
2018-04-30,158.74,158.74,158.91,158.38,158.64,606.83K,2018-04-30 19:59:59-04:00
2018-05-02,158.59,158.59,158.7,158.44,158.68,612.13K,2018-05-02 19:59:59-04:00
2018-05-03,159.26,159.26,159.35,158.43,158.65,894.94K,2018-05-03 19:59:59-04:00
2018-05-04,159.08,159.08,159.39,159.05,159.14,626.75K,2018-05-04 19:59:59-04:00
2018-05-07,159.31,159.31,159.42,159.07,159.1,254.13K,2018-05-07 19:59:59-04:00
2018-05-08,158.85,158.85,159.28,158.77,159.25,547.05K,2018-05-08 19:59:59-04:00
2018-05-09,158.85,158.85,158.9,158.52,158.79,585.28K,2018-05-09 19:59:59-04:00
2018-05-10,159.07,159.07,159.25,158.81,158.84,572.67K,2018-05-10 19:59:59-04:00
2018-05-11,158.85,158.85,159.16,158.79,158.92,421.37K,2018-05-11 19:59:59-04:00
2018-05-14,158.14,158.14,159.01,158.12,158.98,747.33K,2018-05-14 19:59:59-04:00
2018-05-15,157.76,157.76,158.17,157.61,158.13,832.07K,2018-05-15 19:59:59-04:00
2018-05-16,158.18,158.18,158.5,157.84,157.9,1.09M,2018-05-16 19:59:59-04:00
2018-05-17,157.87,157.87,158.39,157.73,158.02,905.26K,2018-05-17 19:59:59-04:00
2018-05-18,158.67,158.67,158.82,157.8,157.82,777.69K,2018-05-18 19:59:59-04:00
2018-05-21,159.24,159.24,159.5,158.61,158.64,803.28K,2018-05-21 19:59:59-04:00
2018-05-22,158.9,158.9,159.43,158.74,159.38,958.51K,2018-05-22 19:59:59-04:00
2018-05-23,159.76,159.76,159.84,159.03,159.06,1.20M,2018-05-23 19:59:59-04:00
2018-05-24,160.22,160.22,160.29,159.31,159.7,1.06M,2018-05-24 19:59:59-04:00
2018-05-25,161.02,161.02,161.34,160.05,160.09,1.33M,2018-05-25 19:59:59-04:00
2018-05-28,161.93,161.93,162.0,160.29,160.75,857.65K,2018-05-28 19:59:59-04:00
2018-05-29,162.8,162.8,164.15,161.79,161.86,1.72M,2018-05-29 19:59:59-04:00
2018-05-30,162.02,162.02,163.06,161.41,163.04,1.63M,2018-05-30 19:59:59-04:00
2018-05-31,162.14,162.14,162.23,160.95,161.75,1.47M,2018-05-31 19:59:59-04:00
2018-06-01,161.46,161.46,161.83,160.99,161.67,1.23M,2018-06-01 19:59:59-04:00
2018-06-04,160.89,160.89,161.42,160.78,161.24,1.74M,2018-06-04 19:59:59-04:00
2018-06-05,161.46,161.46,161.68,160.81,160.82,1.89M,2018-06-05 19:59:59-04:00
2018-06-06,160.24,160.24,161.32,159.94,161.06,600.58K,2018-06-06 19:59:59-04:00
2018-06-07,159.57,159.57,160.14,159.54,160.12,31.81K,2018-06-07 19:59:59-04:00
2018-06-08,160.4,160.4,161.13,160.18,160.23,959.96K,2018-06-08 19:59:59-04:00
2018-06-11,159.74,159.74,160.22,159.55,160.22,623.12K,2018-06-11 19:59:59-04:00
2018-06-12,159.85,159.85,159.92,159.37,159.84,634.99K,2018-06-12 19:59:59-04:00
2018-06-13,160.07,160.07,160.22,159.63,159.8,620.45K,2018-06-13 19:59:59-04:00
2018-06-14,160.71,160.71,160.85,159.45,160.0,953.59K,2018-06-14 19:59:59-04:00
2018-06-15,161.16,161.16,161.52,160.75,160.88,792.24K,2018-06-15 19:59:59-04:00
2018-06-18,161.15,161.15,161.41,161.02,161.17,456.23K,2018-06-18 19:59:59-04:00
2018-06-19,161.53,161.53,161.86,161.46,161.49,721.42K,2018-06-19 19:59:59-04:00
2018-06-20,161.51,161.51,161.69,161.31,161.43,521.73K,2018-06-20 19:59:59-04:00
2018-06-21,162.15,162.15,162.35,161.26,161.31,977.02K,2018-06-21 19:59:59-04:00
2018-06-22,162.1,162.1,162.24,161.8,162.15,536.05K,2018-06-22 19:59:59-04:00
2018-06-25,162.23,162.23,162.57,162.01,162.34,510.18K,2018-06-25 19:59:59-04:00
2018-06-26,162.09,162.09,162.37,161.75,162.05,598.32K,2018-06-26 19:59:59-04:00
2018-06-27,162.3,162.3,162.55,162.01,162.09,607.01K,2018-06-27 19:59:59-04:00
2018-06-28,162.46,162.46,162.66,162.18,162.42,512.92K,2018-06-28 19:59:59-04:00
2018-06-29,162.55,162.55,162.65,161.85,162.15,699.21K,2018-06-29 19:59:59-04:00
2018-07-02,162.63,162.63,162.89,162.42,162.57,460.78K,2018-07-02 19:59:59-04:00
2018-07-03,162.72,162.72,162.81,162.22,162.41,504.75K,2018-07-03 19:59:59-04:00
2018-07-04,162.55,162.55,162.87,162.37,162.6,316.43K,2018-07-04 19:59:59-04:00
2018-07-05,162.7,162.7,162.78,162.06,162.37,608.84K,2018-07-05 19:59:59-04:00
2018-07-06,162.82,162.82,162.93,162.47,162.5,428.97K,2018-07-06 19:59:59-04:00
2018-07-09,162.61,162.61,162.73,162.35,162.67,406.31K,2018-07-09 19:59:59-04:00
2018-07-10,162.38,162.38,162.57,162.26,162.49,488.69K,2018-07-10 19:59:59-04:00
2018-07-11,162.53,162.53,162.8,162.4,162.59,547.38K,2018-07-11 19:59:59-04:00
2018-07-12,162.77,162.77,162.82,162.45,162.55,412.72K,2018-07-12 19:59:59-04:00
2018-07-13,162.98,162.98,163.22,162.66,162.68,452.73K,2018-07-13 19:59:59-04:00
2018-07-16,162.47,162.47,162.97,162.44,162.97,388.74K,2018-07-16 19:59:59-04:00
2018-07-17,162.85,162.85,162.9,162.57,162.59,365.31K,2018-07-17 19:59:59-04:00
2018-07-18,162.95,162.95,163.2,162.75,162.75,429.74K,2018-07-18 19:59:59-04:00
2018-07-19,163.08,163.08,163.26,162.7,162.78,457.41K,2018-07-19 19:59:59-04:00
2018-07-20,162.53,162.53,163.39,162.44,163.16,596.60K,2018-07-20 19:59:59-04:00
2018-07-23,162.1,162.1,162.54,161.97,162.41,570.47K,2018-07-23 19:59:59-04:00
2018-07-24,162.28,162.28,162.33,161.82,162.03,536.47K,2018-07-24 19:59:59-04:00
2018-07-25,162.37,162.37,162.47,161.9,162.34,441.50K,2018-07-25 19:59:59-04:00
2018-07-26,162.18,162.18,162.37,161.88,161.95,546.25K,2018-07-26 19:59:59-04:00
2018-07-27,162.07,162.07,162.23,161.97,162.05,450.08K,2018-07-27 19:59:59-04:00
2018-07-30,161.43,161.43,162.3,161.33,162.13,631.43K,2018-07-30 19:59:59-04:00
2018-07-31,161.58,161.58,162.05,161.41,161.9,692.91K,2018-07-31 19:59:59-04:00
2018-08-01,160.91,160.91,161.45,160.86,161.42,690.87K,2018-08-01 19:59:59-04:00
2018-08-02,161.26,161.26,161.55,161.05,161.16,679.54K,2018-08-02 19:59:59-04:00
2018-08-03,162.05,162.05,162.12,161.37,161.37,668.42K,2018-08-03 19:59:59-04:00
2018-08-06,162.35,162.35,162.38,161.83,162.01,352.12K,2018-08-06 19:59:59-04:00
2018-08-07,162.01,162.01,162.39,161.97,162.23,341.62K,2018-08-07 19:59:59-04:00
2018-08-08,162.11,162.11,162.27,161.96,162.04,347.53K,2018-08-08 19:59:59-04:00
2018-08-09,162.5,162.5,162.62,162.22,162.27,445.90K,2018-08-09 19:59:59-04:00
2018-08-10,163.34,163.34,163.45,162.69,162.69,754.29K,2018-08-10 19:59:59-04:00
2018-08-13,163.36,163.36,163.62,163.22,163.46,647.39K,2018-08-13 19:59:59-04:00
2018-08-14,163.21,163.21,163.35,163.11,163.35,434.95K,2018-08-14 19:59:59-04:00
2018-08-15,163.71,163.71,163.82,163.1,163.33,506.86K,2018-08-15 19:59:59-04:00
2018-08-16,163.49,163.49,163.67,163.36,163.41,402.82K,2018-08-16 19:59:59-04:00
2018-08-17,163.67,163.67,163.88,163.42,163.53,435.26K,2018-08-17 19:59:59-04:00
2018-08-20,163.73,163.73,163.74,163.42,163.65,354.62K,2018-08-20 19:59:59-04:00
2018-08-21,163.24,163.24,163.71,163.17,163.6,469.57K,2018-08-21 19:59:59-04:00
2018-08-22,163.0,163.0,163.45,162.91,163.36,597.13K,2018-08-22 19:59:59-04:00
2018-08-23,163.06,163.06,163.23,162.93,163.22,454.72K,2018-08-23 19:59:59-04:00
2018-08-24,163.09,163.09,163.16,162.8,163.01,500.67K,2018-08-24 19:59:59-04:00
2018-08-27,162.64,162.64,163.36,162.55,163.17,391.91K,2018-08-27 19:59:59-04:00
2018-08-28,162.52,162.52,162.87,162.35,162.67,815.85K,2018-08-28 19:59:59-04:00
2018-08-29,162.18,162.18,162.68,162.1,162.62,708.02K,2018-08-29 19:59:59-04:00
2018-08-30,162.98,162.98,163.08,162.13,162.28,865.70K,2018-08-30 19:59:59-04:00
2018-08-31,163.27,163.27,163.32,162.83,162.92,1.04M,2018-08-31 19:59:59-04:00
2018-09-03,163.21,163.21,163.49,163.04,163.19,1.25M,2018-09-03 19:59:59-04:00
2018-09-04,162.87,162.87,163.22,162.8,163.21,1.47M,2018-09-04 19:59:59-04:00
2018-09-05,162.44,162.44,163.03,162.28,162.88,489.97K,2018-09-05 19:59:59-04:00
2018-09-06,162.62,162.62,162.7,162.45,162.48,29.85K,2018-09-06 19:59:59-04:00
2018-09-07,159.95,159.95,160.43,159.83,160.42,568.74K,2018-09-07 19:59:59-04:00
2018-09-10,159.69,159.69,160.1,159.52,159.94,607.67K,2018-09-10 19:59:59-04:00
2018-09-11,159.3,159.3,159.67,159.23,159.67,612.07K,2018-09-11 19:59:59-04:00
2018-09-12,159.63,159.63,159.8,159.34,159.35,669.39K,2018-09-12 19:59:59-04:00
2018-09-13,159.46,159.46,159.78,159.26,159.71,676.49K,2018-09-13 19:59:59-04:00
2018-09-14,159.17,159.17,159.54,159.01,159.5,558.07K,2018-09-14 19:59:59-04:00
2018-09-17,159.02,159.02,159.29,158.84,159.28,489.77K,2018-09-17 19:59:59-04:00
2018-09-18,158.74,158.74,159.26,158.66,159.07,650.23K,2018-09-18 19:59:59-04:00
2018-09-19,158.62,158.62,158.87,158.42,158.67,704.49K,2018-09-19 19:59:59-04:00
2018-09-20,158.74,158.74,158.93,158.38,158.73,734.23K,2018-09-20 19:59:59-04:00
2018-09-21,159.0,159.0,159.1,158.68,158.75,530.18K,2018-09-21 19:59:59-04:00
2018-09-24,158.32,158.32,159.14,158.21,159.03,745.99K,2018-09-24 19:59:59-04:00
2018-09-25,157.87,157.87,158.21,157.75,158.21,783.45K,2018-09-25 19:59:59-04:00
2018-09-26,158.04,158.04,158.49,157.89,157.92,518.05K,2018-09-26 19:59:59-04:00
2018-09-27,158.06,158.06,158.79,158.02,158.56,861.14K,2018-09-27 19:59:59-04:00
2018-09-28,158.79,158.79,159.25,158.4,158.54,1.05M,2018-09-28 19:59:59-04:00
2018-10-01,158.77,158.77,158.99,158.37,158.74,736.06K,2018-10-01 19:59:59-04:00
2018-10-02,159.52,159.52,159.78,159.0,159.06,901.21K,2018-10-02 19:59:59-04:00
2018-10-03,158.93,158.93,159.46,158.21,159.17,840.41K,2018-10-03 19:59:59-04:00
2018-10-04,158.04,158.04,158.48,157.74,157.99,1.04M,2018-10-04 19:59:59-04:00
2018-10-05,157.61,157.61,158.12,157.33,158.03,848.35K,2018-10-05 19:59:59-04:00
2018-10-08,157.95,157.95,158.23,157.5,157.56,591.26K,2018-10-08 19:59:59-04:00
2018-10-09,158.09,158.09,158.18,157.61,157.95,880.49K,2018-10-09 19:59:59-04:00
2018-10-10,157.88,157.88,158.16,157.45,158.1,759.65K,2018-10-10 19:59:59-04:00
2018-10-11,158.35,158.35,158.71,158.12,158.33,927.37K,2018-10-11 19:59:59-04:00
2018-10-12,158.53,158.53,158.74,157.95,158.16,584.15K,2018-10-12 19:59:59-04:00
2018-10-15,158.59,158.59,158.87,158.46,158.66,428.87K,2018-10-15 19:59:59-04:00
2018-10-16,158.72,158.72,158.81,158.34,158.49,578.94K,2018-10-16 19:59:59-04:00
2018-10-17,159.16,159.16,159.24,158.72,158.73,681.73K,2018-10-17 19:59:59-04:00
2018-10-18,159.52,159.52,159.94,158.82,158.89,832.96K,2018-10-18 19:59:59-04:00
2018-10-19,159.4,159.4,160.08,159.07,159.78,1.04M,2018-10-19 19:59:59-04:00
2018-10-22,159.34,159.34,159.52,158.84,159.07,655.44K,2018-10-22 19:59:59-04:00
2018-10-23,159.79,159.79,159.98,159.43,159.55,765.60K,2018-10-23 19:59:59-04:00
2018-10-24,160.18,160.18,160.35,159.66,159.67,729.99K,2018-10-24 19:59:59-04:00
2018-10-25,160.16,160.16,160.33,159.83,160.29,681.40K,2018-10-25 19:59:59-04:00
2018-10-26,160.87,160.87,160.9,160.22,160.32,865.94K,2018-10-26 19:59:59-04:00
2018-10-29,160.35,160.35,160.79,160.06,160.62,729.93K,2018-10-29 19:59:59-04:00
2018-10-30,160.44,160.44,160.56,159.96,160.35,752.80K,2018-10-30 19:59:59-04:00
2018-10-31,160.26,160.26,160.37,160.01,160.2,660.23K,2018-10-31 19:59:59-04:00
2018-11-01,159.98,159.98,160.27,159.75,160.23,649.79K,2018-11-01 19:59:59-04:00
2018-11-02,159.63,159.63,159.81,159.45,159.72,658.08K,2018-11-02 19:59:59-04:00
2018-11-05,159.74,159.74,159.91,159.58,159.6,480.07K,2018-11-05 18:59:59-05:00
2018-11-06,159.7,159.7,160.04,159.61,159.71,525.13K,2018-11-06 18:59:59-05:00
2018-11-07,159.5,159.5,159.89,159.28,159.82,615.10K,2018-11-07 18:59:59-05:00
2018-11-08,159.37,159.37,159.51,159.19,159.29,535.80K,2018-11-08 18:59:59-05:00
2018-11-09,160.03,160.03,160.07,159.43,159.43,578.86K,2018-11-09 18:59:59-05:00
2018-11-12,160.29,160.29,160.45,159.93,159.95,497.50K,2018-11-12 18:59:59-05:00
2018-11-13,160.08,160.08,160.42,159.98,160.19,777.66K,2018-11-13 18:59:59-05:00
2018-11-14,160.14,160.14,160.47,159.96,160.36,709.58K,2018-11-14 18:59:59-05:00
2018-11-15,160.81,160.81,160.92,160.07,160.14,1.05M,2018-11-15 18:59:59-05:00
2018-11-16,160.65,160.65,160.76,160.54,160.54,590.15K,2018-11-16 18:59:59-05:00
2018-11-19,160.6,160.6,160.73,160.24,160.73,613.08K,2018-11-19 18:59:59-05:00
2018-11-20,160.89,160.89,161.04,160.54,160.64,777.05K,2018-11-20 18:59:59-05:00
2018-11-21,160.58,160.58,160.78,160.48,160.71,627.43K,2018-11-21 18:59:59-05:00
2018-11-22,160.63,160.63,160.87,160.53,160.7,436.79K,2018-11-22 18:59:59-05:00
2018-11-23,161.1,161.1,161.19,160.51,160.65,649.26K,2018-11-23 18:59:59-05:00
2018-11-26,160.74,160.74,160.99,160.64,160.93,628.25K,2018-11-26 18:59:59-05:00
2018-11-27,161.02,161.02,161.21,160.82,160.9,649.68K,2018-11-27 18:59:59-05:00
2018-11-28,160.9,160.9,161.18,160.83,161.0,880.82K,2018-11-28 18:59:59-05:00
2018-11-29,161.41,161.41,161.42,160.98,161.0,852.04K,2018-11-29 18:59:59-05:00
2018-11-30,161.54,161.54,161.58,161.27,161.31,849.02K,2018-11-30 18:59:59-05:00
2018-12-03,161.5,161.5,161.7,161.01,161.01,1.61M,2018-12-03 18:59:59-05:00
2018-12-04,162.09,162.09,162.43,161.61,161.91,1.92M,2018-12-04 18:59:59-05:00
2018-12-05,161.99,161.99,162.45,161.97,162.28,439.47K,2018-12-05 18:59:59-05:00
2018-12-06,162.38,162.38,162.48,162.12,162.3,25.10K,2018-12-06 18:59:59-05:00
2018-12-07,163.17,163.17,163.46,162.93,163.23,619.94K,2018-12-07 18:59:59-05:00
2018-12-10,163.4,163.4,163.64,162.98,163.49,671.10K,2018-12-10 18:59:59-05:00
2018-12-11,163.48,163.48,163.59,162.83,163.24,741.27K,2018-12-11 18:59:59-05:00
2018-12-12,162.98,162.98,163.53,162.6,163.35,708.40K,2018-12-12 18:59:59-05:00
2018-12-13,162.87,162.87,163.14,162.51,162.77,806.93K,2018-12-13 18:59:59-05:00
2018-12-14,163.2,163.2,163.3,162.81,162.89,554.18K,2018-12-14 18:59:59-05:00
2018-12-17,163.14,163.14,163.3,162.96,163.28,398.43K,2018-12-17 18:59:59-05:00
2018-12-18,163.34,163.34,163.55,163.22,163.29,482.97K,2018-12-18 18:59:59-05:00
2018-12-19,163.38,163.38,163.85,163.24,163.48,543.11K,2018-12-19 18:59:59-05:00
2018-12-20,163.56,163.56,164.01,163.41,163.74,696.50K,2018-12-20 18:59:59-05:00
2018-12-21,163.36,163.36,163.54,163.27,163.54,385.74K,2018-12-21 18:59:59-05:00
2018-12-27,163.73,163.73,163.79,163.15,163.18,334.72K,2018-12-27 18:59:59-05:00
2018-12-28,163.54,163.54,163.76,163.42,163.64,335.36K,2018-12-28 18:59:59-05:00
2019-01-02,164.64,164.64,164.94,163.58,163.7,713.33K,2019-01-02 18:59:59-05:00
2019-01-03,164.82,164.82,165.1,164.38,164.91,683.68K,2019-01-03 18:59:59-05:00
2019-01-04,163.97,163.97,165.04,163.88,165.01,649.42K,2019-01-04 18:59:59-05:00
2019-01-07,163.96,163.96,164.32,163.76,163.93,541.36K,2019-01-07 18:59:59-05:00
2019-01-08,163.74,163.74,163.9,163.5,163.76,658.67K,2019-01-08 18:59:59-05:00
2019-01-09,163.96,163.96,164.11,163.48,163.71,656.38K,2019-01-09 18:59:59-05:00
2019-01-10,164.21,164.21,164.38,163.93,163.93,647.11K,2019-01-10 18:59:59-05:00
2019-01-11,164.41,164.41,164.64,164.16,164.25,563.19K,2019-01-11 18:59:59-05:00
2019-01-14,164.57,164.57,164.88,164.43,164.51,540.34K,2019-01-14 18:59:59-05:00
2019-01-15,164.89,164.89,164.98,164.38,164.62,706.55K,2019-01-15 18:59:59-05:00
2019-01-16,164.59,164.59,164.9,164.36,164.8,638.53K,2019-01-16 18:59:59-05:00
2019-01-17,164.3,164.3,164.89,164.23,164.72,566.68K,2019-01-17 18:59:59-05:00
2019-01-18,164.07,164.07,164.34,163.84,164.28,712.27K,2019-01-18 18:59:59-05:00
2019-01-21,164.13,164.13,164.3,164.04,164.2,272.11K,2019-01-21 18:59:59-05:00
2019-01-22,164.47,164.47,164.75,164.12,164.25,608.30K,2019-01-22 18:59:59-05:00
2019-01-23,164.57,164.57,164.77,164.34,164.65,600.56K,2019-01-23 18:59:59-05:00
2019-01-24,165.32,165.32,165.54,164.59,164.72,890.97K,2019-01-24 18:59:59-05:00
2019-01-25,165.07,165.07,165.43,164.96,165.35,603.23K,2019-01-25 18:59:59-05:00
2019-01-28,164.91,164.91,165.3,164.69,165.19,647.82K,2019-01-28 18:59:59-05:00
2019-01-29,165.08,165.08,165.28,164.85,164.94,566.21K,2019-01-29 18:59:59-05:00
2019-01-30,165.18,165.18,165.53,164.99,165.24,571.07K,2019-01-30 18:59:59-05:00
2019-01-31,165.67,165.67,165.87,165.3,165.52,801.43K,2019-01-31 18:59:59-05:00
2019-02-01,165.5,165.5,165.77,165.43,165.73,711.77K,2019-02-01 18:59:59-05:00
2019-02-04,165.28,165.28,165.64,165.22,165.61,418.54K,2019-02-04 18:59:59-05:00
2019-02-05,165.49,165.49,165.52,164.93,165.4,623.60K,2019-02-05 18:59:59-05:00
2019-02-06,165.51,165.51,165.68,165.37,165.42,491.94K,2019-02-06 18:59:59-05:00
2019-02-07,166.36,166.36,166.45,165.52,165.59,896.17K,2019-02-07 18:59:59-05:00
2019-02-08,166.75,166.75,166.83,166.26,166.39,635.90K,2019-02-08 18:59:59-05:00
2019-02-11,166.35,166.35,166.73,166.15,166.68,602.03K,2019-02-11 18:59:59-05:00
2019-02-12,166.02,166.02,166.26,165.84,166.26,634.42K,2019-02-12 18:59:59-05:00
2019-02-13,166.12,166.12,166.24,165.86,166.0,531.26K,2019-02-13 18:59:59-05:00
2019-02-14,166.54,166.54,166.73,166.02,166.22,628.47K,2019-02-14 18:59:59-05:00
2019-02-15,166.47,166.47,166.64,166.28,166.55,474.92K,2019-02-15 18:59:59-05:00
2019-02-18,166.36,166.36,166.55,166.28,166.53,238.96K,2019-02-18 18:59:59-05:00
2019-02-19,166.42,166.42,166.75,166.27,166.42,654.66K,2019-02-19 18:59:59-05:00
2019-02-20,166.51,166.51,166.69,166.35,166.45,492.43K,2019-02-20 18:59:59-05:00
2019-02-21,166.07,166.07,166.67,165.85,166.6,983.25K,2019-02-21 18:59:59-05:00
2019-02-22,166.62,166.62,166.72,166.11,166.17,514.63K,2019-02-22 18:59:59-05:00
2019-02-25,166.4,166.4,166.62,166.2,166.56,530.95K,2019-02-25 18:59:59-05:00
2019-02-26,166.27,166.27,166.66,166.16,166.5,731.37K,2019-02-26 18:59:59-05:00
2019-02-27,165.68,165.68,166.48,165.56,166.35,1.04M,2019-02-27 18:59:59-05:00
2019-02-28,165.31,165.31,165.97,165.15,165.71,997.60K,2019-02-28 18:59:59-05:00
2019-03-01,165.22,165.22,165.38,164.97,165.33,1.04M,2019-03-01 18:59:59-05:00
2019-03-04,165.59,165.59,165.71,165.01,165.19,1.38M,2019-03-04 18:59:59-05:00
2019-03-05,165.52,165.52,165.79,165.26,165.67,1.42M,2019-03-05 18:59:59-05:00
2019-03-06,166.11,166.11,166.29,165.63,165.8,335.51K,2019-03-06 18:59:59-05:00
2019-03-07,166.24,166.24,166.28,166.03,166.15,15.40K,2019-03-07 18:59:59-05:00
2019-03-08,164.39,164.39,164.74,164.31,164.44,804.48K,2019-03-08 18:59:59-05:00
2019-03-11,164.53,164.53,164.62,164.32,164.61,509.73K,2019-03-11 19:59:59-04:00
2019-03-12,164.54,164.54,164.74,163.92,164.25,733.72K,2019-03-12 19:59:59-04:00
2019-03-13,164.47,164.47,164.68,164.18,164.56,459.08K,2019-03-13 19:59:59-04:00
2019-03-14,164.13,164.13,164.45,164.07,164.21,542.78K,2019-03-14 19:59:59-04:00
2019-03-15,164.14,164.14,164.45,163.94,164.22,560.01K,2019-03-15 19:59:59-04:00
2019-03-18,164.27,164.27,164.36,163.96,164.22,454.40K,2019-03-18 19:59:59-04:00
2019-03-19,163.96,163.96,164.35,163.63,164.22,727.89K,2019-03-19 19:59:59-04:00
2019-03-20,164.25,164.25,164.53,163.84,163.89,566.59K,2019-03-20 19:59:59-04:00
2019-03-21,164.85,164.85,164.93,164.32,164.39,725.54K,2019-03-21 19:59:59-04:00
2019-03-22,165.74,165.74,165.86,164.62,164.65,1.01M,2019-03-22 19:59:59-04:00
2019-03-25,165.66,165.66,165.97,165.34,165.58,623.21K,2019-03-25 19:59:59-04:00
2019-03-26,165.58,165.58,165.83,165.45,165.79,600.79K,2019-03-26 19:59:59-04:00
2019-03-27,166.59,166.59,166.7,165.68,165.79,1.07M,2019-03-27 19:59:59-04:00
2019-03-28,166.39,166.39,166.75,166.21,166.54,755.69K,2019-03-28 19:59:59-04:00
2019-03-29,166.34,166.34,166.42,166.02,166.26,695.14K,2019-03-29 19:59:59-04:00
2019-04-01,165.67,165.67,166.21,165.6,166.21,730.96K,2019-04-01 19:59:59-04:00
2019-04-02,166.11,166.11,166.17,165.7,165.7,563.23K,2019-04-02 19:59:59-04:00
2019-04-03,165.4,165.4,166.0,165.18,165.93,820.78K,2019-04-03 19:59:59-04:00
2019-04-04,165.52,165.52,165.66,165.19,165.28,596.19K,2019-04-04 19:59:59-04:00
2019-04-05,165.36,165.36,165.52,165.07,165.35,552.26K,2019-04-05 19:59:59-04:00
2019-04-08,165.36,165.36,165.55,165.14,165.38,358.59K,2019-04-08 19:59:59-04:00
2019-04-09,165.48,165.48,165.64,165.11,165.29,543.18K,2019-04-09 19:59:59-04:00
2019-04-10,165.89,165.89,166.0,165.4,165.54,583.76K,2019-04-10 19:59:59-04:00
2019-04-11,165.58,165.58,165.87,165.51,165.82,510.18K,2019-04-11 19:59:59-04:00
2019-04-12,164.62,164.62,165.79,164.56,165.64,951.27K,2019-04-12 19:59:59-04:00
2019-04-15,164.66,164.66,164.76,164.33,164.59,650.83K,2019-04-15 19:59:59-04:00
2019-04-16,164.6,164.6,164.94,164.39,164.65,661.54K,2019-04-16 19:59:59-04:00
2019-04-17,164.3,164.3,164.59,164.06,164.5,679.00K,2019-04-17 19:59:59-04:00
2019-04-18,165.22,165.22,165.27,164.33,164.42,768.22K,2019-04-18 19:59:59-04:00
2019-04-19,165.12,165.12,165.12,165.12,165.12,,2019-04-19 19:59:59-04:00
2019-04-23,164.94,164.94,165.13,164.71,165.01,557.09K,2019-04-23 19:59:59-04:00
2019-04-24,165.73,165.73,165.78,164.96,164.99,717.03K,2019-04-24 19:59:59-04:00
2019-04-25,165.69,165.69,165.8,165.56,165.7,533.57K,2019-04-25 19:59:59-04:00
2019-04-26,165.82,165.82,165.92,165.55,165.77,503.15K,2019-04-26 19:59:59-04:00
2019-04-29,165.55,165.55,165.84,165.33,165.8,523.12K,2019-04-29 19:59:59-04:00
2019-04-30,165.31,165.31,165.69,164.84,165.48,938.72K,2019-04-30 19:59:59-04:00
2019-05-02,165.24,165.24,165.48,164.97,165.16,772.20K,2019-05-02 19:59:59-04:00
2019-05-03,165.26,165.26,165.45,164.82,165.12,599.61K,2019-05-03 19:59:59-04:00
2019-05-06,165.44,165.44,165.86,165.31,165.51,324.79K,2019-05-06 19:59:59-04:00
2019-05-07,166.08,166.08,166.18,165.24,165.59,825.20K,2019-05-07 19:59:59-04:00
2019-05-08,166.2,166.2,166.47,165.92,166.06,807.47K,2019-05-08 19:59:59-04:00
2019-05-09,166.26,166.26,166.54,166.1,166.14,713.53K,2019-05-09 19:59:59-04:00
2019-05-10,166.25,166.25,166.4,165.94,166.12,617.04K,2019-05-10 19:59:59-04:00
2019-05-13,166.52,166.52,166.61,166.1,166.33,581.37K,2019-05-13 19:59:59-04:00
2019-05-14,166.59,166.59,166.72,166.31,166.51,583.82K,2019-05-14 19:59:59-04:00
2019-05-15,166.94,166.94,167.43,166.57,166.66,963.28K,2019-05-15 19:59:59-04:00
2019-05-16,166.95,166.95,167.27,166.78,167.06,793.12K,2019-05-16 19:59:59-04:00
2019-05-17,167.06,167.06,167.41,166.86,167.04,626.13K,2019-05-17 19:59:59-04:00
2019-05-20,166.79,166.79,167.07,166.63,166.98,551.28K,2019-05-20 19:59:59-04:00
2019-05-21,166.49,166.49,166.9,166.33,166.74,772.87K,2019-05-21 19:59:59-04:00
2019-05-22,166.72,166.72,166.9,166.44,166.52,681.34K,2019-05-22 19:59:59-04:00
2019-05-23,167.22,167.22,167.4,166.86,166.91,784.24K,2019-05-23 19:59:59-04:00
2019-05-24,167.24,167.24,167.33,167.1,167.28,524.82K,2019-05-24 19:59:59-04:00
2019-05-27,167.64,167.64,167.69,167.18,167.35,260.21K,2019-05-27 19:59:59-04:00
2019-05-28,167.8,167.8,167.93,167.52,167.55,944.51K,2019-05-28 19:59:59-04:00
2019-05-29,168.02,168.02,168.13,167.85,167.91,838.69K,2019-05-29 19:59:59-04:00
2019-05-30,168.0,168.0,168.21,167.72,167.84,730.32K,2019-05-30 19:59:59-04:00
2019-05-31,168.34,168.34,168.63,168.3,168.33,1.33M,2019-05-31 19:59:59-04:00
2019-06-03,168.37,168.37,168.69,168.33,168.59,1.70M,2019-06-03 19:59:59-04:00
2019-06-04,168.46,168.46,168.68,168.39,168.48,1.45M,2019-06-04 19:59:59-04:00
2019-06-05,168.68,168.68,168.84,168.38,168.5,231.63K,2019-06-05 19:59:59-04:00
2019-06-06,168.95,168.95,169.01,168.7,168.72,25.35K,2019-06-06 19:59:59-04:00
2019-06-07,171.72,171.72,171.8,171.25,171.3,674.79K,2019-06-07 19:59:59-04:00
2019-06-10,171.11,171.11,171.66,171.06,171.55,488.85K,2019-06-10 19:59:59-04:00
2019-06-11,171.36,171.36,171.42,170.98,171.11,540.20K,2019-06-11 19:59:59-04:00
2019-06-12,171.48,171.48,171.62,171.32,171.38,565.27K,2019-06-12 19:59:59-04:00
2019-06-13,171.54,171.54,171.69,171.39,171.45,507.65K,2019-06-13 19:59:59-04:00
2019-06-14,171.78,171.78,171.99,171.59,171.63,586.20K,2019-06-14 19:59:59-04:00
2019-06-17,171.56,171.56,171.75,171.42,171.71,479.35K,2019-06-17 19:59:59-04:00
2019-06-18,172.86,172.86,172.88,171.51,171.54,1.00M,2019-06-18 19:59:59-04:00
2019-06-19,172.16,172.16,172.72,172.09,172.67,713.17K,2019-06-19 19:59:59-04:00
2019-06-20,172.64,172.64,172.7,172.41,172.59,667.62K,2019-06-20 19:59:59-04:00
2019-06-21,172.07,172.07,172.65,171.95,172.55,712.32K,2019-06-21 19:59:59-04:00
2019-06-24,172.47,172.47,172.59,172.02,172.02,463.68K,2019-06-24 19:59:59-04:00
2019-06-25,172.88,172.88,172.91,172.45,172.45,578.80K,2019-06-25 19:59:59-04:00
2019-06-26,172.5,172.5,172.82,172.26,172.76,647.74K,2019-06-26 19:59:59-04:00
2019-06-27,172.62,172.62,172.77,171.92,172.36,700.99K,2019-06-27 19:59:59-04:00
2019-06-28,172.74,172.74,172.84,172.46,172.67,487.24K,2019-06-28 19:59:59-04:00
2019-07-01,173.3,173.3,173.33,172.47,172.57,622.88K,2019-07-01 19:59:59-04:00
2019-07-02,173.35,173.35,173.5,172.97,173.3,603.38K,2019-07-02 19:59:59-04:00
2019-07-03,173.67,173.67,173.9,173.53,173.59,653.58K,2019-07-03 19:59:59-04:00
2019-07-04,173.85,173.85,174.05,173.61,173.72,483.44K,2019-07-04 19:59:59-04:00
2019-07-05,173.18,173.18,173.96,172.99,173.94,709.22K,2019-07-05 19:59:59-04:00
2019-07-08,173.51,173.51,173.7,173.29,173.41,512.17K,2019-07-08 19:59:59-04:00
2019-07-09,173.21,173.21,173.46,173.04,173.35,565.77K,2019-07-09 19:59:59-04:00
2019-07-10,172.51,172.51,173.08,172.02,173.05,1.09M,2019-07-10 19:59:59-04:00
2019-07-11,171.82,171.82,172.73,171.5,172.54,812.40K,2019-07-11 19:59:59-04:00
2019-07-12,171.68,171.68,171.88,171.25,171.55,766.69K,2019-07-12 19:59:59-04:00
2019-07-15,172.33,172.33,172.42,171.49,171.74,502.40K,2019-07-15 19:59:59-04:00
2019-07-16,172.34,172.34,172.68,172.16,172.33,580.06K,2019-07-16 19:59:59-04:00
2019-07-17,172.93,172.93,173.13,172.44,172.47,528.06K,2019-07-17 19:59:59-04:00
2019-07-18,173.25,173.25,173.63,173.02,173.12,629.37K,2019-07-18 19:59:59-04:00
2019-07-19,173.39,173.39,173.57,173.27,173.47,436.42K,2019-07-19 19:59:59-04:00
2019-07-22,173.78,173.78,173.79,173.29,173.39,408.71K,2019-07-22 19:59:59-04:00
2019-07-23,173.91,173.91,173.97,173.56,173.61,397.22K,2019-07-23 19:59:59-04:00
2019-07-24,174.3,174.3,174.51,173.74,173.78,600.27K,2019-07-24 19:59:59-04:00
2019-07-25,174.01,174.01,174.92,173.49,174.26,985.68K,2019-07-25 19:59:59-04:00
2019-07-26,174.21,174.21,174.3,173.92,174.25,407.41K,2019-07-26 19:59:59-04:00
2019-07-29,174.46,174.46,174.57,174.27,174.32,390.38K,2019-07-29 19:59:59-04:00
2019-07-30,174.55,174.55,174.65,174.36,174.43,402.73K,2019-07-30 19:59:59-04:00
2019-07-31,175.07,175.07,175.28,174.52,174.61,594.05K,2019-07-31 19:59:59-04:00
2019-08-01,175.44,175.44,175.88,174.73,175.03,728.99K,2019-08-01 19:59:59-04:00
2019-08-02,175.82,175.82,176.1,175.62,175.72,864.96K,2019-08-02 19:59:59-04:00
2019-08-05,176.22,176.22,176.63,175.93,175.98,588.13K,2019-08-05 19:59:59-04:00
2019-08-06,176.58,176.58,176.74,176.12,176.61,538.52K,2019-08-06 19:59:59-04:00
2019-08-07,177.36,177.36,177.74,176.72,176.75,801.06K,2019-08-07 19:59:59-04:00
2019-08-08,176.93,176.93,177.42,176.38,177.0,851.12K,2019-08-08 19:59:59-04:00
2019-08-09,177.16,177.16,177.55,176.96,177.5,535.28K,2019-08-09 19:59:59-04:00
2019-08-12,177.44,177.44,177.68,177.03,177.15,340.32K,2019-08-12 19:59:59-04:00
2019-08-13,177.68,177.68,177.84,177.31,177.5,579.11K,2019-08-13 19:59:59-04:00
2019-08-14,178.31,178.31,178.49,177.62,177.71,638.59K,2019-08-14 19:59:59-04:00
2019-08-15,179.06,179.06,179.66,178.18,178.4,885.06K,2019-08-15 19:59:59-04:00
2019-08-16,178.6,178.6,179.58,178.14,179.39,739.02K,2019-08-16 19:59:59-04:00
2019-08-19,178.15,178.15,178.84,177.82,178.72,738.53K,2019-08-19 19:59:59-04:00
2019-08-20,178.9,178.9,179.19,178.19,178.19,638.04K,2019-08-20 19:59:59-04:00
2019-08-21,178.68,178.68,178.83,178.19,178.76,545.22K,2019-08-21 19:59:59-04:00
2019-08-22,178.04,178.04,178.94,177.65,178.73,886.66K,2019-08-22 19:59:59-04:00
2019-08-23,178.54,178.54,178.83,177.48,178.01,648.61K,2019-08-23 19:59:59-04:00
2019-08-26,178.52,178.52,179.21,178.22,179.08,448.01K,2019-08-26 19:59:59-04:00
2019-08-27,178.94,178.94,179.07,178.45,178.51,518.17K,2019-08-27 19:59:59-04:00
2019-08-28,179.3,179.3,179.46,178.88,179.0,709.33K,2019-08-28 19:59:59-04:00
2019-08-29,178.94,178.94,179.36,178.57,179.2,734.95K,2019-08-29 19:59:59-04:00
2019-08-30,179.1,179.1,179.27,178.63,178.91,721.96K,2019-08-30 19:59:59-04:00
2019-09-02,178.96,178.96,179.2,178.6,179.18,608.73K,2019-09-02 19:59:59-04:00
2019-09-03,179.32,179.32,179.67,178.81,178.89,1.61M,2019-09-03 19:59:59-04:00
2019-09-04,178.52,178.52,179.0,177.98,178.97,972.35K,2019-09-04 19:59:59-04:00
2019-09-05,177.31,177.31,178.57,176.97,178.57,225.60K,2019-09-05 19:59:59-04:00
2019-09-06,177.7,177.7,177.78,177.09,177.35,8.21K,2019-09-06 19:59:59-04:00
2019-09-09,174.24,174.24,175.3,174.19,175.21,645.23K,2019-09-09 19:59:59-04:00
2019-09-10,173.98,173.98,174.52,173.75,174.31,711.97K,2019-09-10 19:59:59-04:00
2019-09-11,174.24,174.24,174.38,173.65,173.8,619.52K,2019-09-11 19:59:59-04:00
2019-09-12,173.93,173.93,175.62,173.23,174.03,1.24M,2019-09-12 19:59:59-04:00
2019-09-13,172.44,172.44,173.63,172.18,173.52,949.71K,2019-09-13 19:59:59-04:00
2019-09-16,172.98,172.98,173.13,172.4,172.51,600.07K,2019-09-16 19:59:59-04:00
2019-09-17,172.87,172.87,173.16,172.67,172.99,581.50K,2019-09-17 19:59:59-04:00
2019-09-18,173.37,173.37,173.48,172.65,172.87,505.36K,2019-09-18 19:59:59-04:00
2019-09-19,173.3,173.3,173.4,172.86,173.07,531.38K,2019-09-19 19:59:59-04:00
2019-09-20,173.47,173.47,173.84,173.23,173.32,475.45K,2019-09-20 19:59:59-04:00
2019-09-23,174.54,174.54,174.64,173.29,173.6,683.11K,2019-09-23 19:59:59-04:00
2019-09-24,174.73,174.73,174.88,174.03,174.19,576.51K,2019-09-24 19:59:59-04:00
2019-09-25,174.36,174.36,174.97,173.93,174.88,692.84K,2019-09-25 19:59:59-04:00
2019-09-26,174.32,174.32,174.46,174.03,174.11,523.32K,2019-09-26 19:59:59-04:00
2019-09-27,174.21,174.21,174.54,174.05,174.35,451.67K,2019-09-27 19:59:59-04:00
2019-09-30,174.25,174.25,174.36,173.77,174.35,531.34K,2019-09-30 19:59:59-04:00
2019-10-01,174.2,174.2,174.25,173.31,174.23,848.64K,2019-10-01 19:59:59-04:00
2019-10-02,173.79,173.79,174.04,173.6,173.86,612.93K,2019-10-02 19:59:59-04:00
2019-10-03,174.46,174.46,174.78,173.88,173.88,618.53K,2019-10-03 19:59:59-04:00
2019-10-04,174.49,174.49,174.75,174.33,174.53,429.51K,2019-10-04 19:59:59-04:00
2019-10-07,174.31,174.31,174.72,174.17,174.54,337.41K,2019-10-07 19:59:59-04:00
2019-10-08,174.67,174.67,174.69,173.86,174.24,556.10K,2019-10-08 19:59:59-04:00
2019-10-09,174.05,174.05,174.56,173.85,174.52,481.56K,2019-10-09 19:59:59-04:00
2019-10-10,173.0,173.0,174.14,172.57,174.06,793.96K,2019-10-10 19:59:59-04:00
2019-10-11,172.39,172.39,173.15,172.08,172.67,951.59K,2019-10-11 19:59:59-04:00
2019-10-14,172.58,172.58,172.94,172.32,172.38,405.05K,2019-10-14 19:59:59-04:00
2019-10-15,171.89,171.89,172.82,171.63,172.57,742.15K,2019-10-15 19:59:59-04:00
2019-10-16,171.58,171.58,172.29,171.37,171.72,884.39K,2019-10-16 19:59:59-04:00
2019-10-17,171.72,171.72,171.93,170.73,171.64,845.84K,2019-10-17 19:59:59-04:00
2019-10-18,171.49,171.49,171.88,171.24,171.73,441.62K,2019-10-18 19:59:59-04:00
2019-10-21,170.89,170.89,171.46,170.78,171.45,432.61K,2019-10-21 19:59:59-04:00
2019-10-22,171.42,171.42,171.73,170.76,170.88,533.81K,2019-10-22 19:59:59-04:00
2019-10-23,171.67,171.67,171.93,171.44,171.68,490.85K,2019-10-23 19:59:59-04:00
2019-10-24,171.83,171.83,171.96,171.16,171.55,705.59K,2019-10-24 19:59:59-04:00
2019-10-25,171.35,171.35,171.8,171.12,171.67,480.14K,2019-10-25 19:59:59-04:00
2019-10-28,170.7,170.7,171.35,170.56,171.26,569.51K,2019-10-28 19:59:59-04:00
2019-10-29,171.04,171.04,171.14,170.6,170.68,507.31K,2019-10-29 19:59:59-04:00
2019-10-30,171.06,171.06,171.36,170.79,171.05,520.84K,2019-10-30 19:59:59-04:00
2019-10-31,171.76,171.76,172.03,171.17,171.24,723.72K,2019-10-31 19:59:59-04:00
2019-11-01,171.42,171.42,171.99,171.35,171.84,485.30K,2019-11-01 19:59:59-04:00
2019-11-04,170.99,170.99,171.47,170.91,171.47,449.13K,2019-11-04 18:59:59-05:00
2019-11-05,170.53,170.53,170.95,170.3,170.9,736.20K,2019-11-05 18:59:59-05:00
2019-11-06,170.67,170.67,170.94,170.22,170.45,567.25K,2019-11-06 18:59:59-05:00
2019-11-07,169.57,169.57,170.97,169.17,170.87,1.14M,2019-11-07 18:59:59-05:00
2019-11-08,169.69,169.69,169.89,169.12,169.4,693.21K,2019-11-08 18:59:59-05:00
2019-11-11,169.56,169.56,169.99,169.46,169.64,350.12K,2019-11-11 18:59:59-05:00
2019-11-12,169.54,169.54,169.83,169.26,169.67,576.49K,2019-11-12 18:59:59-05:00
2019-11-13,170.36,170.36,170.45,169.67,169.75,703.02K,2019-11-13 18:59:59-05:00
2019-11-14,170.99,170.99,171.15,170.26,170.26,620.54K,2019-11-14 18:59:59-05:00
2019-11-15,170.85,170.85,171.05,170.65,170.92,413.78K,2019-11-15 18:59:59-05:00
2019-11-18,170.84,170.84,171.06,170.55,170.89,481.34K,2019-11-18 18:59:59-05:00
2019-11-19,170.91,170.91,171.0,170.66,170.84,448.05K,2019-11-19 18:59:59-05:00
2019-11-20,171.09,171.09,171.56,170.95,171.0,703.99K,2019-11-20 18:59:59-05:00
2019-11-21,170.75,170.75,171.35,170.56,171.24,686.08K,2019-11-21 18:59:59-05:00
2019-11-22,171.24,171.24,171.27,170.31,170.65,687.67K,2019-11-22 18:59:59-05:00
2019-11-25,171.09,171.09,171.24,170.94,171.15,473.06K,2019-11-25 18:59:59-05:00
2019-11-26,171.45,171.45,171.49,170.88,171.04,497.72K,2019-11-26 18:59:59-05:00
2019-11-27,171.35,171.35,171.52,171.13,171.3,639.29K,2019-11-27 18:59:59-05:00
2019-11-28,171.26,171.26,171.6,171.16,171.42,486.68K,2019-11-28 18:59:59-05:00
2019-11-29,171.07,171.07,171.4,170.91,171.29,884.11K,2019-11-29 18:59:59-05:00
2019-12-02,169.92,169.92,171.0,169.85,170.99,1.68M,2019-12-02 18:59:59-05:00
2019-12-03,171.04,171.04,171.14,169.74,170.02,1.65M,2019-12-03 18:59:59-05:00
2019-12-04,170.7,170.7,171.31,170.56,171.06,966.54K,2019-12-04 18:59:59-05:00
2019-12-05,170.32,170.32,170.84,170.06,170.7,147.38K,2019-12-05 18:59:59-05:00
2019-12-06,170.53,170.53,170.53,170.18,170.37,12.90K,2019-12-06 18:59:59-05:00
2019-12-09,172.37,172.37,172.59,172.02,172.1,374.59K,2019-12-09 18:59:59-05:00
2019-12-10,172.23,172.23,172.45,172.07,172.34,488.02K,2019-12-10 18:59:59-05:00
2019-12-11,172.63,172.63,172.88,172.17,172.31,431.70K,2019-12-11 18:59:59-05:00
2019-12-12,171.75,171.75,172.99,171.61,172.7,665.98K,2019-12-12 18:59:59-05:00
2019-12-13,172.1,172.1,172.31,170.75,171.23,729.47K,2019-12-13 18:59:59-05:00
2019-12-16,171.92,171.92,172.43,171.8,172.16,511.32K,2019-12-16 18:59:59-05:00
2019-12-17,172.13,172.13,172.29,171.96,172.03,417.67K,2019-12-17 18:59:59-05:00
2019-12-18,171.48,171.48,172.4,171.35,172.11,485.08K,2019-12-18 18:59:59-05:00
2019-12-19,171.28,171.28,171.66,170.9,171.6,562.47K,2019-12-19 18:59:59-05:00
2019-12-20,171.54,171.54,171.63,171.06,171.26,304.51K,2019-12-20 18:59:59-05:00
2019-12-23,171.43,171.43,171.88,171.3,171.56,193.93K,2019-12-23 18:59:59-05:00
2019-12-27,171.61,171.61,171.79,171.42,171.69,168.14K,2019-12-27 18:59:59-05:00
2019-12-30,170.49,170.49,171.68,170.42,171.58,360.68K,2019-12-30 18:59:59-05:00
2020-01-02,171.26,171.26,171.42,170.19,170.54,509.18K,2020-01-02 18:59:59-05:00
2020-01-03,172.12,172.12,172.38,171.1,171.1,528.22K,2020-01-03 18:59:59-05:00
2020-01-06,172.24,172.24,172.6,172.07,172.45,496.41K,2020-01-06 18:59:59-05:00
2020-01-07,172.12,172.12,172.31,171.91,172.21,582.59K,2020-01-07 18:59:59-05:00
2020-01-08,171.78,171.78,173.22,171.26,172.5,825.68K,2020-01-08 18:59:59-05:00
2020-01-09,171.14,171.14,171.51,171.01,171.31,732.94K,2020-01-09 18:59:59-05:00
2020-01-10,171.35,171.35,171.43,170.85,171.31,555.74K,2020-01-10 18:59:59-05:00
2020-01-13,170.76,170.76,171.43,170.71,171.36,611.44K,2020-01-13 18:59:59-05:00
2020-01-14,171.01,171.01,171.08,170.65,170.74,694.22K,2020-01-14 18:59:59-05:00
2020-01-15,171.46,171.46,171.72,171.01,171.05,672.85K,2020-01-15 18:59:59-05:00
2020-01-16,171.72,171.72,171.8,171.35,171.62,637.67K,2020-01-16 18:59:59-05:00
2020-01-17,171.61,171.61,171.82,171.46,171.66,484.60K,2020-01-17 18:59:59-05:00
2020-01-20,171.67,171.67,171.76,171.52,171.76,233.91K,2020-01-20 18:59:59-05:00
2020-01-21,172.21,172.21,172.27,171.55,171.75,752.51K,2020-01-21 18:59:59-05:00
2020-01-22,172.33,172.33,172.5,171.91,172.04,584.94K,2020-01-22 18:59:59-05:00
2020-01-23,173.03,173.03,173.09,172.35,172.41,765.00K,2020-01-23 18:59:59-05:00
2020-01-24,173.28,173.28,173.54,172.6,172.82,812.60K,2020-01-24 18:59:59-05:00
2020-01-27,174.23,174.23,174.27,173.41,173.75,892.31K,2020-01-27 18:59:59-05:00
2020-01-28,173.68,173.68,174.48,173.48,174.11,885.02K,2020-01-28 18:59:59-05:00
2020-01-29,174.06,174.06,174.28,173.41,173.66,628.56K,2020-01-29 18:59:59-05:00
2020-01-30,174.57,174.57,174.65,174.23,174.23,761.98K,2020-01-30 18:59:59-05:00
2020-01-31,175.04,175.04,175.3,174.16,174.29,763.63K,2020-01-31 18:59:59-05:00
2020-02-03,174.88,174.88,175.14,174.62,175.1,692.50K,2020-02-03 18:59:59-05:00
2020-02-04,174.53,174.53,175.07,174.25,175.06,837.83K,2020-02-04 18:59:59-05:00
2020-02-05,173.92,173.92,174.63,173.65,174.33,947.84K,2020-02-05 18:59:59-05:00
2020-02-06,173.82,173.82,173.96,173.42,173.71,762.86K,2020-02-06 18:59:59-05:00
2020-02-07,174.18,174.18,174.42,173.84,173.87,725.07K,2020-02-07 18:59:59-05:00
2020-02-10,174.57,174.57,174.69,174.01,174.33,500.71K,2020-02-10 18:59:59-05:00
2020-02-11,174.26,174.26,174.55,174.13,174.48,766.47K,2020-02-11 18:59:59-05:00
2020-02-12,174.02,174.02,174.2,173.72,174.17,737.95K,2020-02-12 18:59:59-05:00
2020-02-13,174.27,174.27,174.64,174.05,174.16,879.84K,2020-02-13 18:59:59-05:00
2020-02-14,174.48,174.48,174.59,174.1,174.29,470.47K,2020-02-14 18:59:59-05:00
2020-02-17,174.45,174.45,174.52,174.08,174.35,264.96K,2020-02-17 18:59:59-05:00
2020-02-18,174.53,174.53,174.92,174.29,174.51,761.81K,2020-02-18 18:59:59-05:00
2020-02-19,174.66,174.66,174.74,174.28,174.41,635.29K,2020-02-19 18:59:59-05:00
2020-02-20,174.96,174.96,175.12,174.51,174.55,869.93K,2020-02-20 18:59:59-05:00
2020-02-21,174.93,174.93,175.37,174.77,174.98,955.61K,2020-02-21 18:59:59-05:00
2020-02-24,175.58,175.58,175.86,175.13,175.39,1.26M,2020-02-24 18:59:59-05:00
2020-02-25,176.02,176.02,176.21,175.21,175.37,1.13M,2020-02-25 18:59:59-05:00
2020-02-26,175.83,175.83,176.3,175.38,175.88,1.41M,2020-02-26 18:59:59-05:00
2020-02-27,176.58,176.58,176.89,175.86,175.99,1.34M,2020-02-27 18:59:59-05:00
2020-02-28,177.46,177.46,177.79,176.52,176.52,1.46M,2020-02-28 18:59:59-05:00
2020-03-02,177.83,177.83,178.38,177.0,177.82,1.98M,2020-03-02 18:59:59-05:00
2020-03-03,177.74,177.74,178.25,176.83,177.41,1.84M,2020-03-03 18:59:59-05:00
2020-03-04,177.9,177.9,178.36,177.46,178.23,1.17M,2020-03-04 18:59:59-05:00
2020-03-05,178.59,178.59,178.9,177.5,177.55,167.78K,2020-03-05 18:59:59-05:00
2020-03-06,179.44,179.44,179.56,179.0,179.02,12.75K,2020-03-06 18:59:59-05:00
2020-03-09,178.23,178.23,179.31,177.05,177.21,994.79K,2020-03-09 19:59:59-04:00
2020-03-10,177.59,177.59,177.91,175.41,177.55,1.28M,2020-03-10 19:59:59-04:00
2020-03-11,176.77,176.77,177.91,176.55,177.07,1.01M,2020-03-11 19:59:59-04:00
2020-03-12,176.5,176.5,177.64,175.9,176.81,1.01M,2020-03-12 19:59:59-04:00
2020-03-13,174.17,174.17,176.57,173.12,176.32,1.01M,2020-03-13 19:59:59-04:00
2020-03-16,172.17,172.17,175.25,171.97,174.6,623.39K,2020-03-16 19:59:59-04:00
2020-03-17,171.93,171.93,172.47,170.9,172.0,773.97K,2020-03-17 19:59:59-04:00
2020-03-18,168.79,168.79,171.39,168.24,171.39,879.20K,2020-03-18 19:59:59-04:00
2020-03-19,167.94,167.94,171.18,167.52,170.01,813.15K,2020-03-19 19:59:59-04:00
2020-03-20,170.42,170.42,170.84,168.52,168.53,543.20K,2020-03-20 19:59:59-04:00
2020-03-23,171.12,171.12,171.54,170.22,170.69,496.86K,2020-03-23 19:59:59-04:00
2020-03-24,170.27,170.27,171.38,170.19,171.13,454.21K,2020-03-24 19:59:59-04:00
2020-03-25,169.62,169.62,170.78,169.34,170.5,464.92K,2020-03-25 19:59:59-04:00
2020-03-26,171.07,171.07,171.35,169.69,169.69,545.09K,2020-03-26 19:59:59-04:00
2020-03-27,172.56,172.56,173.07,170.9,170.95,560.94K,2020-03-27 19:59:59-04:00
2020-03-30,173.6,173.6,173.83,172.62,172.94,427.48K,2020-03-30 19:59:59-04:00
2020-03-31,172.51,172.51,173.16,172.33,172.84,508.92K,2020-03-31 19:59:59-04:00
2020-04-01,172.57,172.57,173.48,172.23,172.7,483.25K,2020-04-01 19:59:59-04:00
2020-04-02,171.92,171.92,172.6,171.6,172.56,540.02K,2020-04-02 19:59:59-04:00
2020-04-03,172.06,172.06,172.44,171.8,171.96,391.64K,2020-04-03 19:59:59-04:00
2020-04-06,171.82,171.82,172.05,171.42,171.85,320.31K,2020-04-06 19:59:59-04:00
2020-04-07,170.49,170.49,171.9,170.24,171.81,567.35K,2020-04-07 19:59:59-04:00
2020-04-08,170.46,170.46,171.31,170.0,170.79,620.31K,2020-04-08 19:59:59-04:00
2020-04-09,170.9,170.9,171.09,170.01,170.12,455.32K,2020-04-09 19:59:59-04:00
2020-04-14,171.54,171.54,171.71,170.28,170.47,274.44K,2020-04-14 19:59:59-04:00
2020-04-15,172.68,172.68,172.78,171.36,171.42,532.34K,2020-04-15 19:59:59-04:00
2020-04-16,172.67,172.67,172.9,172.04,172.43,459.93K,2020-04-16 19:59:59-04:00
2020-04-17,172.85,172.85,172.89,172.17,172.44,299.09K,2020-04-17 19:59:59-04:00
2020-04-20,172.41,172.41,173.01,172.19,172.65,392.72K,2020-04-20 19:59:59-04:00
2020-04-21,172.91,172.91,173.26,172.45,172.54,528.25K,2020-04-21 19:59:59-04:00
2020-04-22,172.0,172.0,172.95,171.67,172.71,517.77K,2020-04-22 19:59:59-04:00
2020-04-23,172.1,172.1,172.48,171.29,171.85,571.17K,2020-04-23 19:59:59-04:00
2020-04-24,172.76,172.76,172.87,172.27,172.38,417.98K,2020-04-24 19:59:59-04:00
2020-04-27,172.45,172.45,172.91,172.23,172.68,392.52K,2020-04-27 19:59:59-04:00
2020-04-28,172.75,172.75,172.84,172.09,172.4,423.81K,2020-04-28 19:59:59-04:00
2020-04-29,173.06,173.06,173.28,172.58,172.75,531.31K,2020-04-29 19:59:59-04:00
2020-04-30,174.43,174.43,174.57,172.94,172.95,780.39K,2020-04-30 19:59:59-04:00
2020-05-04,174.04,174.04,174.69,173.77,174.37,497.88K,2020-05-04 19:59:59-04:00
2020-05-05,174.41,174.41,174.55,173.42,174.13,642.96K,2020-05-05 19:59:59-04:00
2020-05-06,173.3,173.3,174.23,173.19,174.15,599.62K,2020-05-06 19:59:59-04:00
2020-05-07,173.89,173.89,174.08,172.89,173.49,652.67K,2020-05-07 19:59:59-04:00
2020-05-08,173.77,173.77,174.24,173.52,173.87,302.21K,2020-05-08 19:59:59-04:00
2020-05-11,173.53,173.53,173.74,173.13,173.47,445.98K,2020-05-11 19:59:59-04:00
2020-05-12,173.37,173.37,173.49,172.8,173.18,616.39K,2020-05-12 19:59:59-04:00
2020-05-13,173.63,173.63,173.92,173.41,173.55,550.62K,2020-05-13 19:59:59-04:00
2020-05-14,173.65,173.65,174.08,173.5,173.56,540.23K,2020-05-14 19:59:59-04:00
2020-05-15,173.74,173.74,174.23,173.59,173.62,471.06K,2020-05-15 19:59:59-04:00
2020-05-18,173.16,173.16,174.09,172.61,173.75,678.10K,2020-05-18 19:59:59-04:00
2020-05-19,172.7,172.7,173.11,172.26,172.82,685.90K,2020-05-19 19:59:59-04:00
2020-05-20,172.72,172.72,172.97,172.51,172.76,547.62K,2020-05-20 19:59:59-04:00
2020-05-21,173.15,173.15,173.27,172.66,172.89,432.62K,2020-05-21 19:59:59-04:00
2020-05-22,173.12,173.12,173.52,172.93,173.11,460.08K,2020-05-22 19:59:59-04:00
2020-05-25,173.06,173.06,173.28,172.98,173.05,136.20K,2020-05-25 19:59:59-04:00
2020-05-26,172.16,172.16,173.16,172.01,173.11,705.34K,2020-05-26 19:59:59-04:00
2020-05-27,172.07,172.07,172.53,171.5,172.28,841.05K,2020-05-27 19:59:59-04:00
2020-05-28,172.05,172.05,172.32,171.68,171.82,637.25K,2020-05-28 19:59:59-04:00
2020-05-29,172.46,172.46,172.57,172.0,172.15,810.34K,2020-05-29 19:59:59-04:00
2020-06-01,171.65,171.65,172.42,171.47,172.37,638.43K,2020-06-01 19:59:59-04:00
2020-06-02,171.86,171.86,172.15,171.67,171.92,1.11M,2020-06-02 19:59:59-04:00
2020-06-03,170.97,170.97,171.87,170.86,171.66,1.45M,2020-06-03 19:59:59-04:00
2020-06-04,170.54,170.54,171.34,170.37,171.04,1.11M,2020-06-04 19:59:59-04:00
2020-06-05,169.86,169.86,170.7,169.66,170.55,183.51K,2020-06-05 19:59:59-04:00
2020-06-08,170.22,170.22,170.27,169.88,170.13,11.88K,2020-06-08 19:59:59-04:00
2020-06-09,173.46,173.46,174.02,173.3,173.61,646.57K,2020-06-09 19:59:59-04:00
2020-06-10,173.81,173.81,174.18,173.25,173.47,644.91K,2020-06-10 19:59:59-04:00
2020-06-11,175.24,175.24,175.34,174.12,174.28,598.11K,2020-06-11 19:59:59-04:00
2020-06-12,175.57,175.57,175.6,174.9,175.25,513.63K,2020-06-12 19:59:59-04:00
2020-06-15,175.52,175.52,175.98,175.28,175.62,475.61K,2020-06-15 19:59:59-04:00
2020-06-16,175.4,175.4,175.58,174.9,175.22,592.82K,2020-06-16 19:59:59-04:00
2020-06-17,175.4,175.4,175.63,174.8,175.34,596.32K,2020-06-17 19:59:59-04:00
2020-06-18,175.59,175.59,175.76,175.16,175.28,548.60K,2020-06-18 19:59:59-04:00
2020-06-19,175.68,175.68,175.79,175.3,175.61,383.64K,2020-06-19 19:59:59-04:00
2020-06-22,176.11,176.11,176.37,175.6,175.74,440.63K,2020-06-22 19:59:59-04:00
2020-06-23,175.61,175.61,176.13,175.45,175.85,559.80K,2020-06-23 19:59:59-04:00
2020-06-24,176.01,176.01,176.12,175.2,175.53,592.63K,2020-06-24 19:59:59-04:00
2020-06-25,176.55,176.55,176.72,176.09,176.11,526.35K,2020-06-25 19:59:59-04:00
2020-06-26,176.7,176.7,176.8,176.32,176.39,399.58K,2020-06-26 19:59:59-04:00
2020-06-29,176.66,176.66,176.86,176.35,176.75,350.34K,2020-06-29 19:59:59-04:00
2020-06-30,176.52,176.52,176.86,176.16,176.58,534.41K,2020-06-30 19:59:59-04:00
2020-07-01,175.29,175.29,176.2,175.2,176.15,550.71K,2020-07-01 19:59:59-04:00
2020-07-02,176.01,176.01,176.06,175.04,175.19,628.12K,2020-07-02 19:59:59-04:00
2020-07-03,176.02,176.02,176.24,175.85,175.98,244.23K,2020-07-03 19:59:59-04:00
2020-07-06,175.96,175.96,176.15,175.62,175.88,407.43K,2020-07-06 19:59:59-04:00
2020-07-07,175.88,175.88,176.3,175.72,176.07,413.70K,2020-07-07 19:59:59-04:00
2020-07-08,176.13,176.13,176.37,176.02,176.11,435.17K,2020-07-08 19:59:59-04:00
2020-07-09,176.52,176.52,176.61,175.96,176.01,443.34K,2020-07-09 19:59:59-04:00
2020-07-10,176.63,176.63,176.92,176.34,176.41,476.77K,2020-07-10 19:59:59-04:00
2020-07-13,175.63,175.63,176.49,175.54,176.48,503.25K,2020-07-13 19:59:59-04:00
2020-07-14,176.2,176.2,176.25,175.74,175.98,476.67K,2020-07-14 19:59:59-04:00
2020-07-15,176.12,176.12,176.47,175.92,176.03,538.08K,2020-07-15 19:59:59-04:00
2020-07-16,176.62,176.62,176.74,176.07,176.17,472.60K,2020-07-16 19:59:59-04:00
2020-07-17,176.27,176.27,176.68,176.1,176.41,332.01K,2020-07-17 19:59:59-04:00
2020-07-20,176.37,176.37,176.54,175.77,176.19,465.20K,2020-07-20 19:59:59-04:00
2020-07-21,176.37,176.37,176.45,176.06,176.24,407.57K,2020-07-21 19:59:59-04:00
2020-07-22,176.93,176.93,176.95,176.2,176.37,482.28K,2020-07-22 19:59:59-04:00
2020-07-23,176.72,176.72,176.89,176.59,176.79,404.14K,2020-07-23 19:59:59-04:00
2020-07-24,176.09,176.09,176.98,175.95,176.77,608.25K,2020-07-24 19:59:59-04:00
2020-07-27,176.8,176.8,176.87,175.96,176.06,481.82K,2020-07-27 19:59:59-04:00
2020-07-28,177.13,177.13,177.24,176.49,176.51,494.53K,2020-07-28 19:59:59-04:00
2020-07-29,176.95,176.95,177.29,176.83,177.15,431.54K,2020-07-29 19:59:59-04:00
2020-07-30,177.69,177.69,177.8,176.92,177.0,531.23K,2020-07-30 19:59:59-04:00
2020-07-31,177.52,177.52,178.01,177.25,177.71,573.93K,2020-07-31 19:59:59-04:00
2020-08-03,177.31,177.31,177.48,177.03,177.44,380.28K,2020-08-03 19:59:59-04:00
2020-08-04,177.81,177.81,178.01,177.19,177.31,454.20K,2020-08-04 19:59:59-04:00
2020-08-05,177.1,177.1,178.0,177.0,177.96,492.40K,2020-08-05 19:59:59-04:00
2020-08-06,177.6,177.6,177.81,176.92,177.02,547.06K,2020-08-06 19:59:59-04:00
2020-08-07,177.17,177.17,177.67,177.07,177.38,394.37K,2020-08-07 19:59:59-04:00
2020-08-10,177.5,177.5,177.64,176.89,177.16,366.17K,2020-08-10 19:59:59-04:00
2020-08-11,176.66,176.66,177.5,176.56,177.39,562.34K,2020-08-11 19:59:59-04:00
2020-08-12,176.24,176.24,176.88,175.93,176.86,642.98K,2020-08-12 19:59:59-04:00
2020-08-13,175.56,175.56,176.6,175.27,176.43,635.29K,2020-08-13 19:59:59-04:00
2020-08-14,175.76,175.76,175.81,175.25,175.26,486.10K,2020-08-14 19:59:59-04:00
2020-08-17,176.21,176.21,176.27,175.54,175.61,470.45K,2020-08-17 19:59:59-04:00
2020-08-18,176.43,176.43,176.51,176.03,176.14,514.88K,2020-08-18 19:59:59-04:00
2020-08-19,176.57,176.57,176.87,176.39,176.47,542.39K,2020-08-19 19:59:59-04:00
2020-08-20,176.95,176.95,177.18,176.45,176.58,562.70K,2020-08-20 19:59:59-04:00
2020-08-21,177.1,177.1,177.37,176.75,176.87,531.59K,2020-08-21 19:59:59-04:00
2020-08-24,177.02,177.02,177.25,176.73,177.21,461.45K,2020-08-24 19:59:59-04:00
2020-08-25,175.89,175.89,176.95,175.75,176.95,760.04K,2020-08-25 19:59:59-04:00
2020-08-26,175.66,175.66,176.04,175.47,176.0,733.62K,2020-08-26 19:59:59-04:00
2020-08-27,175.44,175.44,176.58,175.28,175.94,873.37K,2020-08-27 19:59:59-04:00
2020-08-28,175.68,175.68,175.82,175.06,175.29,916.05K,2020-08-28 19:59:59-04:00
2020-08-31,175.56,175.56,175.78,175.22,175.63,629.22K,2020-08-31 19:59:59-04:00
2020-09-01,175.72,175.72,176.18,175.17,175.46,947.62K,2020-09-01 19:59:59-04:00
2020-09-02,176.67,176.67,176.82,176.0,176.12,1.14M,2020-09-02 19:59:59-04:00
2020-09-03,177.07,177.07,177.18,176.49,176.74,1.29M,2020-09-03 19:59:59-04:00
2020-09-04,176.78,176.78,177.04,176.37,176.93,615.88K,2020-09-04 19:59:59-04:00
2020-09-07,176.52,176.52,176.86,176.19,176.47,133.13K,2020-09-07 19:59:59-04:00
2020-09-08,176.93,176.93,176.94,176.42,176.52,14.26K,2020-09-08 19:59:59-04:00
2020-09-09,173.68,173.68,174.41,173.51,174.34,607.81K,2020-09-09 19:59:59-04:00
2020-09-10,173.11,173.11,173.91,173.06,173.61,665.07K,2020-09-10 19:59:59-04:00
2020-09-11,173.96,173.96,174.04,173.54,173.66,462.19K,2020-09-11 19:59:59-04:00
2020-09-14,174.0,174.0,174.32,173.91,174.02,433.07K,2020-09-14 19:59:59-04:00
2020-09-15,174.0,174.0,174.15,173.78,174.05,472.41K,2020-09-15 19:59:59-04:00
2020-09-16,173.92,173.92,174.29,173.84,174.12,455.12K,2020-09-16 19:59:59-04:00
2020-09-17,174.26,174.26,174.45,173.74,174.05,647.27K,2020-09-17 19:59:59-04:00
2020-09-18,174.07,174.07,174.43,173.93,174.07,438.52K,2020-09-18 19:59:59-04:00
2020-09-21,174.65,174.65,174.85,173.95,174.08,608.20K,2020-09-21 19:59:59-04:00
2020-09-22,174.37,174.37,174.74,174.25,174.56,588.25K,2020-09-22 19:59:59-04:00
2020-09-23,174.21,174.21,174.64,174.19,174.38,574.54K,2020-09-23 19:59:59-04:00
2020-09-24,174.44,174.44,174.72,174.22,174.43,557.16K,2020-09-24 19:59:59-04:00
2020-09-25,174.67,174.67,174.7,174.16,174.27,472.17K,2020-09-25 19:59:59-04:00
2020-09-28,174.62,174.62,174.68,174.31,174.58,427.30K,2020-09-28 19:59:59-04:00
2020-09-29,174.87,174.87,174.9,174.58,174.63,498.12K,2020-09-29 19:59:59-04:00
2020-09-30,174.52,174.52,174.95,174.34,174.81,714.17K,2020-09-30 19:59:59-04:00
2020-10-01,174.66,174.66,174.71,174.17,174.5,715.32K,2020-10-01 19:59:59-04:00
2020-10-02,174.66,174.66,174.97,174.6,174.61,526.39K,2020-10-02 19:59:59-04:00
2020-10-05,174.42,174.42,174.9,174.19,174.67,529.43K,2020-10-05 19:59:59-04:00
2020-10-06,174.27,174.27,174.65,174.15,174.18,664.92K,2020-10-06 19:59:59-04:00
2020-10-07,174.13,174.13,174.61,173.93,174.58,705.09K,2020-10-07 19:59:59-04:00
2020-10-08,174.48,174.48,174.58,174.04,174.1,455.63K,2020-10-08 19:59:59-04:00
2020-10-09,174.68,174.68,174.86,174.49,174.52,492.24K,2020-10-09 19:59:59-04:00
2020-10-12,174.81,174.81,174.87,174.6,174.74,307.19K,2020-10-12 19:59:59-04:00
2020-10-13,175.06,175.06,175.13,174.76,174.88,492.61K,2020-10-13 19:59:59-04:00
2020-10-14,175.35,175.35,175.5,175.04,175.07,546.06K,2020-10-14 19:59:59-04:00
2020-10-15,175.9,175.9,176.28,175.35,175.37,836.38K,2020-10-15 19:59:59-04:00
2020-10-16,176.07,176.07,176.29,175.77,175.82,478.75K,2020-10-16 19:59:59-04:00
2020-10-19,176.11,176.11,176.17,175.77,176.01,486.45K,2020-10-19 19:59:59-04:00
2020-10-20,175.81,175.81,176.24,175.66,176.1,585.02K,2020-10-20 19:59:59-04:00
2020-10-21,175.71,175.71,175.86,175.34,175.67,647.92K,2020-10-21 19:59:59-04:00
2020-10-22,175.19,175.19,175.73,175.17,175.54,613.67K,2020-10-22 19:59:59-04:00
2020-10-23,175.26,175.26,175.52,175.0,175.2,551.14K,2020-10-23 19:59:59-04:00
2020-10-26,175.3,175.3,175.73,175.1,175.5,573.12K,2020-10-26 19:59:59-04:00
2020-10-27,175.94,175.94,176.06,175.27,175.45,590.38K,2020-10-27 19:59:59-04:00
2020-10-28,176.07,176.07,176.43,175.95,176.08,793.21K,2020-10-28 19:59:59-04:00
2020-10-29,176.31,176.31,176.44,175.92,176.03,698.75K,2020-10-29 19:59:59-04:00
2020-10-30,176.15,176.15,176.38,175.9,176.18,683.41K,2020-10-30 19:59:59-04:00
2020-11-02,176.24,176.24,176.36,175.9,176.25,530.00K,2020-11-02 18:59:59-05:00
2020-11-03,176.02,176.02,176.37,175.82,176.29,584.73K,2020-11-03 18:59:59-05:00
2020-11-04,176.4,176.4,176.83,175.53,175.71,787.73K,2020-11-04 18:59:59-05:00
2020-11-05,176.33,176.33,176.65,176.09,176.52,616.56K,2020-11-05 18:59:59-05:00
2020-11-06,176.03,176.03,176.49,175.86,176.42,591.31K,2020-11-06 18:59:59-05:00
2020-11-09,174.36,174.36,176.46,174.26,176.09,1.19M,2020-11-09 18:59:59-05:00
2020-11-10,174.02,174.02,174.63,173.92,174.54,994.34K,2020-11-10 18:59:59-05:00
2020-11-11,174.3,174.3,174.5,173.66,174.01,653.88K,2020-11-11 18:59:59-05:00
2020-11-12,174.74,174.74,174.97,174.26,174.42,665.82K,2020-11-12 18:59:59-05:00
2020-11-13,174.94,174.94,175.17,174.78,174.91,512.60K,2020-11-13 18:59:59-05:00
2020-11-16,174.93,174.93,175.29,174.45,174.94,675.21K,2020-11-16 18:59:59-05:00
2020-11-17,175.18,175.18,175.27,174.85,174.94,526.43K,2020-11-17 18:59:59-05:00
2020-11-18,175.12,175.12,175.46,174.91,175.28,526.04K,2020-11-18 18:59:59-05:00
2020-11-19,175.33,175.33,175.41,175.1,175.2,521.65K,2020-11-19 18:59:59-05:00
2020-11-20,175.53,175.53,175.73,175.25,175.45,512.29K,2020-11-20 18:59:59-05:00
2020-11-23,175.41,175.41,175.71,175.26,175.7,552.78K,2020-11-23 18:59:59-05:00
2020-11-24,175.26,175.26,175.47,175.12,175.37,520.86K,2020-11-24 18:59:59-05:00
2020-11-25,175.33,175.33,175.46,174.96,175.1,507.15K,2020-11-25 18:59:59-05:00
2020-11-26,175.51,175.51,175.59,175.16,175.18,333.13K,2020-11-26 18:59:59-05:00
2020-11-27,175.5,175.5,175.65,175.41,175.59,360.72K,2020-11-27 18:59:59-05:00
2020-11-30,175.25,175.25,175.72,175.21,175.63,744.76K,2020-11-30 18:59:59-05:00
2020-12-01,174.56,174.56,175.45,174.47,175.32,1.19M,2020-12-01 18:59:59-05:00
2020-12-02,174.48,174.48,174.69,174.37,174.56,1.14M,2020-12-02 18:59:59-05:00
2020-12-03,174.94,174.94,175.18,174.56,174.63,1.33M,2020-12-03 18:59:59-05:00
2020-12-04,174.82,174.82,175.22,174.81,175.15,756.78K,2020-12-04 18:59:59-05:00
2020-12-07,175.41,175.41,175.51,175.03,175.03,128.89K,2020-12-07 18:59:59-05:00
2020-12-08,175.43,175.43,175.61,175.35,175.37,16.39K,2020-12-08 18:59:59-05:00
2020-12-09,178.19,178.19,178.3,177.91,178.08,418.76K,2020-12-09 18:59:59-05:00
2020-12-10,178.08,178.08,178.55,177.77,178.3,704.19K,2020-12-10 18:59:59-05:00
2020-12-11,178.68,178.68,178.77,178.17,178.27,561.97K,2020-12-11 18:59:59-05:00
2020-12-14,178.42,178.42,178.56,178.13,178.37,444.21K,2020-12-14 18:59:59-05:00
2020-12-15,178.27,178.27,178.57,178.17,178.37,440.33K,2020-12-15 18:59:59-05:00
2020-12-16,177.55,177.55,178.31,177.27,178.28,691.25K,2020-12-16 18:59:59-05:00
2020-12-17,177.69,177.69,177.98,177.34,177.6,519.60K,2020-12-17 18:59:59-05:00
2020-12-18,177.66,177.66,177.85,177.28,177.74,416.57K,2020-12-18 18:59:59-05:00
2020-12-21,177.86,177.86,178.44,177.61,177.83,520.42K,2020-12-21 18:59:59-05:00
2020-12-22,177.93,177.93,178.09,177.63,177.7,344.00K,2020-12-22 18:59:59-05:00
2020-12-23,177.07,177.07,178.18,177.01,178.07,507.28K,2020-12-23 18:59:59-05:00
2020-12-24,177.36,177.36,177.36,177.36,177.36,,2020-12-24 18:59:59-05:00
2020-12-28,177.39,177.39,177.77,177.17,177.35,195.97K,2020-12-28 18:59:59-05:00
2020-12-29,177.7,177.7,177.75,177.52,177.6,265.00K,2020-12-29 18:59:59-05:00
2020-12-30,177.64,177.64,177.84,177.27,177.73,306.91K,2020-12-30 18:59:59-05:00
2020-12-31,177.84,177.84,177.84,177.84,177.84,,2020-12-31 18:59:59-05:00
2021-01-04,178.12,178.12,178.37,177.52,177.78,695.84K,2021-01-04 18:59:59-05:00
2021-01-05,177.9,177.9,178.27,177.71,178.22,613.78K,2021-01-05 18:59:59-05:00
2021-01-06,177.37,177.37,177.85,177.02,177.85,842.16K,2021-01-06 18:59:59-05:00
2021-01-07,177.25,177.25,177.69,177.17,177.47,792.79K,2021-01-07 18:59:59-05:00
2021-01-08,177.3,177.3,177.53,177.16,177.33,542.40K,2021-01-08 18:59:59-05:00
2021-01-11,176.93,176.93,177.55,176.84,177.28,739.76K,2021-01-11 18:59:59-05:00
2021-01-12,176.44,176.44,176.87,176.34,176.83,904.00K,2021-01-12 18:59:59-05:00
2021-01-13,177.36,177.36,177.6,176.72,176.84,989.43K,2021-01-13 18:59:59-05:00
2021-01-14,177.84,177.84,177.96,177.32,177.49,748.88K,2021-01-14 18:59:59-05:00
2021-01-15,177.66,177.66,177.94,177.5,177.65,547.66K,2021-01-15 18:59:59-05:00
2021-01-18,177.37,177.37,177.81,177.24,177.71,432.30K,2021-01-18 18:59:59-05:00
2021-01-19,177.4,177.4,177.45,177.1,177.31,720.92K,2021-01-19 18:59:59-05:00
2021-01-20,177.45,177.45,177.5,177.25,177.33,506.83K,2021-01-20 18:59:59-05:00
2021-01-21,176.8,176.8,177.56,176.74,177.41,860.43K,2021-01-21 18:59:59-05:00
2021-01-22,177.16,177.16,177.27,176.63,176.76,643.50K,2021-01-22 18:59:59-05:00
2021-01-25,177.83,177.83,177.88,177.12,177.13,675.95K,2021-01-25 18:59:59-05:00
2021-01-26,177.52,177.52,177.96,177.45,177.82,617.11K,2021-01-26 18:59:59-05:00
2021-01-27,177.79,177.79,178.12,177.39,177.56,863.82K,2021-01-27 18:59:59-05:00
2021-01-28,177.77,177.77,177.96,177.46,177.64,701.49K,2021-01-28 18:59:59-05:00
2021-01-29,177.25,177.25,177.66,176.89,177.58,1.15M,2021-01-29 18:59:59-05:00
2021-02-01,177.22,177.22,177.42,176.97,177.36,635.89K,2021-02-01 18:59:59-05:00
2021-02-02,176.75,176.75,177.23,176.63,177.13,876.69K,2021-02-02 18:59:59-05:00
2021-02-03,176.47,176.47,176.7,176.35,176.6,761.77K,2021-02-03 18:59:59-05:00
2021-02-04,176.32,176.32,176.57,176.1,176.35,848.30K,2021-02-04 18:59:59-05:00
2021-02-05,176.17,176.17,176.48,175.63,176.28,977.99K,2021-02-05 18:59:59-05:00
2021-02-08,176.12,176.12,176.23,175.61,175.96,643.91K,2021-02-08 18:59:59-05:00
2021-02-09,176.21,176.21,176.36,175.92,176.1,765.00K,2021-02-09 18:59:59-05:00
2021-02-10,176.1,176.1,176.38,175.94,176.07,688.20K,2021-02-10 18:59:59-05:00
2021-02-11,176.43,176.43,176.64,176.24,176.27,656.53K,2021-02-11 18:59:59-05:00
2021-02-12,175.97,175.97,176.53,175.77,176.39,758.70K,2021-02-12 18:59:59-05:00
2021-02-15,175.23,175.23,175.7,175.15,175.65,670.34K,2021-02-15 18:59:59-05:00
2021-02-16,174.8,174.8,175.45,174.49,175.24,1.05M,2021-02-16 18:59:59-05:00
2021-02-17,175.04,175.04,175.14,174.38,174.45,1.15M,2021-02-17 18:59:59-05:00
2021-02-18,174.68,174.68,175.26,174.38,175.12,1.02M,2021-02-18 18:59:59-05:00
2021-02-19,174.18,174.18,174.7,173.98,174.64,944.86K,2021-02-19 18:59:59-05:00
2021-02-22,174.72,174.72,175.02,173.58,173.95,1.27M,2021-02-22 18:59:59-05:00
2021-02-23,174.35,174.35,174.65,173.82,174.57,1.18M,2021-02-23 18:59:59-05:00
2021-02-24,174.04,174.04,174.57,173.65,174.49,1.15M,2021-02-24 18:59:59-05:00
2021-02-25,173.06,173.06,174.25,172.08,174.21,1.70M,2021-02-25 18:59:59-05:00
2021-02-26,173.4,173.4,173.91,172.11,172.11,1.50M,2021-02-26 18:59:59-05:00
2021-03-01,174.56,174.56,174.75,173.77,174.02,1.15M,2021-03-01 18:59:59-05:00
2021-03-02,174.67,174.67,174.93,174.14,174.75,1.42M,2021-03-02 18:59:59-05:00
2021-03-03,173.95,173.95,174.97,173.75,174.93,1.44M,2021-03-03 18:59:59-05:00
2021-03-04,174.27,174.27,174.51,173.71,173.79,938.86K,2021-03-04 18:59:59-05:00
2021-03-05,174.0,174.0,174.28,173.63,173.69,209.17K,2021-03-05 18:59:59-05:00
2021-03-08,174.01,174.01,174.0,173.71,173.95,15.50K,2021-03-08 18:59:59-05:00
2021-03-09,171.23,171.23,171.7,170.83,170.93,740.72K,2021-03-09 18:59:59-05:00
2021-03-10,171.32,171.32,171.53,171.07,171.38,588.85K,2021-03-10 18:59:59-05:00
2021-03-11,171.64,171.64,172.2,171.3,171.43,986.92K,2021-03-11 18:59:59-05:00
2021-03-12,171.12,171.12,171.65,171.05,171.62,733.60K,2021-03-12 18:59:59-05:00
2021-03-15,171.78,171.78,171.87,171.2,171.32,653.50K,2021-03-15 19:59:59-04:00
2021-03-16,171.78,171.78,172.0,171.64,171.77,689.01K,2021-03-16 19:59:59-04:00
2021-03-17,171.08,171.08,171.8,170.98,171.68,817.35K,2021-03-17 19:59:59-04:00
2021-03-18,170.72,170.72,171.47,170.52,171.44,960.18K,2021-03-18 19:59:59-04:00
2021-03-19,171.22,171.22,171.43,170.93,170.96,664.88K,2021-03-19 19:59:59-04:00
2021-03-22,171.49,171.49,171.8,171.23,171.3,584.36K,2021-03-22 19:59:59-04:00
2021-03-23,171.92,171.92,172.17,171.42,171.54,775.98K,2021-03-23 19:59:59-04:00
2021-03-24,172.17,172.17,172.44,171.93,172.19,700.32K,2021-03-24 19:59:59-04:00
2021-03-25,172.58,172.58,172.66,172.15,172.3,641.25K,2021-03-25 19:59:59-04:00
2021-03-26,172.12,172.12,172.58,171.91,172.56,628.46K,2021-03-26 19:59:59-04:00
2021-03-29,171.62,171.62,172.34,171.45,172.08,623.82K,2021-03-29 19:59:59-04:00
2021-03-30,171.0,171.0,171.56,170.71,171.53,932.15K,2021-03-30 19:59:59-04:00
2021-03-31,171.28,171.28,171.4,170.88,171.14,771.11K,2021-03-31 19:59:59-04:00
2021-04-01,171.83,171.83,171.86,171.07,171.1,571.20K,2021-04-01 19:59:59-04:00
2021-04-02,171.73,171.73,171.73,171.73,171.73,,2021-04-02 19:59:59-04:00
2021-04-06,171.68,171.68,171.89,171.32,171.55,595.43K,2021-04-06 19:59:59-04:00
2021-04-07,171.67,171.67,172.06,171.6,171.67,666.40K,2021-04-07 19:59:59-04:00
2021-04-08,171.89,171.89,172.12,171.63,171.67,573.51K,2021-04-08 19:59:59-04:00
2021-04-09,171.37,171.37,172.07,171.15,171.98,734.48K,2021-04-09 19:59:59-04:00
2021-04-12,171.3,171.3,171.87,171.23,171.25,664.71K,2021-04-12 19:59:59-04:00
2021-04-13,171.26,171.26,171.54,170.98,171.22,852.16K,2021-04-13 19:59:59-04:00
2021-04-14,170.87,170.87,171.62,170.66,171.57,748.30K,2021-04-14 19:59:59-04:00
2021-04-15,171.33,171.33,171.52,170.6,170.66,775.72K,2021-04-15 19:59:59-04:00
2021-04-16,170.91,170.91,171.31,170.77,171.28,647.84K,2021-04-16 19:59:59-04:00
2021-04-19,170.48,170.48,171.07,170.17,170.94,819.39K,2021-04-19 19:59:59-04:00
2021-04-20,170.74,170.74,170.93,170.09,170.38,820.26K,2021-04-20 19:59:59-04:00
2021-04-21,170.88,170.88,171.12,170.61,170.82,697.04K,2021-04-21 19:59:59-04:00
2021-04-22,170.94,170.94,171.27,170.53,171.02,845.85K,2021-04-22 19:59:59-04:00
2021-04-23,170.83,170.83,171.13,170.67,171.02,617.36K,2021-04-23 19:59:59-04:00
2021-04-26,170.83,170.83,170.95,170.46,170.75,576.13K,2021-04-26 19:59:59-04:00
2021-04-27,170.76,170.76,170.91,170.51,170.75,564.46K,2021-04-27 19:59:59-04:00
2021-04-28,170.48,170.48,170.67,170.04,170.59,803.04K,2021-04-28 19:59:59-04:00
2021-04-29,169.88,169.88,170.64,169.66,170.61,929.25K,2021-04-29 19:59:59-04:00
2021-04-30,170.0,170.0,170.19,169.77,169.79,746.52K,2021-04-30 19:59:59-04:00
2021-05-03,170.16,170.16,170.34,169.47,169.98,611.31K,2021-05-03 19:59:59-04:00
2021-05-04,170.66,170.66,170.8,169.89,170.15,877.24K,2021-05-04 19:59:59-04:00
2021-05-05,170.47,170.47,170.64,170.2,170.62,705.69K,2021-05-05 19:59:59-04:00
2021-05-06,170.59,170.59,170.88,170.23,170.57,823.07K,2021-05-06 19:59:59-04:00
2021-05-07,170.47,170.47,170.98,170.2,170.43,1.00M,2021-05-07 19:59:59-04:00
2021-05-10,170.29,170.29,170.32,169.97,170.18,561.91K,2021-05-10 19:59:59-04:00
2021-05-11,169.45,169.45,170.25,169.39,170.13,997.63K,2021-05-11 19:59:59-04:00
2021-05-12,168.94,168.94,169.77,168.83,169.42,964.25K,2021-05-12 19:59:59-04:00
2021-05-13,168.89,168.89,169.08,168.59,168.8,801.72K,2021-05-13 19:59:59-04:00
2021-05-14,168.98,168.98,169.21,168.77,169.02,739.61K,2021-05-14 19:59:59-04:00
2021-05-17,168.86,168.86,169.35,168.67,169.13,778.72K,2021-05-17 19:59:59-04:00
2021-05-18,168.82,168.82,169.14,168.69,168.83,842.70K,2021-05-18 19:59:59-04:00
2021-05-19,168.9,168.9,169.12,168.29,168.76,1.01M,2021-05-19 19:59:59-04:00
2021-05-20,168.84,168.84,168.92,168.48,168.63,705.69K,2021-05-20 19:59:59-04:00
2021-05-21,169.14,169.14,169.31,168.75,168.82,770.58K,2021-05-21 19:59:59-04:00
2021-05-24,169.32,169.32,169.41,169.02,169.18,465.55K,2021-05-24 19:59:59-04:00
2021-05-25,169.69,169.69,169.92,169.29,169.37,819.33K,2021-05-25 19:59:59-04:00
2021-05-26,170.29,170.29,170.4,169.69,169.88,872.00K,2021-05-26 19:59:59-04:00
2021-05-27,169.79,169.79,170.38,169.68,170.3,784.83K,2021-05-27 19:59:59-04:00
2021-05-28,169.94,169.94,170.08,169.53,169.81,731.71K,2021-05-28 19:59:59-04:00
2021-05-31,169.94,169.94,170.08,169.48,169.87,487.14K,2021-05-31 19:59:59-04:00
2021-06-01,169.83,169.83,170.15,169.68,170.06,1.18M,2021-06-01 19:59:59-04:00
2021-06-02,170.15,170.15,170.2,169.88,169.92,1.33M,2021-06-02 19:59:59-04:00
2021-06-03,169.94,169.94,170.2,169.81,170.17,1.17M,2021-06-03 19:59:59-04:00
2021-06-04,170.33,170.33,170.43,169.84,169.9,753.54K,2021-06-04 19:59:59-04:00
2021-06-07,170.12,170.12,170.4,170.05,170.29,156.25K,2021-06-07 19:59:59-04:00
2021-06-08,170.23,170.23,170.35,170.09,170.15,16.19K,2021-06-08 19:59:59-04:00
2021-06-09,172.56,172.56,172.85,172.08,172.11,715.68K,2021-06-09 19:59:59-04:00
2021-06-10,172.53,172.53,172.88,171.97,172.55,796.97K,2021-06-10 19:59:59-04:00
2021-06-11,172.88,172.88,173.16,172.79,172.87,570.97K,2021-06-11 19:59:59-04:00
2021-06-14,172.64,172.64,173.04,172.52,172.91,440.45K,2021-06-14 19:59:59-04:00
2021-06-15,172.32,172.32,172.8,172.25,172.62,686.03K,2021-06-15 19:59:59-04:00
2021-06-16,172.53,172.53,172.66,171.91,172.3,555.13K,2021-06-16 19:59:59-04:00
2021-06-17,172.44,172.44,172.7,171.8,171.97,802.66K,2021-06-17 19:59:59-04:00
2021-06-18,172.6,172.6,172.88,172.36,172.47,826.46K,2021-06-18 19:59:59-04:00
2021-06-21,172.16,172.16,173.03,171.93,172.69,770.50K,2021-06-21 19:59:59-04:00
2021-06-22,171.95,171.95,172.2,171.67,172.12,677.71K,2021-06-22 19:59:59-04:00
2021-06-23,172.17,172.17,172.46,171.76,172.02,686.92K,2021-06-23 19:59:59-04:00
2021-06-24,172.33,172.33,172.39,171.88,172.21,573.16K,2021-06-24 19:59:59-04:00
2021-06-25,171.77,171.77,172.3,171.68,172.24,551.49K,2021-06-25 19:59:59-04:00
2021-06-28,172.26,172.26,172.34,171.71,171.79,496.38K,2021-06-28 19:59:59-04:00
2021-06-29,172.07,172.07,172.33,171.86,172.25,666.53K,2021-06-29 19:59:59-04:00
2021-06-30,172.61,172.61,172.74,171.98,172.13,724.06K,2021-06-30 19:59:59-04:00
2021-07-01,172.54,172.54,172.69,172.22,172.5,666.57K,2021-07-01 19:59:59-04:00
2021-07-02,173.09,173.09,173.19,172.54,172.62,692.35K,2021-07-02 19:59:59-04:00
2021-07-05,172.7,172.7,173.18,172.65,173.12,344.34K,2021-07-05 19:59:59-04:00
2021-07-06,173.6,173.6,173.65,172.49,172.72,753.36K,2021-07-06 19:59:59-04:00
2021-07-07,174.02,174.02,174.27,173.46,173.6,782.43K,2021-07-07 19:59:59-04:00
2021-07-08,174.34,174.34,174.77,174.09,174.16,892.13K,2021-07-08 19:59:59-04:00
2021-07-09,173.9,173.9,174.32,173.87,174.16,552.53K,2021-07-09 19:59:59-04:00
2021-07-12,174.05,174.05,174.32,173.91,173.91,456.60K,2021-07-12 19:59:59-04:00
2021-07-13,174.12,174.12,174.31,173.7,174.05,802.45K,2021-07-13 19:59:59-04:00
2021-07-14,174.34,174.34,174.49,173.7,173.72,612.53K,2021-07-14 19:59:59-04:00
2021-07-15,174.58,174.58,174.9,174.45,174.55,623.77K,2021-07-15 19:59:59-04:00
2021-07-16,174.87,174.87,175.04,174.65,174.86,451.48K,2021-07-16 19:59:59-04:00
2021-07-19,175.52,175.52,175.72,175.02,175.15,742.94K,2021-07-19 19:59:59-04:00
2021-07-20,175.85,175.85,176.28,175.41,175.48,912.58K,2021-07-20 19:59:59-04:00
2021-07-21,175.53,175.53,176.11,175.41,175.77,755.38K,2021-07-21 19:59:59-04:00
2021-07-22,175.94,175.94,176.15,175.24,175.54,695.78K,2021-07-22 19:59:59-04:00
2021-07-23,175.81,175.81,175.97,175.56,175.9,476.08K,2021-07-23 19:59:59-04:00
2021-07-26,175.83,175.83,176.42,175.62,176.0,541.47K,2021-07-26 19:59:59-04:00
2021-07-27,176.26,176.26,176.37,175.82,175.88,503.70K,2021-07-27 19:59:59-04:00
2021-07-28,176.41,176.41,176.66,176.2,176.27,628.19K,2021-07-28 19:59:59-04:00
2021-07-29,176.44,176.44,176.67,176.03,176.57,594.92K,2021-07-29 19:59:59-04:00
2021-07-30,176.57,176.57,176.73,176.29,176.54,584.90K,2021-07-30 19:59:59-04:00
2021-08-02,176.82,176.82,177.07,176.35,176.55,504.55K,2021-08-02 19:59:59-04:00
2021-08-03,176.97,176.97,177.12,176.67,176.82,459.06K,2021-08-03 19:59:59-04:00
2021-08-04,176.94,176.94,177.52,176.85,177.01,661.16K,2021-08-04 19:59:59-04:00
2021-08-05,177.29,177.29,177.61,177.05,177.16,561.19K,2021-08-05 19:59:59-04:00
2021-08-06,176.5,176.5,177.27,176.47,177.2,580.95K,2021-08-06 19:59:59-04:00
2021-08-09,176.52,176.52,176.91,176.39,176.45,405.68K,2021-08-09 19:59:59-04:00
2021-08-10,176.59,176.59,176.95,176.41,176.6,451.13K,2021-08-10 19:59:59-04:00
2021-08-11,176.57,176.57,176.83,176.21,176.55,579.58K,2021-08-11 19:59:59-04:00
2021-08-12,176.58,176.58,176.77,176.35,176.76,416.08K,2021-08-12 19:59:59-04:00
2021-08-13,176.64,176.64,176.8,176.29,176.52,394.18K,2021-08-13 19:59:59-04:00
2021-08-16,176.8,176.8,177.07,176.48,176.86,468.51K,2021-08-16 19:59:59-04:00
2021-08-17,176.8,176.8,177.24,176.68,176.75,510.27K,2021-08-17 19:59:59-04:00
2021-08-18,176.92,176.92,177.08,176.71,176.81,430.20K,2021-08-18 19:59:59-04:00
2021-08-19,177.04,177.04,177.24,176.86,177.01,518.03K,2021-08-19 19:59:59-04:00
2021-08-20,177.15,177.15,177.22,176.99,177.02,318.42K,2021-08-20 19:59:59-04:00
2021-08-23,176.89,176.89,177.16,176.56,177.1,507.28K,2021-08-23 19:59:59-04:00
2021-08-24,176.83,176.83,177.08,176.66,176.93,518.08K,2021-08-24 19:59:59-04:00
2021-08-25,175.98,175.98,176.87,175.91,176.77,811.47K,2021-08-25 19:59:59-04:00
2021-08-26,175.93,175.93,176.14,175.71,175.91,736.49K,2021-08-26 19:59:59-04:00
2021-08-27,175.99,175.99,176.11,175.66,175.86,540.73K,2021-08-27 19:59:59-04:00
2021-08-30,176.28,176.28,176.4,175.83,176.11,387.01K,2021-08-30 19:59:59-04:00
2021-08-31,175.45,175.45,176.48,175.34,176.46,996.21K,2021-08-31 19:59:59-04:00
2021-09-01,175.23,175.23,175.5,174.98,175.35,1.14M,2021-09-01 19:59:59-04:00
2021-09-02,175.47,175.47,175.65,175.2,175.23,1.46M,2021-09-02 19:59:59-04:00
2021-09-03,175.17,175.17,175.64,174.9,175.42,1.17M,2021-09-03 19:59:59-04:00
2021-09-06,175.25,175.25,175.27,174.9,175.09,512.63K,2021-09-06 19:59:59-04:00
2021-09-07,174.49,174.49,175.18,174.36,175.1,186.56K,2021-09-07 19:59:59-04:00
2021-09-08,174.6,174.6,174.71,174.33,174.44,9.31K,2021-09-08 19:59:59-04:00
2021-09-09,172.28,172.28,172.48,171.59,171.69,763.55K,2021-09-09 19:59:59-04:00
2021-09-10,171.88,171.88,172.46,171.71,172.44,521.58K,2021-09-10 19:59:59-04:00
2021-09-13,171.8,171.8,171.92,171.62,171.71,418.82K,2021-09-13 19:59:59-04:00
2021-09-14,171.91,171.91,172.12,171.33,171.7,807.83K,2021-09-14 19:59:59-04:00
2021-09-15,171.57,171.57,172.07,171.34,171.86,727.41K,2021-09-15 19:59:59-04:00
2021-09-16,171.43,171.43,171.53,171.1,171.48,684.75K,2021-09-16 19:59:59-04:00
2021-09-17,171.0,171.0,171.32,170.81,171.2,675.36K,2021-09-17 19:59:59-04:00
2021-09-20,171.55,171.55,171.84,170.99,171.01,702.85K,2021-09-20 19:59:59-04:00
2021-09-21,171.74,171.74,171.96,171.27,171.7,652.92K,2021-09-21 19:59:59-04:00
2021-09-22,171.74,171.74,171.93,171.41,171.69,584.54K,2021-09-22 19:59:59-04:00
2021-09-23,170.7,170.7,171.72,170.6,171.67,905.35K,2021-09-23 19:59:59-04:00
2021-09-24,170.3,170.3,170.62,170.14,170.59,803.94K,2021-09-24 19:59:59-04:00
2021-09-27,170.17,170.17,170.68,169.73,170.33,786.12K,2021-09-27 19:59:59-04:00
2021-09-28,169.86,169.86,170.31,169.48,170.25,943.32K,2021-09-28 19:59:59-04:00
2021-09-29,170.15,170.15,170.32,169.61,169.65,737.21K,2021-09-29 19:59:59-04:00
2021-09-30,169.82,169.82,170.19,169.56,170.12,942.18K,2021-09-30 19:59:59-04:00
2021-10-01,170.22,170.22,170.53,169.92,170.03,781.48K,2021-10-01 19:59:59-04:00
2021-10-04,170.11,170.11,170.55,169.92,170.45,604.57K,2021-10-04 19:59:59-04:00
2021-10-05,169.66,169.66,170.39,169.64,170.17,704.30K,2021-10-05 19:59:59-04:00
2021-10-06,169.65,169.65,169.91,169.12,169.63,923.81K,2021-10-06 19:59:59-04:00
2021-10-07,169.71,169.71,170.0,169.4,169.53,706.34K,2021-10-07 19:59:59-04:00
2021-10-08,169.22,169.22,169.69,169.11,169.55,832.29K,2021-10-08 19:59:59-04:00
2021-10-11,168.78,168.78,169.11,168.57,169.1,547.63K,2021-10-11 19:59:59-04:00
2021-10-12,168.41,168.41,169.0,168.21,168.83,1.07M,2021-10-12 19:59:59-04:00
2021-10-13,168.94,168.94,169.12,168.31,168.34,1.13M,2021-10-13 19:59:59-04:00
2021-10-14,169.65,169.65,169.92,168.64,168.86,984.02K,2021-10-14 19:59:59-04:00
2021-10-15,169.56,169.56,169.84,169.17,169.84,670.47K,2021-10-15 19:59:59-04:00
2021-10-18,169.11,169.11,169.3,168.64,169.22,913.62K,2021-10-18 19:59:59-04:00
2021-10-19,168.54,168.54,169.48,168.34,169.08,846.46K,2021-10-19 19:59:59-04:00
2021-10-20,168.71,168.71,168.87,168.08,168.26,678.20K,2021-10-20 19:59:59-04:00
2021-10-21,168.25,168.25,168.8,167.92,168.5,722.50K,2021-10-21 19:59:59-04:00
2021-10-22,168.28,168.28,168.55,167.84,167.9,758.78K,2021-10-22 19:59:59-04:00
2021-10-25,168.65,168.65,168.68,168.07,168.44,583.71K,2021-10-25 19:59:59-04:00
2021-10-26,168.69,168.69,168.97,168.4,168.56,630.95K,2021-10-26 19:59:59-04:00
2021-10-27,169.54,169.54,169.83,168.51,168.78,958.58K,2021-10-27 19:59:59-04:00
2021-10-28,169.06,169.06,169.65,168.29,169.61,1.27M,2021-10-28 19:59:59-04:00
2021-10-29,168.12,168.12,168.98,167.71,168.95,1.35M,2021-10-29 19:59:59-04:00
2021-11-01,168.15,168.15,168.56,167.69,168.18,740.86K,2021-11-01 19:59:59-04:00
2021-11-02,169.33,169.33,169.36,168.31,168.39,875.01K,2021-11-02 19:59:59-04:00
2021-11-03,169.34,169.34,169.7,168.98,169.25,803.10K,2021-11-03 19:59:59-04:00
2021-11-04,170.21,170.21,170.33,169.03,169.17,894.29K,2021-11-04 19:59:59-04:00
2021-11-05,171.07,171.07,171.24,170.06,170.16,850.91K,2021-11-05 19:59:59-04:00
2021-11-08,170.69,170.69,171.12,170.43,171.1,556.85K,2021-11-08 18:59:59-05:00
2021-11-09,171.25,171.25,171.44,170.52,170.6,709.92K,2021-11-09 18:59:59-05:00
2021-11-10,170.69,170.69,171.38,170.27,171.26,843.97K,2021-11-10 18:59:59-05:00
2021-11-11,170.42,170.42,170.87,170.21,170.41,582.16K,2021-11-11 18:59:59-05:00
2021-11-12,170.85,170.85,171.07,170.32,170.5,676.53K,2021-11-12 18:59:59-05:00
2021-11-15,170.75,170.75,171.4,170.42,171.01,628.91K,2021-11-15 18:59:59-05:00
2021-11-16,170.77,170.77,170.86,170.36,170.54,618.97K,2021-11-16 18:59:59-05:00
2021-11-17,170.77,170.77,170.97,170.55,170.62,537.00K,2021-11-17 18:59:59-05:00
2021-11-18,171.24,171.24,171.38,170.88,170.94,640.49K,2021-11-18 18:59:59-05:00
2021-11-19,172.32,172.32,172.42,171.0,171.21,891.76K,2021-11-19 18:59:59-05:00
2021-11-22,171.77,171.77,172.57,171.53,172.19,644.23K,2021-11-22 18:59:59-05:00
2021-11-23,170.81,170.81,171.7,170.56,171.68,784.69K,2021-11-23 18:59:59-05:00
2021-11-24,170.54,170.54,171.18,170.31,170.74,793.13K,2021-11-24 18:59:59-05:00
2021-11-25,170.98,170.98,171.06,170.6,170.6,349.08K,2021-11-25 18:59:59-05:00
2021-11-26,172.34,172.34,172.46,171.14,171.19,879.09K,2021-11-26 18:59:59-05:00
2021-11-29,172.02,172.02,172.38,171.65,172.03,671.18K,2021-11-29 18:59:59-05:00
2021-11-30,172.37,172.37,172.71,171.84,171.99,1.02M,2021-11-30 18:59:59-05:00
2021-12-01,172.07,172.07,172.59,171.63,172.19,1.05M,2021-12-01 18:59:59-05:00
2021-12-02,172.75,172.75,173.06,172.12,172.47,1.42M,2021-12-02 18:59:59-05:00
2021-12-03,172.77,172.77,173.14,172.41,172.83,1.12M,2021-12-03 18:59:59-05:00
2021-12-06,172.91,172.91,173.01,172.6,172.92,662.45K,2021-12-06 18:59:59-05:00
2021-12-07,172.53,172.53,172.79,172.27,172.69,117.81K,2021-12-07 18:59:59-05:00
2021-12-08,172.86,172.86,172.96,172.4,172.54,8.24K,2021-12-08 18:59:59-05:00
2021-12-09,174.19,174.19,174.31,173.44,173.59,464.44K,2021-12-09 18:59:59-05:00
2021-12-10,174.24,174.24,174.27,173.78,174.13,448.42K,2021-12-10 18:59:59-05:00
2021-12-13,174.68,174.68,174.7,173.89,173.91,359.93K,2021-12-13 18:59:59-05:00
2021-12-14,174.46,174.46,174.75,174.18,174.64,394.66K,2021-12-14 18:59:59-05:00
2021-12-15,174.32,174.32,174.56,174.04,174.39,403.49K,2021-12-15 18:59:59-05:00
2021-12-16,174.05,174.05,174.44,173.43,174.09,667.66K,2021-12-16 18:59:59-05:00
2021-12-17,174.43,174.43,174.66,174.08,174.25,405.41K,2021-12-17 18:59:59-05:00
2021-12-20,174.42,174.42,174.94,174.09,174.74,403.16K,2021-12-20 18:59:59-05:00
2021-12-21,173.31,173.31,174.44,173.23,174.23,476.94K,2021-12-21 18:59:59-05:00
2021-12-22,173.14,173.14,173.52,172.77,173.47,362.64K,2021-12-22 18:59:59-05:00
2021-12-23,172.43,172.43,173.19,172.28,173.17,371.68K,2021-12-23 18:59:59-05:00
2021-12-24,172.54,172.54,172.54,172.54,172.54,,2021-12-24 18:59:59-05:00
2021-12-27,172.41,172.41,172.64,172.08,172.48,180.06K,2021-12-27 18:59:59-05:00
2021-12-28,172.36,172.36,172.47,172.09,172.36,189.53K,2021-12-28 18:59:59-05:00
2021-12-29,171.51,171.51,172.42,171.31,172.31,325.49K,2021-12-29 18:59:59-05:00
2021-12-30,171.37,171.37,171.79,171.31,171.42,314.73K,2021-12-30 18:59:59-05:00
2022-01-03,170.74,170.74,171.53,170.55,171.36,492.41K,2022-01-03 18:59:59-05:00
2022-01-04,170.81,170.81,171.17,170.5,170.69,717.15K,2022-01-04 18:59:59-05:00
2022-01-05,170.75,170.75,170.93,170.53,170.75,639.22K,2022-01-05 18:59:59-05:00
2022-01-06,170.34,170.34,170.61,169.95,170.53,762.90K,2022-01-06 18:59:59-05:00
2022-01-07,170.0,170.0,170.53,169.88,170.45,613.34K,2022-01-07 18:59:59-05:00
2022-01-10,169.96,169.96,170.21,169.71,169.96,679.20K,2022-01-10 18:59:59-05:00
2022-01-11,169.79,169.79,170.2,169.57,169.92,771.35K,2022-01-11 18:59:59-05:00
2022-01-12,170.22,170.22,170.51,169.74,169.87,800.92K,2022-01-12 18:59:59-05:00
2022-01-13,170.71,170.71,171.0,169.86,170.08,722.58K,2022-01-13 18:59:59-05:00
2022-01-14,170.08,170.08,170.95,169.87,170.83,708.78K,2022-01-14 18:59:59-05:00
2022-01-17,169.65,169.65,169.92,169.53,169.8,377.17K,2022-01-17 18:59:59-05:00
2022-01-18,169.57,169.57,169.81,169.31,169.67,737.05K,2022-01-18 18:59:59-05:00
2022-01-19,169.38,169.38,169.54,168.95,169.3,772.80K,2022-01-19 18:59:59-05:00
2022-01-20,169.74,169.74,169.94,169.21,169.28,614.30K,2022-01-20 18:59:59-05:00
2022-01-21,170.29,170.29,170.63,169.92,170.0,704.57K,2022-01-21 18:59:59-05:00
2022-01-24,170.87,170.87,171.07,170.1,170.23,740.08K,2022-01-24 18:59:59-05:00
2022-01-25,170.66,170.66,170.89,170.26,170.62,794.72K,2022-01-25 18:59:59-05:00
2022-01-26,170.35,170.35,170.58,169.66,170.34,685.63K,2022-01-26 18:59:59-05:00
2022-01-27,170.16,170.16,170.42,169.67,169.78,788.20K,2022-01-27 18:59:59-05:00
2022-01-28,170.02,170.02,170.22,169.42,170.21,783.92K,2022-01-28 18:59:59-05:00
2022-01-31,169.11,169.11,169.93,168.81,169.91,935.28K,2022-01-31 18:59:59-05:00
2022-02-01,168.76,168.76,169.54,168.65,169.03,791.63K,2022-02-01 18:59:59-05:00
2022-02-02,168.66,168.66,169.17,168.41,168.81,759.46K,2022-02-02 18:59:59-05:00
2022-02-03,166.9,166.9,168.81,166.84,168.76,1.31M,2022-02-03 18:59:59-05:00
2022-02-04,166.02,166.02,167.0,165.72,166.89,1.27M,2022-02-04 18:59:59-05:00
2022-02-07,165.6,165.6,166.49,165.38,166.07,1.08M,2022-02-07 18:59:59-05:00
2022-02-08,165.18,165.18,166.11,165.03,165.71,1.09M,2022-02-08 18:59:59-05:00
2022-02-09,165.86,165.86,166.01,165.33,165.33,870.19K,2022-02-09 18:59:59-05:00
2022-02-10,164.94,164.94,165.96,164.37,165.8,1.11M,2022-02-10 18:59:59-05:00
2022-02-11,164.95,164.95,166.46,164.48,164.71,965.98K,2022-02-11 18:59:59-05:00
2022-02-14,165.23,165.23,166.38,164.95,165.89,942.67K,2022-02-14 18:59:59-05:00
2022-02-15,164.54,164.54,165.53,164.42,165.44,942.12K,2022-02-15 18:59:59-05:00
2022-02-16,165.23,165.23,165.47,164.34,164.75,805.45K,2022-02-16 18:59:59-05:00
2022-02-17,165.84,165.84,166.08,165.14,165.35,836.75K,2022-02-17 18:59:59-05:00
2022-02-18,166.34,166.34,166.74,165.61,166.2,678.08K,2022-02-18 18:59:59-05:00
2022-02-21,166.26,166.26,166.97,165.8,166.77,633.56K,2022-02-21 18:59:59-05:00
2022-02-22,165.7,165.7,167.17,165.16,166.92,1.04M,2022-02-22 18:59:59-05:00
2022-02-23,165.99,165.99,166.17,165.39,165.65,764.91K,2022-02-23 18:59:59-05:00
2022-02-24,166.93,166.93,168.01,166.01,166.18,1.19M,2022-02-24 18:59:59-05:00
2022-02-25,166.15,166.15,167.2,165.87,166.63,853.80K,2022-02-25 18:59:59-05:00
2022-02-28,167.04,167.04,168.0,166.25,167.03,969.08K,2022-02-28 18:59:59-05:00
2022-03-01,170.3,170.3,171.12,167.31,167.75,1.79M,2022-03-01 18:59:59-05:00
2022-03-02,169.38,169.38,170.85,169.01,170.45,1.50M,2022-03-02 18:59:59-05:00
2022-03-03,169.2,169.2,169.75,168.46,169.55,1.52M,2022-03-03 18:59:59-05:00
2022-03-04,170.96,170.96,171.22,169.17,169.54,926.18K,2022-03-04 18:59:59-05:00
2022-03-07,169.9,169.9,171.66,169.61,171.35,155.38K,2022-03-07 18:59:59-05:00
2022-03-08,168.49,168.49,170.12,168.23,169.71,10.85K,2022-03-08 18:59:59-05:00
2022-03-09,163.58,163.58,165.29,163.38,164.96,850.51K,2022-03-09 18:59:59-05:00
2022-03-10,162.78,162.78,164.43,162.02,163.63,961.96K,2022-03-10 18:59:59-05:00
2022-03-11,162.44,162.44,163.2,162.01,162.94,647.56K,2022-03-11 18:59:59-05:00
2022-03-14,161.21,161.21,162.73,161.14,162.46,605.35K,2022-03-14 19:59:59-04:00
2022-03-15,161.97,161.97,162.05,160.9,161.34,617.48K,2022-03-15 19:59:59-04:00
2022-03-16,161.07,161.07,161.81,160.56,161.63,690.10K,2022-03-16 19:59:59-04:00
2022-03-17,161.01,161.01,161.69,160.68,161.16,715.29K,2022-03-17 19:59:59-04:00
2022-03-18,161.37,161.37,161.77,160.76,161.19,490.02K,2022-03-18 19:59:59-04:00
2022-03-21,160.3,160.3,161.34,159.77,161.26,526.10K,2022-03-21 19:59:59-04:00
2022-03-22,159.43,159.43,159.99,159.07,159.99,790.43K,2022-03-22 19:59:59-04:00
2022-03-23,159.8,159.8,160.31,159.06,159.39,656.78K,2022-03-23 19:59:59-04:00
2022-03-24,159.26,159.26,160.26,158.73,160.05,737.86K,2022-03-24 19:59:59-04:00
2022-03-25,158.65,158.65,159.64,158.08,159.15,657.96K,2022-03-25 19:59:59-04:00
2022-03-28,158.32,158.32,158.67,157.65,158.47,694.00K,2022-03-28 19:59:59-04:00
2022-03-29,157.37,157.37,158.33,156.05,158.22,916.30K,2022-03-29 19:59:59-04:00
2022-03-30,157.16,157.16,158.06,156.37,157.53,878.66K,2022-03-30 19:59:59-04:00
2022-03-31,158.66,158.66,159.05,156.9,157.04,999.82K,2022-03-31 19:59:59-04:00
2022-04-01,158.35,158.35,158.89,157.71,158.55,816.14K,2022-04-01 19:59:59-04:00
2022-04-04,159.1,159.1,159.79,158.12,158.5,772.12K,2022-04-04 19:59:59-04:00
2022-04-05,157.73,157.73,159.42,157.62,159.31,832.87K,2022-04-05 19:59:59-04:00
2022-04-06,157.24,157.24,157.78,156.84,157.76,818.43K,2022-04-06 19:59:59-04:00
2022-04-07,156.83,156.83,157.87,156.4,157.59,911.68K,2022-04-07 19:59:59-04:00
2022-04-08,156.57,156.57,157.29,156.26,157.01,648.08K,2022-04-08 19:59:59-04:00
2022-04-11,155.03,155.03,156.19,154.93,156.13,738.45K,2022-04-11 19:59:59-04:00
2022-04-12,155.36,155.36,155.76,154.27,154.75,820.62K,2022-04-12 19:59:59-04:00
2022-04-13,155.86,155.86,155.91,154.51,155.1,759.54K,2022-04-13 19:59:59-04:00
2022-04-14,154.95,154.95,156.17,154.63,155.48,814.99K,2022-04-14 19:59:59-04:00
2022-04-15,154.71,154.71,154.71,154.71,154.71,,2022-04-15 19:59:59-04:00
2022-04-19,153.7,153.7,154.7,153.29,154.55,753.45K,2022-04-19 19:59:59-04:00
2022-04-20,154.61,154.61,155.0,153.25,153.44,773.03K,2022-04-20 19:59:59-04:00
2022-04-21,153.8,153.8,154.66,153.28,154.57,852.39K,2022-04-21 19:59:59-04:00
2022-04-22,153.25,153.25,153.92,153.05,153.47,732.99K,2022-04-22 19:59:59-04:00
2022-04-25,154.89,154.89,155.26,153.11,153.14,814.83K,2022-04-25 19:59:59-04:00
2022-04-26,155.48,155.48,155.74,154.18,154.77,786.59K,2022-04-26 19:59:59-04:00
2022-04-27,155.46,155.46,155.83,154.82,155.45,779.88K,2022-04-27 19:59:59-04:00
2022-04-28,154.15,154.15,156.0,154.02,155.35,961.40K,2022-04-28 19:59:59-04:00
2022-04-29,153.59,153.59,154.69,153.43,154.44,979.01K,2022-04-29 19:59:59-04:00
2022-05-02,153.49,153.49,154.19,153.23,153.61,421.18K,2022-05-02 19:59:59-04:00
2022-05-03,153.67,153.67,154.1,152.66,153.34,759.38K,2022-05-03 19:59:59-04:00
2022-05-04,153.18,153.18,153.73,152.44,152.86,672.88K,2022-05-04 19:59:59-04:00
2022-05-05,152.55,152.55,154.18,152.15,153.6,970.86K,2022-05-05 19:59:59-04:00
2022-05-06,150.94,150.94,152.74,150.81,152.55,901.94K,2022-05-06 19:59:59-04:00
2022-05-09,151.74,151.74,152.01,150.49,151.01,778.27K,2022-05-09 19:59:59-04:00
2022-05-10,152.95,152.95,153.17,151.5,151.93,787.78K,2022-05-10 19:59:59-04:00
2022-05-11,152.91,152.91,153.86,151.87,152.64,1.02M,2022-05-11 19:59:59-04:00
2022-05-12,154.76,154.76,155.33,153.61,153.85,1.06M,2022-05-12 19:59:59-04:00
2022-05-13,153.76,153.76,155.12,153.65,155.06,653.54K,2022-05-13 19:59:59-04:00
2022-05-16,154.03,154.03,154.2,152.99,153.88,611.24K,2022-05-16 19:59:59-04:00
2022-05-17,152.54,152.54,153.74,152.33,153.72,863.00K,2022-05-17 19:59:59-04:00
2022-05-18,152.94,152.94,153.06,151.89,152.58,942.44K,2022-05-18 19:59:59-04:00
2022-05-19,153.88,153.88,154.45,152.48,153.07,935.72K,2022-05-19 19:59:59-04:00
2022-05-20,153.93,153.93,154.22,153.16,153.6,676.71K,2022-05-20 19:59:59-04:00
2022-05-23,153.11,153.11,154.11,152.85,153.82,772.39K,2022-05-23 19:59:59-04:00
2022-05-24,153.94,153.94,153.98,152.77,153.1,940.98K,2022-05-24 19:59:59-04:00
2022-05-25,153.92,153.92,154.43,153.48,153.55,802.67K,2022-05-25 19:59:59-04:00
2022-05-26,153.26,153.26,154.74,153.19,153.86,783.65K,2022-05-26 19:59:59-04:00
2022-05-27,153.74,153.74,154.14,153.22,153.31,629.94K,2022-05-27 19:59:59-04:00
2022-05-30,152.65,152.65,153.52,152.36,153.48,638.12K,2022-05-30 19:59:59-04:00
2022-05-31,151.57,151.57,152.89,151.34,152.5,1.55M,2022-05-31 19:59:59-04:00
2022-06-01,151.01,151.01,151.85,150.78,151.53,1.83M,2022-06-01 19:59:59-04:00
2022-06-02,150.26,150.26,151.09,150.06,150.99,1.14M,2022-06-02 19:59:59-04:00
2022-06-03,149.63,149.63,150.35,149.57,150.13,875.62K,2022-06-03 19:59:59-04:00
2022-06-06,148.95,148.95,150.13,148.91,149.75,578.36K,2022-06-06 19:59:59-04:00
2022-06-07,149.53,149.53,149.62,148.68,148.99,131.19K,2022-06-07 19:59:59-04:00
2022-06-08,148.98,148.98,149.3,148.87,149.15,7.61K,2022-06-08 19:59:59-04:00
2022-06-09,147.8,147.8,149.43,147.32,148.69,1.04M,2022-06-09 19:59:59-04:00
2022-06-10,146.98,146.98,148.51,146.61,147.74,956.29K,2022-06-10 19:59:59-04:00
2022-06-13,145.18,145.18,147.19,144.19,146.71,1.10M,2022-06-13 19:59:59-04:00
2022-06-14,143.59,143.59,145.58,142.29,144.65,1.26M,2022-06-14 19:59:59-04:00
2022-06-15,144.61,144.61,145.51,142.25,142.73,1.29M,2022-06-15 19:59:59-04:00
2022-06-16,143.74,143.74,145.36,140.67,145.36,1.24M,2022-06-16 19:59:59-04:00
2022-06-17,144.3,144.3,144.99,142.56,143.54,854.89K,2022-06-17 19:59:59-04:00
2022-06-20,143.46,143.46,144.98,143.15,144.29,586.74K,2022-06-20 19:59:59-04:00
2022-06-21,143.33,143.33,144.01,143.05,143.29,782.89K,2022-06-21 19:59:59-04:00
2022-06-22,145.28,145.28,145.72,143.4,143.52,889.86K,2022-06-22 19:59:59-04:00
2022-06-23,148.19,148.19,148.45,144.81,145.24,1.21M,2022-06-23 19:59:59-04:00
2022-06-24,147.94,147.94,149.0,146.91,147.7,781.65K,2022-06-24 19:59:59-04:00
2022-06-27,146.49,146.49,147.82,146.03,147.76,603.12K,2022-06-27 19:59:59-04:00
2022-06-28,145.18,145.18,146.8,144.72,146.34,795.50K,2022-06-28 19:59:59-04:00
2022-06-29,146.99,146.99,147.37,145.14,145.36,839.07K,2022-06-29 19:59:59-04:00
2022-06-30,148.78,148.78,149.35,146.5,146.97,977.26K,2022-06-30 19:59:59-04:00
2022-07-01,150.85,150.85,151.65,148.24,148.76,955.05K,2022-07-01 19:59:59-04:00
2022-07-04,149.11,149.11,150.72,149.05,150.53,446.05K,2022-07-04 19:59:59-04:00
2022-07-05,151.24,151.24,151.45,148.72,149.24,804.11K,2022-07-05 19:59:59-04:00
2022-07-06,151.93,151.93,152.92,150.56,150.85,882.27K,2022-07-06 19:59:59-04:00
2022-07-07,150.55,150.55,151.65,150.15,151.33,809.46K,2022-07-07 19:59:59-04:00
2022-07-08,150.07,150.07,151.17,149.79,150.46,559.02K,2022-07-08 19:59:59-04:00
2022-07-11,151.4,151.4,151.67,149.75,149.9,467.79K,2022-07-11 19:59:59-04:00
2022-07-12,153.01,153.01,153.48,151.26,151.32,808.50K,2022-07-12 19:59:59-04:00
2022-07-13,152.62,152.62,153.17,151.66,152.7,781.00K,2022-07-13 19:59:59-04:00
2022-07-14,152.17,152.17,153.01,151.21,152.98,785.11K,2022-07-14 19:59:59-04:00
2022-07-15,153.1,153.1,153.8,152.26,152.84,578.80K,2022-07-15 19:59:59-04:00
2022-07-18,151.92,151.92,153.32,151.47,152.95,508.83K,2022-07-18 19:59:59-04:00
2022-07-19,151.1,151.1,152.6,150.62,152.2,695.48K,2022-07-19 19:59:59-04:00
2022-07-20,151.28,151.28,152.37,150.83,151.01,713.60K,2022-07-20 19:59:59-04:00
2022-07-21,152.18,152.18,152.38,149.69,151.88,917.64K,2022-07-21 19:59:59-04:00
2022-07-22,154.46,154.46,155.16,152.13,152.32,796.40K,2022-07-22 19:59:59-04:00
2022-07-25,154.75,154.75,154.86,153.78,154.21,503.03K,2022-07-25 19:59:59-04:00
2022-07-26,156.01,156.01,156.28,154.52,154.82,648.76K,2022-07-26 19:59:59-04:00
2022-07-27,156.16,156.16,156.24,155.36,155.8,645.61K,2022-07-27 19:59:59-04:00
2022-07-28,157.9,157.9,157.97,154.75,155.75,809.49K,2022-07-28 19:59:59-04:00
2022-07-29,157.64,157.64,157.93,156.21,157.48,811.72K,2022-07-29 19:59:59-04:00
2022-08-01,158.42,158.42,158.54,156.74,157.35,562.82K,2022-08-01 19:59:59-04:00
2022-08-02,158.1,158.1,159.7,157.1,158.57,680.97K,2022-08-02 19:59:59-04:00
2022-08-03,156.96,156.96,158.33,156.29,157.48,652.71K,2022-08-03 19:59:59-04:00
2022-08-04,157.9,157.9,158.28,156.66,157.39,581.39K,2022-08-04 19:59:59-04:00
2022-08-05,155.94,155.94,158.21,155.72,158.07,483.67K,2022-08-05 19:59:59-04:00
2022-08-08,156.71,156.71,157.12,155.86,155.97,364.17K,2022-08-08 19:59:59-04:00
2022-08-09,156.18,156.18,157.05,155.77,156.97,414.66K,2022-08-09 19:59:59-04:00
2022-08-10,156.86,156.86,157.74,156.04,156.37,525.72K,2022-08-10 19:59:59-04:00
2022-08-11,155.51,155.51,157.45,155.28,156.53,508.80K,2022-08-11 19:59:59-04:00
2022-08-12,155.34,155.34,155.92,154.88,155.36,418.94K,2022-08-12 19:59:59-04:00
2022-08-15,156.7,156.7,156.88,155.08,155.65,360.87K,2022-08-15 19:59:59-04:00
2022-08-16,155.53,155.53,156.78,155.31,156.69,451.78K,2022-08-16 19:59:59-04:00
2022-08-17,154.12,154.12,155.96,153.83,155.81,617.29K,2022-08-17 19:59:59-04:00
2022-08-18,154.16,154.16,154.47,153.24,154.2,530.65K,2022-08-18 19:59:59-04:00
2022-08-19,152.17,152.17,153.66,152.03,153.66,562.75K,2022-08-19 19:59:59-04:00
2022-08-22,151.36,151.36,152.84,151.03,152.16,599.34K,2022-08-22 19:59:59-04:00
2022-08-23,150.99,150.99,152.4,150.23,151.29,706.69K,2022-08-23 19:59:59-04:00
2022-08-24,150.26,150.26,151.06,150.02,150.69,598.80K,2022-08-24 19:59:59-04:00
2022-08-25,150.98,150.98,151.42,150.02,150.31,608.13K,2022-08-25 19:59:59-04:00
2022-08-26,149.96,149.96,151.24,149.35,151.2,660.56K,2022-08-26 19:59:59-04:00
2022-08-29,148.61,148.61,148.99,147.92,148.95,559.52K,2022-08-29 19:59:59-04:00
2022-08-30,148.2,148.2,149.32,147.86,148.63,869.15K,2022-08-30 19:59:59-04:00
2022-08-31,147.97,147.97,148.99,147.38,148.48,1.07M,2022-08-31 19:59:59-04:00
2022-09-01,147.39,147.39,147.83,146.78,147.49,1.25M,2022-09-01 19:59:59-04:00
2022-09-02,148.33,148.33,149.1,147.14,147.77,1.26M,2022-09-02 19:59:59-04:00
2022-09-05,147.73,147.73,149.25,147.37,149.07,1.09M,2022-09-05 19:59:59-04:00
2022-09-06,147.27,147.27,149.02,146.68,147.77,989.32K,2022-09-06 19:59:59-04:00
2022-09-07,147.53,147.53,147.88,146.74,147.02,69.55K,2022-09-07 19:59:59-04:00
2022-09-08,147.58,147.58,148.06,147.19,147.8,8.80K,2022-09-08 19:59:59-04:00
2022-09-09,143.57,143.57,144.48,142.46,143.14,853.72K,2022-09-09 19:59:59-04:00
2022-09-12,144.5,144.5,144.56,142.91,143.52,561.51K,2022-09-12 19:59:59-04:00
2022-09-13,143.39,143.39,144.47,143.0,144.17,754.33K,2022-09-13 19:59:59-04:00
2022-09-14,143.63,143.63,143.87,142.65,143.26,723.34K,2022-09-14 19:59:59-04:00
2022-09-15,143.22,143.22,143.63,142.74,143.58,724.96K,2022-09-15 19:59:59-04:00
2022-09-16,142.73,142.73,143.24,142.15,142.98,612.94K,2022-09-16 19:59:59-04:00
2022-09-19,142.62,142.62,143.26,142.18,143.19,352.18K,2022-09-19 19:59:59-04:00
2022-09-20,140.7,140.7,142.58,140.53,142.4,902.53K,2022-09-20 19:59:59-04:00
2022-09-21,141.2,141.2,141.98,140.73,140.86,760.75K,2022-09-21 19:59:59-04:00
2022-09-22,140.02,140.02,142.02,139.9,141.16,928.31K,2022-09-22 19:59:59-04:00
2022-09-23,139.48,139.48,140.99,138.45,140.14,1.10M,2022-09-23 19:59:59-04:00
2022-09-26,138.87,138.87,139.22,137.41,139.2,907.36K,2022-09-26 19:59:59-04:00
2022-09-27,137.14,137.14,139.29,136.62,137.7,1.22M,2022-09-27 19:59:59-04:00
2022-09-28,137.91,137.91,138.74,135.52,137.0,1.41M,2022-09-28 19:59:59-04:00
2022-09-29,137.5,137.5,138.49,136.22,138.33,989.18K,2022-09-29 19:59:59-04:00
2022-09-30,138.49,138.49,139.24,136.98,137.16,1.03M,2022-09-30 19:59:59-04:00
2022-10-03,141.18,141.18,141.39,138.05,138.29,852.83K,2022-10-03 19:59:59-04:00
2022-10-04,141.62,141.62,142.87,140.81,141.24,917.56K,2022-10-04 19:59:59-04:00
2022-10-05,139.76,139.76,141.74,139.52,141.5,826.80K,2022-10-05 19:59:59-04:00
2022-10-06,138.96,138.96,140.13,138.64,139.81,771.69K,2022-10-06 19:59:59-04:00
2022-10-07,137.67,137.67,138.91,137.35,138.9,655.01K,2022-10-07 19:59:59-04:00
2022-10-10,136.08,136.08,138.46,135.83,137.68,786.67K,2022-10-10 19:59:59-04:00
2022-10-11,136.45,136.45,136.77,135.56,136.55,876.45K,2022-10-11 19:59:59-04:00
2022-10-12,135.84,135.84,136.59,135.14,135.8,870.44K,2022-10-12 19:59:59-04:00
2022-10-13,136.22,136.22,137.54,135.15,136.29,999.51K,2022-10-13 19:59:59-04:00
2022-10-14,136.08,136.08,138.52,135.82,136.8,814.20K,2022-10-14 19:59:59-04:00
2022-10-17,136.88,136.88,137.65,136.12,136.37,504.84K,2022-10-17 19:59:59-04:00
2022-10-18,137.22,137.22,137.68,135.93,136.78,783.97K,2022-10-18 19:59:59-04:00
2022-10-19,136.1,136.1,137.28,135.6,137.2,759.34K,2022-10-19 19:59:59-04:00
2022-10-20,135.7,135.7,136.15,134.86,135.6,733.16K,2022-10-20 19:59:59-04:00
2022-10-21,135.12,135.12,135.64,134.02,135.0,811.03K,2022-10-21 19:59:59-04:00
2022-10-24,136.16,136.16,136.82,135.23,135.53,776.97K,2022-10-24 19:59:59-04:00
2022-10-25,138.21,138.21,138.45,136.46,136.46,757.85K,2022-10-25 19:59:59-04:00
2022-10-26,138.87,138.87,139.05,137.69,138.24,782.22K,2022-10-26 19:59:59-04:00
2022-10-27,140.26,140.26,140.83,137.57,138.92,924.24K,2022-10-27 19:59:59-04:00
2022-10-28,139.33,139.33,140.92,138.29,140.86,802.58K,2022-10-28 19:59:59-04:00
2022-10-31,138.44,138.44,139.15,138.12,138.85,662.65K,2022-10-31 19:59:59-04:00
2022-11-01,138.84,138.84,139.95,138.41,138.48,636.53K,2022-11-01 19:59:59-04:00
2022-11-02,138.64,138.64,139.24,138.09,138.75,541.67K,2022-11-02 19:59:59-04:00
2022-11-03,137.21,137.21,138.07,136.71,138.0,752.54K,2022-11-03 19:59:59-04:00
2022-11-04,136.72,136.72,137.91,136.38,137.42,610.21K,2022-11-04 19:59:59-04:00
2022-11-07,136.45,136.45,137.16,136.08,136.83,545.09K,2022-11-07 18:59:59-05:00
2022-11-08,137.09,137.09,137.32,135.76,136.14,673.54K,2022-11-08 18:59:59-05:00
2022-11-09,138.2,138.2,138.46,136.92,137.1,717.50K,2022-11-09 18:59:59-05:00
2022-11-10,140.5,140.5,140.72,137.97,138.57,891.49K,2022-11-10 18:59:59-05:00
2022-11-11,138.52,138.52,140.38,138.4,140.32,601.22K,2022-11-11 18:59:59-05:00
2022-11-14,138.54,138.54,139.26,138.26,138.41,541.01K,2022-11-14 18:59:59-05:00
2022-11-15,139.33,139.33,139.92,138.38,138.62,842.09K,2022-11-15 18:59:59-05:00
2022-11-16,140.38,140.38,140.86,138.7,139.71,763.84K,2022-11-16 18:59:59-05:00
2022-11-17,140.01,140.01,141.09,139.73,140.7,701.19K,2022-11-17 18:59:59-05:00
2022-11-18,140.18,140.18,140.5,139.17,140.01,531.38K,2022-11-18 18:59:59-05:00
2022-11-21,140.42,140.42,140.88,139.55,140.14,513.83K,2022-11-21 18:59:59-05:00
2022-11-22,140.39,140.39,140.64,139.89,140.06,520.57K,2022-11-22 18:59:59-05:00
2022-11-23,141.15,141.15,141.3,139.77,140.47,705.16K,2022-11-23 18:59:59-05:00
2022-11-24,142.14,142.14,142.6,141.2,141.2,515.88K,2022-11-24 18:59:59-05:00
2022-11-25,140.49,140.49,142.03,140.34,142.03,560.17K,2022-11-25 18:59:59-05:00
2022-11-28,140.42,140.42,141.42,139.78,140.8,610.24K,2022-11-28 18:59:59-05:00
2022-11-29,141.38,141.38,141.74,140.08,140.37,810.58K,2022-11-29 18:59:59-05:00
2022-11-30,140.88,140.88,141.7,140.5,141.01,944.93K,2022-11-30 18:59:59-05:00
2022-12-01,142.43,142.43,142.77,141.67,141.86,1.50M,2022-12-01 18:59:59-05:00
2022-12-02,141.89,141.89,143.18,141.74,142.65,1.22M,2022-12-02 18:59:59-05:00
2022-12-05,141.77,141.77,142.47,141.46,142.06,1.13M,2022-12-05 18:59:59-05:00
2022-12-06,142.64,142.64,143.02,141.35,141.85,778.63K,2022-12-06 18:59:59-05:00
2022-12-07,142.64,142.64,143.38,142.17,142.76,117.68K,2022-12-07 18:59:59-05:00
2022-12-08,142.74,142.74,142.96,142.49,142.79,9.06K,2022-12-08 18:59:59-05:00
2022-12-09,140.52,140.52,141.94,140.35,141.61,592.72K,2022-12-09 18:59:59-05:00
2022-12-12,140.48,140.48,141.17,139.96,140.41,477.78K,2022-12-12 18:59:59-05:00
2022-12-13,140.84,140.84,141.7,139.77,140.17,717.72K,2022-12-13 18:59:59-05:00
2022-12-14,140.45,140.45,141.06,139.65,140.62,736.38K,2022-12-14 18:59:59-05:00
2022-12-15,138.65,138.65,140.78,138.12,140.06,1.08M,2022-12-15 18:59:59-05:00
2022-12-16,137.43,137.43,138.62,136.96,138.46,861.13K,2022-12-16 18:59:59-05:00
2022-12-19,137.15,137.15,137.76,136.81,137.57,444.31K,2022-12-19 18:59:59-05:00
2022-12-20,135.91,135.91,137.22,135.78,137.2,591.65K,2022-12-20 18:59:59-05:00
2022-12-21,135.88,135.88,136.32,135.6,135.84,449.48K,2022-12-21 18:59:59-05:00
2022-12-22,135.31,135.31,136.2,134.98,135.86,395.32K,2022-12-22 18:59:59-05:00
2022-12-23,134.95,134.95,135.41,134.62,135.38,317.81K,2022-12-23 18:59:59-05:00
2022-12-27,133.45,133.45,134.75,133.25,134.69,298.02K,2022-12-27 18:59:59-05:00
2022-12-28,133.52,133.52,134.11,133.29,133.48,347.55K,2022-12-28 18:59:59-05:00
2022-12-29,133.99,133.99,134.42,133.35,133.5,309.23K,2022-12-29 18:59:59-05:00
2022-12-30,132.93,132.93,134.19,132.72,134.15,380.11K,2022-12-30 18:59:59-05:00
2023-01-02,134.32,134.32,134.54,132.6,132.73,225.59K,2023-01-02 18:59:59-05:00
2023-01-03,135.08,135.08,135.55,133.79,134.19,776.52K,2023-01-03 18:59:59-05:00
2023-01-04,136.47,136.47,136.67,135.08,135.34,924.57K,2023-01-04 18:59:59-05:00
2023-01-05,135.99,135.99,136.48,135.55,136.3,900.05K,2023-01-05 18:59:59-05:00
2023-01-06,137.43,137.43,137.47,135.74,136.08,750.48K,2023-01-06 18:59:59-05:00
2023-01-09,137.03,137.03,137.38,136.4,137.13,718.27K,2023-01-09 18:59:59-05:00
2023-01-10,136.2,136.2,136.93,136.04,136.86,762.24K,2023-01-10 18:59:59-05:00
2023-01-11,137.64,137.64,137.98,136.46,136.51,973.97K,2023-01-11 18:59:59-05:00
2023-01-12,138.22,138.22,139.09,137.63,137.84,1.01M,2023-01-12 18:59:59-05:00
2023-01-13,138.31,138.31,139.06,138.01,138.45,657.24K,2023-01-13 18:59:59-05:00
2023-01-16,138.21,138.21,138.36,137.53,137.94,474.42K,2023-01-16 18:59:59-05:00
2023-01-17,139.26,139.26,139.52,137.66,138.22,952.61K,2023-01-17 18:59:59-05:00
2023-01-18,140.3,140.3,140.68,138.97,139.13,962.28K,2023-01-18 18:59:59-05:00
2023-01-19,139.55,139.55,140.73,139.12,140.27,916.22K,2023-01-19 18:59:59-05:00
2023-01-20,138.27,138.27,139.55,138.12,139.35,714.07K,2023-01-20 18:59:59-05:00
2023-01-23,137.97,137.97,138.44,137.66,138.16,615.87K,2023-01-23 18:59:59-05:00
2023-01-24,138.33,138.33,138.49,137.54,137.88,815.99K,2023-01-24 18:59:59-05:00
2023-01-25,138.36,138.36,139.36,138.2,138.5,890.48K,2023-01-25 18:59:59-05:00
2023-01-26,137.75,137.75,138.62,137.7,138.62,692.83K,2023-01-26 18:59:59-05:00
2023-01-27,137.44,137.44,137.78,136.88,137.78,647.11K,2023-01-27 18:59:59-05:00
2023-01-30,136.7,136.7,137.93,136.38,137.54,711.33K,2023-01-30 18:59:59-05:00
2023-01-31,136.82,136.82,137.3,136.49,136.66,892.04K,2023-01-31 18:59:59-05:00
2023-02-01,136.75,136.75,137.5,136.66,136.92,708.93K,2023-02-01 18:59:59-05:00
2023-02-02,139.83,139.83,139.86,137.0,137.11,1.24M,2023-02-02 18:59:59-05:00
2023-02-03,138.05,138.05,139.65,137.7,139.56,1.00M,2023-02-03 18:59:59-05:00
2023-02-06,136.91,136.91,137.79,136.7,137.66,693.49K,2023-02-06 18:59:59-05:00
2023-02-07,136.7,136.7,137.03,135.86,136.83,884.27K,2023-02-07 18:59:59-05:00
2023-02-08,136.02,136.02,136.42,135.62,136.13,873.47K,2023-02-08 18:59:59-05:00
2023-02-09,136.66,136.66,137.38,135.96,136.35,762.99K,2023-02-09 18:59:59-05:00
2023-02-10,135.91,135.91,136.48,135.84,136.28,663.54K,2023-02-10 18:59:59-05:00
2023-02-13,135.84,135.84,136.3,135.59,135.99,582.26K,2023-02-13 18:59:59-05:00
2023-02-14,135.21,135.21,136.56,135.02,136.1,924.26K,2023-02-14 18:59:59-05:00
2023-02-15,134.74,134.74,135.6,134.64,135.29,836.79K,2023-02-15 18:59:59-05:00
2023-02-16,134.54,134.54,135.11,134.22,134.74,754.05K,2023-02-16 18:59:59-05:00
2023-02-17,134.89,134.89,135.33,133.67,134.5,828.76K,2023-02-17 18:59:59-05:00
2023-02-20,134.86,134.86,135.32,134.81,135.21,388.65K,2023-02-20 18:59:59-05:00
2023-02-21,133.95,133.95,134.97,133.76,134.87,806.80K,2023-02-21 18:59:59-05:00
2023-02-22,134.32,134.32,134.43,133.63,133.9,806.33K,2023-02-22 18:59:59-05:00
2023-02-23,134.66,134.66,134.91,133.78,134.18,831.94K,2023-02-23 18:59:59-05:00
2023-02-24,134.05,134.05,135.3,133.67,134.82,874.92K,2023-02-24 18:59:59-05:00
2023-02-27,133.63,133.63,134.36,133.4,134.19,702.68K,2023-02-27 18:59:59-05:00
2023-02-28,132.91,132.91,133.61,132.06,133.55,1.31M,2023-02-28 18:59:59-05:00
2023-03-01,132.0,132.0,132.99,131.76,132.56,1.27M,2023-03-01 18:59:59-05:00
2023-03-02,131.7,131.7,132.13,131.31,131.82,1.59M,2023-03-02 18:59:59-05:00
2023-03-03,131.71,131.71,132.25,131.43,131.49,1.08M,2023-03-03 18:59:59-05:00
2023-03-06,131.86,131.86,132.74,131.45,132.27,818.87K,2023-03-06 18:59:59-05:00
2023-03-07,132.07,132.07,132.67,131.49,131.65,113.22K,2023-03-07 18:59:59-05:00
2023-03-08,132.41,132.41,132.43,131.67,131.93,15.69K,2023-03-08 18:59:59-05:00
2023-03-09,131.69,131.69,132.28,131.07,131.74,719.29K,2023-03-09 18:59:59-05:00
2023-03-10,133.73,133.73,134.23,132.37,132.37,1.13M,2023-03-10 18:59:59-05:00
2023-03-13,136.2,136.2,137.24,133.17,133.61,1.84M,2023-03-13 19:59:59-04:00
2023-03-14,133.96,133.96,137.03,133.82,136.12,1.22M,2023-03-14 19:59:59-04:00
2023-03-15,137.62,137.62,137.97,133.33,133.91,1.69M,2023-03-15 19:59:59-04:00
2023-03-16,136.55,136.55,137.89,135.73,136.97,1.28M,2023-03-16 19:59:59-04:00
2023-03-17,138.2,138.2,138.48,135.76,135.94,923.22K,2023-03-17 19:59:59-04:00
2023-03-20,137.97,137.97,140.3,137.1,137.6,955.94K,2023-03-20 19:59:59-04:00
2023-03-21,136.02,136.02,138.42,135.88,138.04,879.41K,2023-03-21 19:59:59-04:00
2023-03-22,135.41,135.41,136.62,134.8,136.04,856.47K,2023-03-22 19:59:59-04:00
2023-03-23,137.04,137.04,137.86,135.8,136.31,772.69K,2023-03-23 19:59:59-04:00
2023-03-24,138.0,138.0,139.54,137.35,137.4,1.03M,2023-03-24 19:59:59-04:00
2023-03-27,136.93,136.93,137.85,136.17,137.55,778.06K,2023-03-27 19:59:59-04:00
2023-03-28,136.02,136.02,136.56,135.55,136.42,757.04K,2023-03-28 19:59:59-04:00
2023-03-29,135.87,135.87,136.3,135.45,135.81,651.04K,2023-03-29 19:59:59-04:00
2023-03-30,135.22,135.22,136.77,134.76,135.63,834.47K,2023-03-30 19:59:59-04:00
2023-03-31,135.84,135.84,136.24,134.7,135.35,800.98K,2023-03-31 19:59:59-04:00
2023-04-03,136.58,136.58,136.67,135.15,135.9,640.86K,2023-04-03 19:59:59-04:00
2023-04-04,136.29,136.29,136.6,135.39,136.52,702.34K,2023-04-04 19:59:59-04:00
2023-04-05,137.28,137.28,137.49,135.85,136.48,843.36K,2023-04-05 19:59:59-04:00
2023-04-06,137.3,137.3,138.09,136.95,137.11,679.79K,2023-04-06 19:59:59-04:00
2023-04-07,137.28,137.28,137.28,137.28,137.28,,2023-04-07 19:59:59-04:00
2023-04-11,135.87,135.87,136.88,135.71,136.62,529.64K,2023-04-11 19:59:59-04:00
2023-04-12,135.15,135.15,136.44,134.66,135.94,832.93K,2023-04-12 19:59:59-04:00
2023-04-13,135.12,135.12,135.52,134.7,135.32,709.18K,2023-04-13 19:59:59-04:00
2023-04-14,134.39,134.39,135.28,134.2,134.98,715.04K,2023-04-14 19:59:59-04:00
2023-04-17,133.68,133.68,134.5,133.6,134.22,592.71K,2023-04-17 19:59:59-04:00
2023-04-18,133.96,133.96,134.26,133.49,133.83,708.47K,2023-04-18 19:59:59-04:00
2023-04-19,133.43,133.43,133.76,133.1,133.67,660.74K,2023-04-19 19:59:59-04:00
2023-04-20,134.01,134.01,134.19,133.42,133.55,705.12K,2023-04-20 19:59:59-04:00
2023-04-21,133.59,133.59,134.41,133.54,134.02,581.74K,2023-04-21 19:59:59-04:00
2023-04-24,133.69,133.69,134.21,133.28,133.71,542.91K,2023-04-24 19:59:59-04:00
2023-04-25,135.02,135.02,135.46,133.51,133.54,948.48K,2023-04-25 19:59:59-04:00
2023-04-26,134.99,134.99,135.74,134.52,135.08,980.41K,2023-04-26 19:59:59-04:00
2023-04-27,134.12,134.12,134.87,133.89,134.72,707.99K,2023-04-27 19:59:59-04:00
2023-04-28,135.56,135.56,135.68,133.64,133.89,969.28K,2023-04-28 19:59:59-04:00
2023-05-02,136.24,136.24,136.37,134.35,135.01,884.20K,2023-05-02 19:59:59-04:00
2023-05-03,136.3,136.3,136.7,135.91,136.26,744.37K,2023-05-03 19:59:59-04:00
2023-05-04,136.96,136.96,137.22,135.62,136.61,1.04M,2023-05-04 19:59:59-04:00
2023-05-05,135.91,135.91,136.74,135.68,136.63,630.74K,2023-05-05 19:59:59-04:00
2023-05-08,135.54,135.54,136.21,135.21,136.04,321.32K,2023-05-08 19:59:59-04:00
2023-05-09,135.4,135.4,135.9,135.12,135.46,660.44K,2023-05-09 19:59:59-04:00
2023-05-10,135.96,135.96,136.15,134.99,135.23,766.63K,2023-05-10 19:59:59-04:00
2023-05-11,136.73,136.73,137.29,135.78,135.95,869.15K,2023-05-11 19:59:59-04:00
2023-05-12,136.2,136.2,136.75,135.98,136.62,476.60K,2023-05-12 19:59:59-04:00
2023-05-15,135.78,135.78,136.06,135.61,136.01,562.46K,2023-05-15 19:59:59-04:00
2023-05-16,135.3,135.3,136.38,135.14,135.85,778.33K,2023-05-16 19:59:59-04:00
2023-05-17,135.47,135.47,135.88,135.19,135.39,649.59K,2023-05-17 19:59:59-04:00
2023-05-18,134.03,134.03,135.44,133.85,135.34,628.31K,2023-05-18 19:59:59-04:00
2023-05-19,134.24,134.24,134.52,133.5,133.9,685.42K,2023-05-19 19:59:59-04:00
2023-05-22,133.98,133.98,134.68,133.89,134.22,602.53K,2023-05-22 19:59:59-04:00
2023-05-23,133.87,133.87,134.15,133.53,134.08,755.63K,2023-05-23 19:59:59-04:00
2023-05-24,134.07,134.07,134.45,133.46,134.05,751.09K,2023-05-24 19:59:59-04:00
2023-05-25,133.62,133.62,134.22,132.95,133.76,854.67K,2023-05-25 19:59:59-04:00
2023-05-26,132.94,132.94,133.54,132.83,133.08,711.02K,2023-05-26 19:59:59-04:00
2023-05-29,134.22,134.22,134.34,133.05,133.05,259.45K,2023-05-29 19:59:59-04:00
2023-05-30,135.19,135.19,135.47,134.15,134.26,839.62K,2023-05-30 19:59:59-04:00
2023-05-31,136.05,136.05,136.4,135.31,135.31,1.22M,2023-05-31 19:59:59-04:00
2023-06-01,136.2,136.2,136.59,135.6,136.06,1.13M,2023-06-01 19:59:59-04:00
2023-06-02,135.64,135.64,136.36,135.45,136.36,1.23M,2023-06-02 19:59:59-04:00
2023-06-05,134.84,134.84,135.43,134.58,135.43,1.17M,2023-06-05 19:59:59-04:00
2023-06-06,134.8,134.8,135.65,134.53,134.89,668.14K,2023-06-06 19:59:59-04:00
2023-06-07,134.17,134.17,135.38,133.91,135.25,99.97K,2023-06-07 19:59:59-04:00
2023-06-08,133.95,133.95,134.15,133.71,134.02,4.78K,2023-06-08 19:59:59-04:00
2023-06-09,134.19,134.19,134.37,133.51,133.78,586.76K,2023-06-09 19:59:59-04:00
2023-06-12,134.2,134.2,134.77,133.91,134.2,677.61K,2023-06-12 19:59:59-04:00
2023-06-13,133.65,133.65,134.62,133.18,134.35,893.73K,2023-06-13 19:59:59-04:00
2023-06-14,133.29,133.29,133.71,132.9,133.35,723.18K,2023-06-14 19:59:59-04:00
2023-06-15,132.69,132.69,133.44,132.2,133.26,1.07M,2023-06-15 19:59:59-04:00
2023-06-16,133.15,133.15,133.24,132.18,132.77,754.74K,2023-06-16 19:59:59-04:00
2023-06-19,132.41,132.41,133.53,132.4,133.25,451.63K,2023-06-19 19:59:59-04:00
2023-06-20,133.77,133.77,133.88,132.54,132.58,709.53K,2023-06-20 19:59:59-04:00
2023-06-21,133.42,133.42,133.85,133.12,133.69,691.01K,2023-06-21 19:59:59-04:00
2023-06-22,132.68,132.68,133.71,132.47,133.65,747.98K,2023-06-22 19:59:59-04:00
2023-06-23,134.28,134.28,134.68,132.73,132.78,878.76K,2023-06-23 19:59:59-04:00
2023-06-26,134.76,134.76,134.94,134.04,134.26,712.28K,2023-06-26 19:59:59-04:00
2023-06-27,134.16,134.16,135.0,134.08,134.82,707.96K,2023-06-27 19:59:59-04:00
2023-06-28,134.58,134.58,134.85,133.92,134.24,723.19K,2023-06-28 19:59:59-04:00
2023-06-29,133.64,133.64,134.78,133.33,134.78,807.32K,2023-06-29 19:59:59-04:00
2023-06-30,133.74,133.74,133.93,133.09,133.52,774.56K,2023-06-30 19:59:59-04:00
2023-07-03,133.37,133.37,134.14,133.13,133.62,630.89K,2023-07-03 19:59:59-04:00
2023-07-04,133.06,133.06,133.4,132.8,133.33,535.55K,2023-07-04 19:59:59-04:00
2023-07-05,132.87,132.87,133.68,132.49,133.24,730.74K,2023-07-05 19:59:59-04:00
2023-07-06,131.19,131.19,132.65,130.97,132.55,1.11M,2023-07-06 19:59:59-04:00
2023-07-07,131.12,131.12,131.51,130.61,131.32,771.31K,2023-07-07 19:59:59-04:00
2023-07-10,131.07,131.07,131.25,130.6,131.02,546.49K,2023-07-10 19:59:59-04:00
2023-07-11,130.95,130.95,131.58,130.82,131.17,683.72K,2023-07-11 19:59:59-04:00
2023-07-12,131.95,131.95,132.13,130.99,131.15,754.14K,2023-07-12 19:59:59-04:00
2023-07-13,132.83,132.83,133.3,131.92,132.05,859.07K,2023-07-13 19:59:59-04:00
2023-07-14,132.81,132.81,133.24,132.65,133.16,489.34K,2023-07-14 19:59:59-04:00
2023-07-17,132.99,132.99,133.47,132.6,132.78,479.14K,2023-07-17 19:59:59-04:00
2023-07-18,134.26,134.26,134.32,133.08,133.08,777.51K,2023-07-18 19:59:59-04:00
2023-07-19,133.7,133.7,134.88,133.5,134.03,876.39K,2023-07-19 19:59:59-04:00
2023-07-20,133.01,133.01,133.87,132.83,133.85,713.29K,2023-07-20 19:59:59-04:00
2023-07-21,133.33,133.33,133.44,132.8,132.93,468.83K,2023-07-21 19:59:59-04:00
2023-07-24,133.72,133.72,134.01,132.97,133.12,587.27K,2023-07-24 19:59:59-04:00
2023-07-25,133.49,133.49,133.77,133.14,133.52,517.82K,2023-07-25 19:59:59-04:00
2023-07-26,133.02,133.02,133.67,132.81,133.54,594.75K,2023-07-26 19:59:59-04:00
2023-07-27,132.99,132.99,133.92,132.34,133.14,898.76K,2023-07-27 19:59:59-04:00
2023-07-28,132.98,132.98,133.34,131.81,132.51,897.45K,2023-07-28 19:59:59-04:00
2023-07-31,133.0,133.0,133.05,132.42,132.82,610.52K,2023-07-31 19:59:59-04:00
2023-08-01,132.22,132.22,133.06,132.1,132.92,540.22K,2023-08-01 19:59:59-04:00
2023-08-02,132.45,132.45,132.87,132.21,132.34,677.66K,2023-08-02 19:59:59-04:00
2023-08-03,131.91,131.91,132.53,131.65,132.53,866.84K,2023-08-03 19:59:59-04:00
2023-08-04,132.01,132.01,132.36,131.12,131.82,697.47K,2023-08-04 19:59:59-04:00
2023-08-07,131.8,131.8,132.39,131.33,132.25,553.60K,2023-08-07 19:59:59-04:00
2023-08-08,133.2,133.2,133.45,131.82,131.82,718.43K,2023-08-08 19:59:59-04:00
2023-08-09,132.87,132.87,133.44,132.57,133.26,566.43K,2023-08-09 19:59:59-04:00
2023-08-10,132.43,132.43,132.91,131.97,132.75,470.63K,2023-08-10 19:59:59-04:00
2023-08-11,131.47,131.47,132.17,131.32,132.0,556.20K,2023-08-11 19:59:59-04:00
2023-08-14,131.27,131.27,131.67,131.13,131.31,389.57K,2023-08-14 19:59:59-04:00
2023-08-15,130.83,130.83,131.26,130.14,131.14,607.90K,2023-08-15 19:59:59-04:00
2023-08-16,131.16,131.16,131.29,130.65,130.65,530.54K,2023-08-16 19:59:59-04:00
2023-08-17,130.62,130.62,130.89,130.4,130.87,519.68K,2023-08-17 19:59:59-04:00
2023-08-18,131.41,131.41,131.73,130.76,130.8,585.62K,2023-08-18 19:59:59-04:00
2023-08-21,130.52,130.52,131.41,130.46,131.29,456.19K,2023-08-21 19:59:59-04:00
2023-08-22,131.11,131.11,131.31,130.54,130.55,497.71K,2023-08-22 19:59:59-04:00
2023-08-23,132.56,132.56,132.82,131.2,131.2,916.08K,2023-08-23 19:59:59-04:00
2023-08-24,132.49,132.49,133.36,132.34,132.76,600.76K,2023-08-24 19:59:59-04:00
2023-08-25,132.1,132.1,132.57,131.86,132.47,540.29K,2023-08-25 19:59:59-04:00
2023-08-28,131.91,131.91,132.33,131.7,132.01,330.28K,2023-08-28 19:59:59-04:00
2023-08-29,132.51,132.51,132.75,131.91,132.15,710.94K,2023-08-29 19:59:59-04:00
2023-08-30,132.33,132.33,132.56,131.78,132.48,883.08K,2023-08-30 19:59:59-04:00
2023-08-31,133.19,133.19,133.24,131.83,132.07,1.16M,2023-08-31 19:59:59-04:00
2023-09-01,132.38,132.38,133.34,132.18,133.07,1.15M,2023-09-01 19:59:59-04:00
2023-09-04,131.86,131.86,132.37,131.79,132.37,1.05M,2023-09-04 19:59:59-04:00
2023-09-05,131.57,131.57,131.98,131.33,131.83,793.70K,2023-09-05 19:59:59-04:00
2023-09-06,130.99,130.99,131.69,130.89,131.39,135.54K,2023-09-06 19:59:59-04:00
2023-09-07,131.16,131.16,131.34,130.94,131.01,13.32K,2023-09-07 19:59:59-04:00
2023-09-08,131.09,131.09,131.47,130.79,130.99,516.85K,2023-09-08 19:59:59-04:00
2023-09-11,130.64,130.64,130.92,130.6,130.84,410.54K,2023-09-11 19:59:59-04:00
2023-09-12,130.63,130.63,130.99,130.45,130.63,524.77K,2023-09-12 19:59:59-04:00
2023-09-13,130.43,130.43,130.74,129.95,130.35,723.95K,2023-09-13 19:59:59-04:00
2023-09-14,131.23,131.23,131.49,130.39,130.6,927.43K,2023-09-14 19:59:59-04:00
2023-09-15,130.31,130.31,131.27,130.21,131.11,700.19K,2023-09-15 19:59:59-04:00
2023-09-18,129.76,129.76,130.24,129.73,130.2,566.63K,2023-09-18 19:59:59-04:00
2023-09-19,129.56,129.56,130.1,129.39,129.99,670.79K,2023-09-19 19:59:59-04:00
2023-09-20,129.89,129.89,129.97,129.3,129.37,659.88K,2023-09-20 19:59:59-04:00
2023-09-21,129.6,129.6,129.73,129.11,129.45,866.98K,2023-09-21 19:59:59-04:00
2023-09-22,129.56,129.56,130.19,129.24,129.6,761.15K,2023-09-22 19:59:59-04:00
2023-09-25,129.02,129.02,129.56,128.78,129.54,820.33K,2023-09-25 19:59:59-04:00
2023-09-26,128.89,128.89,129.3,128.69,128.83,845.60K,2023-09-26 19:59:59-04:00
2023-09-27,128.64,128.64,129.23,128.06,128.93,936.11K,2023-09-27 19:59:59-04:00
2023-09-28,127.09,127.09,128.59,127.01,128.32,1.49M,2023-09-28 19:59:59-04:00
2023-09-29,128.64,128.64,128.79,127.46,127.63,1.18M,2023-09-29 19:59:59-04:00
2023-10-02,127.75,127.75,128.5,127.62,128.17,696.18K,2023-10-02 19:59:59-04:00
2023-10-03,127.28,127.28,127.95,127.1,127.66,918.84K,2023-10-03 19:59:59-04:00
2023-10-04,127.37,127.37,127.75,126.62,127.17,1.08M,2023-10-04 19:59:59-04:00
2023-10-05,128.07,128.07,128.28,127.21,127.53,971.52K,2023-10-05 19:59:59-04:00
2023-10-06,127.94,127.94,128.17,127.31,128.14,926.43K,2023-10-06 19:59:59-04:00
2023-10-09,129.25,129.25,129.45,127.93,128.17,814.30K,2023-10-09 19:59:59-04:00
2023-10-10,129.15,129.15,129.47,128.61,129.3,1.09M,2023-10-10 19:59:59-04:00
2023-10-11,129.78,129.78,129.99,129.03,129.19,1.18M,2023-10-11 19:59:59-04:00
2023-10-12,129.16,129.16,130.2,128.76,129.92,1.06M,2023-10-12 19:59:59-04:00
2023-10-13,129.52,129.52,129.96,128.82,128.92,878.09K,2023-10-13 19:59:59-04:00
2023-10-16,129.08,129.08,129.59,128.92,129.49,694.18K,2023-10-16 19:59:59-04:00
2023-10-17,128.09,128.09,129.14,127.96,129.05,1.03M,2023-10-17 19:59:59-04:00
2023-10-18,127.61,127.61,128.28,127.56,128.09,929.35K,2023-10-18 19:59:59-04:00
2023-10-19,127.53,127.53,127.88,127.28,127.67,1.05M,2023-10-19 19:59:59-04:00
2023-10-20,128.09,128.09,128.13,127.48,127.52,802.79K,2023-10-20 19:59:59-04:00
2023-10-23,128.16,128.16,128.36,127.18,127.76,847.81K,2023-10-23 19:59:59-04:00
2023-10-24,128.56,128.56,129.12,128.22,128.27,963.33K,2023-10-24 19:59:59-04:00
2023-10-25,128.13,128.13,129.02,127.83,128.78,791.11K,2023-10-25 19:59:59-04:00
2023-10-26,128.47,128.47,128.79,127.56,127.9,1.00M,2023-10-26 19:59:59-04:00
2023-10-27,128.65,128.65,128.96,128.31,128.67,805.80K,2023-10-27 19:59:59-04:00
2023-10-30,128.73,128.73,129.43,128.45,128.73,885.09K,2023-10-30 19:59:59-04:00
2023-10-31,128.99,128.99,129.47,128.5,128.68,1.21M,2023-10-31 19:59:59-04:00
2023-11-01,129.45,129.45,129.85,128.42,128.55,1.02M,2023-11-01 19:59:59-04:00
2023-11-02,129.91,129.91,130.39,129.48,129.89,1.40M,2023-11-02 19:59:59-04:00
2023-11-03,130.54,130.54,130.76,129.67,129.9,1.15M,2023-11-03 19:59:59-04:00
2023-11-06,129.68,129.68,130.38,129.41,130.34,777.21K,2023-11-06 18:59:59-05:00
2023-11-07,130.33,130.33,130.56,129.35,129.6,980.49K,2023-11-07 18:59:59-05:00
2023-11-08,130.73,130.73,130.92,130.25,130.45,1.13M,2023-11-08 18:59:59-05:00
2023-11-09,130.44,130.44,130.93,129.77,130.8,950.92K,2023-11-09 18:59:59-05:00
2023-11-10,129.82,129.82,130.13,129.45,129.73,901.48K,2023-11-10 18:59:59-05:00
2023-11-13,129.64,129.64,129.99,129.35,129.61,779.62K,2023-11-13 18:59:59-05:00
2023-11-14,130.88,130.88,130.98,129.6,129.69,1.15M,2023-11-14 18:59:59-05:00
2023-11-15,130.64,130.64,131.22,130.36,130.96,1.16M,2023-11-15 18:59:59-05:00
2023-11-16,131.2,131.2,131.28,130.56,130.64,1.02M,2023-11-16 18:59:59-05:00
2023-11-17,131.04,131.04,131.74,130.9,131.09,902.87K,2023-11-17 18:59:59-05:00
2023-11-20,130.68,130.68,131.0,130.47,130.98,737.29K,2023-11-20 18:59:59-05:00
2023-11-21,131.26,131.26,131.4,130.79,130.89,882.15K,2023-11-21 18:59:59-05:00
2023-11-22,131.22,131.22,131.71,130.88,131.21,974.25K,2023-11-22 18:59:59-05:00
2023-11-23,130.58,130.58,131.36,130.51,131.26,726.06K,2023-11-23 18:59:59-05:00
2023-11-24,130.32,130.32,130.63,130.11,130.54,618.96K,2023-11-24 18:59:59-05:00
2023-11-27,131.32,131.32,131.43,130.16,130.35,739.46K,2023-11-27 18:59:59-05:00
2023-11-28,131.93,131.93,131.97,131.1,131.27,930.54K,2023-11-28 18:59:59-05:00
2023-11-29,132.71,132.71,132.79,131.95,132.0,1.27M,2023-11-29 18:59:59-05:00
2023-11-30,132.29,132.29,132.96,131.94,132.75,1.46M,2023-11-30 18:59:59-05:00
2023-12-01,133.22,133.22,133.53,132.23,132.47,1.71M,2023-12-01 18:59:59-05:00
2023-12-04,133.45,133.45,133.81,133.03,133.32,1.71M,2023-12-04 18:59:59-05:00
2023-12-05,134.53,134.53,134.59,133.5,133.53,1.24M,2023-12-05 18:59:59-05:00
2023-12-06,134.91,134.91,135.08,134.11,134.55,158.52K,2023-12-06 18:59:59-05:00
2023-12-07,135.12,135.12,135.21,134.42,134.9,9.03K,2023-12-07 18:59:59-05:00
2023-12-08,134.68,134.68,135.46,134.37,135.38,894.13K,2023-12-08 18:59:59-05:00
2023-12-11,134.63,134.63,134.89,134.53,134.71,583.96K,2023-12-11 18:59:59-05:00
2023-12-12,135.08,135.08,135.6,134.8,134.8,800.86K,2023-12-12 18:59:59-05:00
2023-12-13,135.67,135.67,136.52,135.07,135.08,815.89K,2023-12-13 18:59:59-05:00
2023-12-14,136.22,136.22,137.28,135.84,136.39,1.33M,2023-12-14 18:59:59-05:00
2023-12-15,137.33,137.33,137.48,135.81,136.13,952.57K,2023-12-15 18:59:59-05:00
2023-12-18,136.74,136.74,137.49,136.59,137.2,591.20K,2023-12-18 18:59:59-05:00
2023-12-19,137.4,137.4,137.47,136.77,136.84,642.56K,2023-12-19 18:59:59-05:00
2023-12-20,137.82,137.82,138.12,137.33,137.35,653.48K,2023-12-20 18:59:59-05:00
2023-12-21,137.95,137.95,138.21,137.63,138.05,674.62K,2023-12-21 18:59:59-05:00
2023-12-22,137.9,137.9,138.11,137.58,137.78,389.20K,2023-12-22 18:59:59-05:00
2023-12-27,138.64,138.64,138.84,137.67,137.69,354.37K,2023-12-27 18:59:59-05:00
2023-12-28,138.31,138.31,138.72,138.01,138.72,403.61K,2023-12-28 18:59:59-05:00
2023-12-29,137.22,137.22,138.37,137.07,138.14,474.44K,2023-12-29 18:59:59-05:00
2024-01-02,136.89,136.89,137.21,136.25,137.14,951.65K,2024-01-02 18:59:59-05:00
2024-01-03,137.19,137.19,137.63,136.31,136.68,969.49K,2024-01-03 18:59:59-05:00
2024-01-04,136.31,136.31,137.96,135.89,137.42,1.21M,2024-01-04 18:59:59-05:00
2024-01-05,136.03,136.03,136.16,135.06,136.01,1.00M,2024-01-05 18:59:59-05:00
2024-01-08,136.05,136.05,136.16,135.15,135.43,989.39K,2024-01-08 18:59:59-05:00
2024-01-09,135.46,135.46,135.88,135.24,135.79,1.07M,2024-01-09 18:59:59-05:00
2024-01-10,135.16,135.16,135.71,134.87,135.46,1.05M,2024-01-10 18:59:59-05:00
2024-01-11,135.14,135.14,135.78,134.92,134.96,1.12M,2024-01-11 18:59:59-05:00
2024-01-12,135.67,135.67,135.99,135.32,135.8,965.10K,2024-01-12 18:59:59-05:00
2024-01-15,135.25,135.25,135.72,134.97,135.66,694.28K,2024-01-15 18:59:59-05:00
2024-01-16,134.96,134.96,135.5,134.57,135.17,1.10M,2024-01-16 18:59:59-05:00
2024-01-17,134.23,134.23,134.94,134.15,134.62,1.36M,2024-01-17 18:59:59-05:00
2024-01-18,133.95,133.95,134.48,133.73,134.19,977.76K,2024-01-18 18:59:59-05:00
2024-01-19,134.0,134.0,134.31,133.71,133.75,790.20K,2024-01-19 18:59:59-05:00
2024-01-22,134.47,134.47,134.66,134.16,134.17,657.68K,2024-01-22 18:59:59-05:00
2024-01-23,133.92,133.92,134.55,133.72,134.52,896.21K,2024-01-23 18:59:59-05:00
2024-01-24,133.91,133.91,134.42,133.64,133.87,1.04M,2024-01-24 18:59:59-05:00
2024-01-25,134.53,134.53,134.63,133.55,133.65,1.07M,2024-01-25 18:59:59-05:00
2024-01-26,134.29,134.29,135.02,134.16,134.65,862.94K,2024-01-26 18:59:59-05:00
2024-01-29,134.99,134.99,135.24,134.38,134.5,766.83K,2024-01-29 18:59:59-05:00
2024-01-30,134.53,134.53,135.45,134.37,135.05,1.04M,2024-01-30 18:59:59-05:00
2024-01-31,135.85,135.85,135.94,134.84,134.91,1.57M,2024-01-31 18:59:59-05:00
2024-02-01,136.25,136.25,136.29,135.2,135.75,1.20M,2024-02-01 18:59:59-05:00
2024-02-02,134.93,134.93,135.88,134.82,135.78,1.17M,2024-02-02 18:59:59-05:00
2024-02-05,133.91,133.91,134.98,133.87,134.9,984.68K,2024-02-05 18:59:59-05:00
2024-02-06,134.24,134.24,134.55,133.76,134.14,1.17M,2024-02-06 18:59:59-05:00
2024-02-07,134.3,134.3,134.6,133.97,134.46,933.09K,2024-02-07 18:59:59-05:00
2024-02-08,133.62,133.62,134.28,133.34,134.04,889.85K,2024-02-08 18:59:59-05:00
2024-02-09,133.3,133.3,133.92,133.2,133.4,905.34K,2024-02-09 18:59:59-05:00
2024-02-12,133.45,133.45,133.82,133.36,133.42,652.11K,2024-02-12 18:59:59-05:00
2024-02-13,133.11,133.11,134.0,132.81,133.57,1.09M,2024-02-13 18:59:59-05:00
2024-02-14,133.57,133.57,133.93,132.77,132.89,949.22K,2024-02-14 18:59:59-05:00
2024-02-15,133.61,133.61,134.18,133.35,133.87,1.05M,2024-02-15 18:59:59-05:00
2024-02-16,132.96,132.96,133.54,132.71,133.54,876.54K,2024-02-16 18:59:59-05:00
2024-02-19,132.85,132.85,133.15,132.75,133.0,494.71K,2024-02-19 18:59:59-05:00
2024-02-20,133.26,133.26,133.4,132.77,132.78,834.11K,2024-02-20 18:59:59-05:00
2024-02-21,132.59,132.59,133.3,132.26,133.04,946.03K,2024-02-21 18:59:59-05:00
2024-02-22,132.58,132.58,132.8,131.78,132.32,1.24M,2024-02-22 18:59:59-05:00
2024-02-23,133.17,133.17,133.37,132.05,132.59,1.16M,2024-02-23 18:59:59-05:00
2024-02-26,132.53,132.53,133.61,132.33,133.3,912.52K,2024-02-26 18:59:59-05:00
2024-02-27,132.26,132.26,132.71,132.02,132.46,1.15M,2024-02-27 18:59:59-05:00
2024-02-28,132.21,132.21,132.46,132.06,132.13,1.02M,2024-02-28 18:59:59-05:00
2024-02-29,132.65,132.65,132.8,131.62,132.25,1.63M,2024-02-29 18:59:59-05:00
2024-03-01,132.76,132.76,132.87,131.98,132.5,1.70M,2024-03-01 18:59:59-05:00
2024-03-04,132.76,132.76,132.94,132.46,132.68,1.59M,2024-03-04 18:59:59-05:00
2024-03-05,133.69,133.69,133.92,132.75,132.81,1.26M,2024-03-05 18:59:59-05:00
2024-03-06,133.48,133.48,133.71,133.18,133.52,164.41K,2024-03-06 18:59:59-05:00
2024-03-07,133.68,133.68,133.79,133.25,133.38,7.81K,2024-03-07 18:59:59-05:00
2024-03-08,133.76,133.76,134.15,133.33,133.5,895.16K,2024-03-08 18:59:59-05:00
2024-03-11,133.39,133.39,134.06,133.21,133.8,758.79K,2024-03-11 19:59:59-04:00
2024-03-12,133.13,133.13,133.69,132.95,133.4,962.51K,2024-03-12 19:59:59-04:00
2024-03-13,132.73,132.73,133.47,132.58,133.18,944.54K,2024-03-13 19:59:59-04:00
2024-03-14,132.01,132.01,132.78,131.86,132.57,1.14M,2024-03-14 19:59:59-04:00
2024-03-15,131.83,131.83,132.05,131.71,131.85,824.88K,2024-03-15 19:59:59-04:00
2024-03-18,131.66,131.66,132.1,131.54,131.86,853.40K,2024-03-18 19:59:59-04:00
2024-03-19,131.88,131.88,132.02,131.59,131.66,1.06M,2024-03-19 19:59:59-04:00
2024-03-20,131.91,131.91,132.24,131.65,131.85,911.53K,2024-03-20 19:59:59-04:00
2024-03-21,132.26,132.26,132.54,131.83,132.03,1.15M,2024-03-21 19:59:59-04:00
2024-03-22,133.07,133.07,133.18,132.28,132.35,1.10M,2024-03-22 19:59:59-04:00
2024-03-25,132.56,132.56,133.28,132.52,133.15,741.25K,2024-03-25 19:59:59-04:00
2024-03-26,132.75,132.75,132.93,132.54,132.67,845.66K,2024-03-26 19:59:59-04:00
2024-03-27,133.37,133.37,133.48,132.81,132.88,864.67K,2024-03-27 19:59:59-04:00
2024-03-28,133.38,133.38,133.43,132.96,133.22,1.04M,2024-03-28 19:59:59-04:00
2024-03-29,133.29,133.29,133.29,133.29,133.29,,2024-03-29 19:59:59-04:00
2024-04-02,132.14,132.14,132.95,131.87,132.84,1.35M,2024-04-02 19:59:59-04:00
2024-04-03,132.22,132.22,132.7,131.93,132.35,1.26M,2024-04-03 19:59:59-04:00
2024-04-04,132.74,132.74,133.1,132.3,132.6,1.04M,2024-04-04 19:59:59-04:00
2024-04-05,132.22,132.22,133.05,132.16,133.03,864.98K,2024-04-05 19:59:59-04:00
2024-04-08,131.83,131.83,132.15,131.65,132.12,806.69K,2024-04-08 19:59:59-04:00
2024-04-09,132.57,132.57,132.65,131.78,131.86,926.66K,2024-04-09 19:59:59-04:00
2024-04-10,131.94,131.94,132.86,131.53,132.59,1.23M,2024-04-10 19:59:59-04:00
2024-04-11,131.34,131.34,132.05,131.31,131.71,1.24M,2024-04-11 19:59:59-04:00
2024-04-12,132.71,132.71,133.05,131.52,131.52,1.28M,2024-04-12 19:59:59-04:00
2024-04-15,131.81,131.81,132.55,131.58,132.46,1.18M,2024-04-15 19:59:59-04:00
2024-04-16,131.21,131.21,132.11,130.97,131.93,1.40M,2024-04-16 19:59:59-04:00
2024-04-17,131.45,131.45,131.67,130.99,131.16,1.00M,2024-04-17 19:59:59-04:00
2024-04-18,131.21,131.21,131.87,131.01,131.45,977.84K,2024-04-18 19:59:59-04:00
2024-04-19,130.99,130.99,132.24,130.83,131.23,966.88K,2024-04-19 19:59:59-04:00
2024-04-22,131.19,131.19,131.29,130.52,130.82,904.23K,2024-04-22 19:59:59-04:00
2024-04-23,131.07,131.07,131.47,130.78,131.27,1.09M,2024-04-23 19:59:59-04:00
2024-04-24,130.22,130.22,130.95,130.03,130.92,1.23M,2024-04-24 19:59:59-04:00
2024-04-25,129.78,129.78,130.38,129.53,130.07,1.14M,2024-04-25 19:59:59-04:00
2024-04-26,130.32,130.32,130.53,129.58,129.61,1.00M,2024-04-26 19:59:59-04:00
2024-04-29,130.85,130.85,130.98,130.21,130.32,967.89K,2024-04-29 19:59:59-04:00
2024-04-30,130.08,130.08,130.97,129.83,130.81,1.37M,2024-04-30 19:59:59-04:00
2024-05-01,129.94,129.94,129.94,129.94,129.94,,2024-05-01 19:59:59-04:00
2024-05-02,130.39,130.39,130.72,130.12,130.24,981.55K,2024-05-02 19:59:59-04:00
2024-05-03,130.89,130.89,131.57,130.5,130.5,1.02M,2024-05-03 19:59:59-04:00
2024-05-06,131.24,131.24,131.63,130.98,130.99,481.73K,2024-05-06 19:59:59-04:00
2024-05-07,131.83,131.83,131.86,131.39,131.43,791.73K,2024-05-07 19:59:59-04:00
2024-05-08,131.36,131.36,131.71,131.24,131.69,686.34K,2024-05-08 19:59:59-04:00
2024-05-09,131.02,131.02,131.33,130.88,131.33,659.31K,2024-05-09 19:59:59-04:00
2024-05-10,130.75,130.75,131.4,130.7,131.2,606.94K,2024-05-10 19:59:59-04:00
2024-05-13,130.9,130.9,131.13,130.71,130.9,585.43K,2024-05-13 19:59:59-04:00
2024-05-14,130.51,130.51,131.13,130.24,130.89,1.03M,2024-05-14 19:59:59-04:00
2024-05-15,131.71,131.71,131.93,130.6,130.61,1.12M,2024-05-15 19:59:59-04:00
2024-05-16,131.58,131.58,132.11,131.28,131.87,850.26K,2024-05-16 19:59:59-04:00
2024-05-17,130.82,130.82,131.45,130.65,131.35,698.56K,2024-05-17 19:59:59-04:00
2024-05-20,130.52,130.52,130.84,130.47,130.72,451.70K,2024-05-20 19:59:59-04:00
2024-05-21,130.84,130.84,131.01,130.53,130.58,670.69K,2024-05-21 19:59:59-04:00
2024-05-22,130.55,130.55,130.86,130.3,130.73,1.04M,2024-05-22 19:59:59-04:00
2024-05-23,129.74,129.74,130.76,129.71,130.46,1.22M,2024-05-23 19:59:59-04:00
2024-05-24,130.08,130.08,130.13,129.63,130.02,825.54K,2024-05-24 19:59:59-04:00
2024-05-27,130.36,130.36,130.52,129.83,130.11,447.63K,2024-05-27 19:59:59-04:00
2024-05-28,130.02,130.02,130.46,129.63,130.27,889.59K,2024-05-28 19:59:59-04:00
2024-05-29,129.06,129.06,129.82,128.75,129.69,1.29M,2024-05-29 19:59:59-04:00
2024-05-30,129.18,129.18,129.31,128.84,129.13,1.08M,2024-05-30 19:59:59-04:00
2024-05-31,129.34,129.34,129.44,128.73,129.28,1.64M,2024-05-31 19:59:59-04:00
2024-06-03,129.97,129.97,130.16,129.19,129.3,2.00M,2024-06-03 19:59:59-04:00
2024-06-04,130.4,130.4,130.78,129.81,130.02,1.44M,2024-06-04 19:59:59-04:00
2024-06-05,130.7,130.7,130.8,130.19,130.36,128.51K,2024-06-05 19:59:59-04:00
2024-06-06,130.51,130.51,130.63,130.4,130.62,17.19K,2024-06-06 19:59:59-04:00
2024-06-07,130.22,130.22,131.05,130.05,131.01,786.69K,2024-06-07 19:59:59-04:00
2024-06-10,129.65,129.65,130.27,129.52,130.11,1.02M,2024-06-10 19:59:59-04:00
2024-06-11,130.16,130.16,130.36,129.6,129.69,1.64M,2024-06-11 19:59:59-04:00
2024-06-12,131.1,131.1,131.26,130.21,130.23,1.28M,2024-06-12 19:59:59-04:00
2024-06-13,131.33,131.33,131.97,130.8,130.97,1.21M,2024-06-13 19:59:59-04:00
2024-06-14,133.07,133.07,133.21,131.61,131.78,1.79M,2024-06-14 19:59:59-04:00
2024-06-17,132.43,132.43,133.07,132.18,132.82,1.09M,2024-06-17 19:59:59-04:00
2024-06-18,132.6,132.6,132.79,132.16,132.49,953.79K,2024-06-18 19:59:59-04:00
2024-06-19,132.55,132.55,132.94,132.31,132.62,703.74K,2024-06-19 19:59:59-04:00
2024-06-20,132.24,132.24,132.59,132.02,132.46,894.37K,2024-06-20 19:59:59-04:00
2024-06-21,132.53,132.53,133.06,132.3,132.35,987.74K,2024-06-21 19:59:59-04:00
2024-06-24,132.37,132.37,132.72,132.22,132.62,874.35K,2024-06-24 19:59:59-04:00
2024-06-25,132.51,132.51,132.8,132.37,132.55,774.66K,2024-06-25 19:59:59-04:00
2024-06-26,132.02,132.02,132.56,131.97,132.56,824.42K,2024-06-26 19:59:59-04:00
2024-06-27,132.04,132.04,132.19,131.68,131.91,905.08K,2024-06-27 19:59:59-04:00
2024-06-28,131.62,131.62,132.24,131.45,132.04,1.19M,2024-06-28 19:59:59-04:00
2024-07-01,130.41,130.41,131.25,130.32,131.15,1.10M,2024-07-01 19:59:59-04:00
2024-07-02,130.38,130.38,130.76,130.28,130.47,935.07K,2024-07-02 19:59:59-04:00
2024-07-03,130.95,130.95,131.02,130.23,130.53,1.05M,2024-07-03 19:59:59-04:00
2024-07-04,130.57,130.57,130.85,130.52,130.79,499.05K,2024-07-04 19:59:59-04:00
2024-07-05,131.09,131.09,131.14,130.44,130.61,785.97K,2024-07-05 19:59:59-04:00
2024-07-08,131.28,131.28,131.39,130.74,131.12,773.65K,2024-07-08 19:59:59-04:00
2024-07-09,130.86,130.86,131.31,130.78,131.26,851.75K,2024-07-09 19:59:59-04:00
2024-07-10,131.3,131.3,131.55,130.95,130.98,759.53K,2024-07-10 19:59:59-04:00
2024-07-11,132.06,132.06,132.08,131.05,131.33,905.45K,2024-07-11 19:59:59-04:00
2024-07-12,131.73,131.73,131.86,131.36,131.69,658.50K,2024-07-12 19:59:59-04:00
2024-07-15,131.96,131.96,132.1,131.39,131.56,755.16K,2024-07-15 19:59:59-04:00
2024-07-16,132.38,132.38,132.57,131.88,131.88,775.39K,2024-07-16 19:59:59-04:00
2024-07-17,132.49,132.49,132.66,132.25,132.49,737.90K,2024-07-17 19:59:59-04:00
2024-07-18,132.63,132.63,132.73,132.15,132.5,830.81K,2024-07-18 19:59:59-04:00
2024-07-19,132.1,132.1,132.54,131.93,132.32,522.55K,2024-07-19 19:59:59-04:00
2024-07-22,131.93,131.93,132.29,131.62,132.12,583.37K,2024-07-22 19:59:59-04:00
2024-07-23,132.3,132.3,132.39,131.71,131.81,727.18K,2024-07-23 19:59:59-04:00
2024-07-24,132.34,132.34,132.66,131.91,132.13,963.07K,2024-07-24 19:59:59-04:00
2024-07-25,132.64,132.64,132.92,131.95,131.96,1.10M,2024-07-25 19:59:59-04:00
2024-07-26,132.72,132.72,132.88,132.08,132.43,821.21K,2024-07-26 19:59:59-04:00
2024-07-29,133.18,133.18,133.36,132.72,132.77,718.03K,2024-07-29 19:59:59-04:00
2024-07-30,133.38,133.38,133.6,133.06,133.19,730.87K,2024-07-30 19:59:59-04:00
2024-07-31,133.73,133.73,134.05,133.36,133.41,1.05M,2024-07-31 19:59:59-04:00
2024-08-01,134.46,134.46,134.54,133.77,133.97,1.05M,2024-08-01 19:59:59-04:00
2024-08-02,135.22,135.22,135.5,134.39,134.39,1.40M,2024-08-02 19:59:59-04:00
2024-08-05,135.19,135.19,136.28,134.88,135.49,1.44M,2024-08-05 19:59:59-04:00
2024-08-06,135.03,135.03,135.59,134.45,134.74,1.11M,2024-08-06 19:59:59-04:00
2024-08-07,134.12,134.12,134.84,133.94,134.71,974.93K,2024-08-07 19:59:59-04:00
2024-08-08,134.12,134.12,134.72,133.97,134.36,772.32K,2024-08-08 19:59:59-04:00
2024-08-09,134.58,134.58,134.7,134.18,134.27,513.28K,2024-08-09 19:59:59-04:00
2024-08-12,134.41,134.41,134.69,134.27,134.45,493.49K,2024-08-12 19:59:59-04:00
2024-08-13,135.06,135.06,135.08,134.47,134.58,617.07K,2024-08-13 19:59:59-04:00
2024-08-14,135.09,135.09,135.17,134.56,134.93,690.67K,2024-08-14 19:59:59-04:00
2024-08-15,134.13,134.13,135.07,134.08,134.89,603.65K,2024-08-15 19:59:59-04:00
2024-08-16,134.26,134.26,134.65,134.14,134.23,542.25K,2024-08-16 19:59:59-04:00
2024-08-19,134.15,134.15,134.62,134.09,134.14,505.87K,2024-08-19 19:59:59-04:00
2024-08-20,134.63,134.63,134.68,134.09,134.19,701.61K,2024-08-20 19:59:59-04:00
2024-08-21,134.79,134.79,134.99,134.47,134.75,787.76K,2024-08-21 19:59:59-04:00
2024-08-22,134.25,134.25,135.08,134.11,134.76,788.64K,2024-08-22 19:59:59-04:00
2024-08-23,134.55,134.55,134.59,134.07,134.26,643.02K,2024-08-23 19:59:59-04:00
2024-08-26,134.32,134.32,134.7,134.04,134.62,600.53K,2024-08-26 19:59:59-04:00
2024-08-27,133.87,133.87,134.28,133.66,134.26,885.26K,2024-08-27 19:59:59-04:00
2024-08-28,134.09,134.09,134.39,133.89,133.99,773.88K,2024-08-28 19:59:59-04:00
2024-08-29,133.88,133.88,134.49,133.79,134.01,1.27M,2024-08-29 19:59:59-04:00
2024-08-30,133.91,133.91,134.19,133.5,133.94,1.11M,2024-08-30 19:59:59-04:00
2024-09-02,133.28,133.28,133.62,133.16,133.58,1.28M,2024-09-02 19:59:59-04:00
2024-09-03,133.93,133.93,134.13,133.21,133.33,1.72M,2024-09-03 19:59:59-04:00
2024-09-04,134.54,134.54,134.71,134.03,134.03,993.28K,2024-09-04 19:59:59-04:00
2024-09-05,134.52,134.52,134.77,134.32,134.61,150.82K,2024-09-05 19:59:59-04:00
2024-09-06,135.08,135.08,135.11,134.64,134.67,9.32K,2024-09-06 19:59:59-04:00
2024-09-09,134.56,134.56,134.62,133.79,134.1,843.30K,2024-09-09 19:59:59-04:00
2024-09-10,134.77,134.77,135.04,134.37,134.57,998.39K,2024-09-10 19:59:59-04:00
2024-09-11,135.36,135.36,135.49,134.67,134.89,1.20M,2024-09-11 19:59:59-04:00
2024-09-12,134.73,134.73,135.35,134.57,135.12,1.11M,2024-09-12 19:59:59-04:00
2024-09-13,134.72,134.72,135.19,134.62,134.85,754.20K,2024-09-13 19:59:59-04:00
2024-09-16,135.04,135.04,135.09,134.63,134.8,768.42K,2024-09-16 19:59:59-04:00
2024-09-17,134.81,134.81,135.39,134.69,134.99,941.94K,2024-09-17 19:59:59-04:00
2024-09-18,134.32,134.32,134.86,134.12,134.75,941.30K,2024-09-18 19:59:59-04:00
2024-09-19,134.32,134.32,134.4,133.99,134.13,1.09M,2024-09-19 19:59:59-04:00
2024-09-20,133.93,133.93,134.53,133.92,134.29,933.19K,2024-09-20 19:59:59-04:00
2024-09-23,134.5,134.5,134.82,134.02,134.16,1.21M,2024-09-23 19:59:59-04:00
2024-09-24,134.95,134.95,135.01,134.23,134.75,1.28M,2024-09-24 19:59:59-04:00
2024-09-25,134.44,134.44,134.98,134.34,134.86,1.03M,2024-09-25 19:59:59-04:00
2024-09-26,134.49,134.49,135.03,134.39,134.48,1.21M,2024-09-26 19:59:59-04:00
2024-09-27,134.81,134.81,135.19,134.31,134.54,1.19M,2024-09-27 19:59:59-04:00
2024-09-30,134.92,134.92,135.13,134.45,134.99,1.27M,2024-09-30 19:59:59-04:00
2024-10-01,135.88,135.88,136.2,134.91,134.98,1.48M,2024-10-01 19:59:59-04:00
2024-10-02,135.14,135.14,135.92,135.04,135.87,1.13M,2024-10-02 19:59:59-04:00
2024-10-03,134.8,134.8,135.24,134.46,135.11,1.19M,2024-10-03 19:59:59-04:00
2024-10-04,133.92,133.92,134.63,133.64,134.59,1.23M,2024-10-04 19:59:59-04:00
2024-10-07,133.44,133.44,134.03,133.4,133.86,1.03M,2024-10-07 19:59:59-04:00
2024-10-08,133.45,133.45,133.8,133.33,133.6,992.13K,2024-10-08 19:59:59-04:00
2024-10-09,133.41,133.41,133.76,133.17,133.59,852.98K,2024-10-09 19:59:59-04:00
2024-10-10,133.29,133.29,133.5,132.75,133.19,1.04M,2024-10-10 19:59:59-04:00
2024-10-11,133.15,133.15,133.57,132.92,133.49,895.99K,2024-10-11 19:59:59-04:00
2024-10-14,133.14,133.14,133.41,133.0,133.2,608.42K,2024-10-14 19:59:59-04:00
2024-10-15,133.75,133.75,133.79,133.3,133.33,983.58K,2024-10-15 19:59:59-04:00
2024-10-16,134.2,134.2,134.25,133.68,133.76,926.45K,2024-10-16 19:59:59-04:00
2024-10-17,133.84,133.84,134.17,133.72,134.08,1.19M,2024-10-17 19:59:59-04:00
2024-10-18,134.19,134.19,134.25,133.67,134.01,895.83K,2024-10-18 19:59:59-04:00
2024-10-21,133.16,133.16,134.18,133.06,134.05,1.15M,2024-10-21 19:59:59-04:00
2024-10-22,132.83,132.83,133.14,132.58,133.07,1.37M,2024-10-22 19:59:59-04:00
2024-10-23,132.71,132.71,132.95,132.59,132.88,1.20M,2024-10-23 19:59:59-04:00
2024-10-24,133.51,133.51,133.54,132.67,132.75,1.23M,2024-10-24 19:59:59-04:00
2024-10-25,133.1,133.1,133.49,132.77,133.28,942.39K,2024-10-25 19:59:59-04:00
2024-10-28,133.02,133.02,133.41,132.37,132.64,957.10K,2024-10-28 19:59:59-04:00
2024-10-29,132.51,132.51,133.25,132.44,133.17,1.09M,2024-10-29 19:59:59-04:00
2024-10-30,131.97,131.97,133.02,131.49,132.87,1.63M,2024-10-30 19:59:59-04:00
2024-10-31,131.8,131.8,131.93,131.15,131.49,1.86M,2024-10-31 19:59:59-04:00
2024-11-01,131.64,131.64,132.19,131.45,131.66,1.12M,2024-11-01 19:59:59-04:00
2024-11-04,131.8,131.8,131.92,131.26,131.83,934.20K,2024-11-04 18:59:59-05:00
2024-11-05,131.45,131.45,131.86,131.24,131.74,1.01M,2024-11-05 18:59:59-05:00
2024-11-06,131.73,131.73,132.22,130.58,131.85,1.62M,2024-11-06 18:59:59-05:00
2024-11-07,131.42,131.42,131.69,130.68,131.53,1.60M,2024-11-07 18:59:59-05:00
2024-11-08,132.08,132.08,132.33,131.39,131.46,996.99K,2024-11-08 18:59:59-05:00
2024-11-11,132.51,132.51,132.61,131.97,132.13,696.11K,2024-11-11 18:59:59-05:00
2024-11-12,132.29,132.29,132.74,131.68,132.51,1.01M,2024-11-12 18:59:59-05:00
2024-11-13,131.83,131.83,132.11,131.41,131.73,1.17M,2024-11-13 18:59:59-05:00
2024-11-14,132.14,132.14,132.37,131.28,131.47,1.08M,2024-11-14 18:59:59-05:00
2024-11-15,132.2,132.2,132.46,131.79,132.08,937.48K,2024-11-15 18:59:59-05:00
2024-11-18,131.94,131.94,132.4,131.51,132.28,823.05K,2024-11-18 18:59:59-05:00
2024-11-19,132.33,132.33,132.99,132.06,132.06,1.27M,2024-11-19 18:59:59-05:00
2024-11-20,132.08,132.08,132.28,131.7,132.18,987.91K,2024-11-20 18:59:59-05:00
2024-11-21,132.48,132.48,132.71,131.9,131.96,1.16M,2024-11-21 18:59:59-05:00
2024-11-22,133.11,133.11,133.32,132.14,132.39,1.25M,2024-11-22 18:59:59-05:00
2024-11-25,133.61,133.61,133.7,133.06,133.31,1.09M,2024-11-25 18:59:59-05:00
2024-11-26,133.57,133.57,133.99,133.42,133.57,1.05M,2024-11-26 18:59:59-05:00
2024-11-27,133.97,133.97,134.33,133.75,133.87,1.37M,2024-11-27 18:59:59-05:00
2024-11-28,134.37,134.37,134.49,133.88,133.91,812.08K,2024-11-28 18:59:59-05:00
2024-11-29,134.78,134.78,134.94,134.34,134.37,1.38M,2024-11-29 18:59:59-05:00
2024-12-02,135.33,135.33,135.46,134.79,134.85,2.37M,2024-12-02 18:59:59-05:00
2024-12-03,135.12,135.12,135.45,134.95,135.36,2.00M,2024-12-03 18:59:59-05:00
2024-12-04,135.08,135.08,135.28,134.66,134.99,1.20M,2024-12-04 18:59:59-05:00
2024-12-05,134.47,134.47,135.26,134.41,135.14,154.46K,2024-12-05 18:59:59-05:00
2024-12-06,134.4,134.4,134.86,134.35,134.73,9.11K,2024-12-06 18:59:59-05:00
2024-12-09,136.02,136.02,136.47,135.98,136.25,620.74K,2024-12-09 18:59:59-05:00
2024-12-10,135.95,135.95,136.26,135.75,136.02,809.54K,2024-12-10 18:59:59-05:00
2024-12-11,135.95,135.95,136.36,135.79,136.01,904.92K,2024-12-11 18:59:59-05:00
2024-12-12,135.35,135.35,136.01,134.82,135.85,1.14M,2024-12-12 18:59:59-05:00
2024-12-13,134.64,134.64,135.15,134.39,134.86,879.12K,2024-12-13 18:59:59-05:00
2024-12-16,134.73,134.73,134.83,134.43,134.44,668.37K,2024-12-16 18:59:59-05:00
2024-12-17,134.84,134.84,134.94,134.46,134.74,707.78K,2024-12-17 18:59:59-05:00
2024-12-18,134.62,134.62,134.82,134.03,134.73,671.40K,2024-12-18 18:59:59-05:00
2024-12-19,133.91,133.91,134.27,133.72,134.05,901.53K,2024-12-19 18:59:59-05:00
2024-12-20,134.14,134.14,134.29,133.81,133.96,590.16K,2024-12-20 18:59:59-05:00
2024-12-23,133.73,133.73,134.06,133.61,134.06,380.49K,2024-12-23 18:59:59-05:00
2024-12-27,133.02,133.02,133.79,132.81,133.71,540.19K,2024-12-27 18:59:59-05:00
2024-12-30,133.44,133.44,133.48,132.71,132.8,543.89K,2024-12-30 18:59:59-05:00
2025-01-02,133.29,133.29,133.86,132.9,132.94,820.70K,2025-01-02 18:59:59-05:00
2025-01-03,132.64,132.64,133.48,132.48,133.29,703.96K,2025-01-03 18:59:59-05:00
2025-01-06,132.26,132.26,132.57,132.11,132.42,988.39K,2025-01-06 18:59:59-05:00
2025-01-07,132.0,132.0,132.44,131.9,132.31,1.15M,2025-01-07 18:59:59-05:00
2025-01-08,131.72,131.72,132.14,131.33,131.9,1.38M,2025-01-08 18:59:59-05:00
2025-01-09,131.48,131.48,131.71,131.3,131.56,1.20M,2025-01-09 18:59:59-05:00
2025-01-10,131.12,131.12,131.37,130.7,131.35,1.18M,2025-01-10 18:59:59-05:00
2025-01-13,130.82,130.82,130.98,130.57,130.79,,2025-01-13 18:59:59-05:00
2025-01-14,130.47,130.47,131.09,130.28,130.93,1.12M,2025-01-14 18:59:59-05:00
2025-01-15,131.46,131.46,131.63,130.32,130.32,1.30M,2025-01-15 18:59:59-05:00
2025-01-16,131.51,131.51,131.69,131.0,131.47,,2025-01-16 18:59:59-05:00
2025-01-17,131.78,131.78,131.97,131.5,131.59,928.08K,2025-01-17 18:59:59-05:00
2025-01-20,131.84,131.84,131.9,131.5,131.71,728.77K,2025-01-20 18:59:59-05:00
2025-01-21,131.94,131.94,132.15,131.65,131.95,994.30K,2025-01-21 18:59:59-05:00
2025-01-22,131.85,131.85,132.22,131.65,131.85,1.08M,2025-01-22 18:59:59-05:00
2025-01-23,131.56,131.56,131.91,131.34,131.75,1.11M,2025-01-23 18:59:59-05:00
2025-01-24,131.25,131.25,131.75,131.0,131.6,1.03M,2025-01-24 18:59:59-05:00
2025-01-27,131.63,131.63,132.14,131.38,131.38,1.30M,2025-01-27 18:59:59-05:00
2025-01-28,131.41,131.41,131.67,131.35,131.5,1.02M,2025-01-28 18:59:59-05:00
2025-01-29,131.34,131.34,131.81,131.07,131.57,989.51K,2025-01-29 18:59:59-05:00
2025-01-30,131.9,131.9,132.12,131.26,131.29,1.08M,2025-01-30 18:59:59-05:00
2025-01-31,132.52,132.52,132.58,131.62,131.89,1.55M,2025-01-31 18:59:59-05:00
2025-02-03,133.29,133.29,133.58,132.41,132.47,1.53M,2025-02-03 18:59:59-05:00
2025-02-04,133.12,133.12,133.29,132.72,132.93,1.19M,2025-02-04 18:59:59-05:00
2025-02-05,133.55,133.55,133.71,133.18,133.24,1.11M,2025-02-05 18:59:59-05:00
2025-02-06,132.53,132.53,132.67,132.27,132.49,0.44K,2025-02-06 18:59:59-05:00
2025-02-07,132.37,132.37,132.58,132.07,132.45,1.21K,2025-02-07 18:59:59-05:00
2025-02-10,132.61,132.61,132.71,132.39,132.48,0.55K,2025-02-10 18:59:59-05:00
2025-02-11,131.81,131.81,132.43,131.75,132.43,0.92K,2025-02-11 18:59:59-05:00
2025-02-12,131.27,131.27,131.8,131.23,131.8,1.23K,2025-02-12 18:59:59-05:00
2025-02-13,131.96,131.96,132.07,131.36,131.47,1.81K,2025-02-13 18:59:59-05:00
2025-02-14,131.97,131.97,132.05,131.77,132.0,1.58K,2025-02-14 18:59:59-05:00
2025-02-17,131.35,131.35,131.56,131.12,131.56,10.85K,2025-02-17 18:59:59-05:00
2025-02-18,131.22,131.22,131.23,130.86,131.19,0.94K,2025-02-18 18:59:59-05:00
2025-02-19,130.64,130.64,131.04,130.4,131.02,6.86K,2025-02-19 18:59:59-05:00
2025-02-20,130.73,130.73,130.78,130.44,130.62,5.26K,2025-02-20 18:59:59-05:00
2025-02-21,131.51,131.51,131.71,130.74,130.74,11.27K,2025-02-21 18:59:59-05:00
2025-02-24,131.52,131.52,131.61,130.95,131.6,16.57K,2025-02-24 18:59:59-05:00
2025-02-25,131.6,131.6,131.7,131.01,131.01,27.79K,2025-02-25 18:59:59-05:00
2025-02-26,131.79,131.79,132.08,131.35,131.54,63.60K,2025-02-26 18:59:59-05:00
2025-02-27,132.01,132.01,132.08,131.61,132.03,821.59K,2025-02-27 18:59:59-05:00
2025-02-28,132.3,132.3,132.56,132.04,132.07,788.58K,2025-02-28 18:59:59-05:00
2025-03-03,132.01,132.01,132.94,131.79,132.72,2.62M,2025-03-03 18:59:59-05:00
2025-03-04,132.24,132.24,132.85,130.67,132.61,2.24M,2025-03-04 18:59:59-05:00
2025-03-05,129.05,129.05,130.82,128.72,130.55,282.09K,2025-03-05 18:59:59-05:00
2025-03-06,128.47,128.47,128.57,127.53,128.57,14.72K,2025-03-06 18:59:59-05:00
2025-03-07,127.66,127.66,128.29,127.18,127.83,1.74M,2025-03-07 18:59:59-05:00
2025-03-10,127.83,127.83,128.33,127.21,127.5,1.38M,2025-03-10 19:59:59-04:00
2025-03-11,127.07,127.07,128.3,126.53,127.93,1.53M,2025-03-11 19:59:59-04:00
2025-03-12,127.08,127.08,127.32,126.62,126.75,1.37M,2025-03-12 19:59:59-04:00
2025-03-13,127.44,127.44,127.65,126.81,127.13,1.26M,2025-03-13 19:59:59-04:00
2025-03-14,127.23,127.23,127.58,126.64,127.51,1.26M,2025-03-14 19:59:59-04:00
2025-03-17,127.98,127.98,128.05,127.2,127.38,988.35K,2025-03-17 19:59:59-04:00
2025-03-18,127.87,127.87,128.08,127.45,127.74,881.47K,2025-03-18 19:59:59-04:00
2025-03-19,128.11,128.11,128.66,127.88,127.96,953.38K,2025-03-19 19:59:59-04:00
2025-03-20,128.18,128.18,128.62,128.14,128.5,1.01M,2025-03-20 19:59:59-04:00
2025-03-21,128.48,128.48,128.63,128.15,128.27,831.72K,2025-03-21 19:59:59-04:00
2025-03-24,128.27,128.27,128.46,128.04,128.29,868.94K,2025-03-24 19:59:59-04:00
2025-03-25,128.13,128.13,128.35,127.74,128.25,975.57K,2025-03-25 19:59:59-04:00
2025-03-26,128.15,128.15,128.47,127.96,128.05,1.11M,2025-03-26 19:59:59-04:00
2025-03-27,128.35,128.35,128.69,128.19,128.51,1.03M,2025-03-27 19:59:59-04:00
2025-03-28,128.84,128.84,129.07,128.47,128.47,1.11M,2025-03-28 19:59:59-04:00
2025-03-31,128.83,128.83,129.59,128.61,129.12,1.33M,2025-03-31 19:59:59-04:00
2025-04-01,129.27,129.27,129.6,128.68,128.78,1.09M,2025-04-01 19:59:59-04:00
2025-04-02,129.08,129.08,129.62,128.75,129.16,1.18M,2025-04-02 19:59:59-04:00
2025-04-03,129.84,129.84,129.94,129.43,129.75,1.67M,2025-04-03 19:59:59-04:00
2025-04-04,130.52,130.52,131.48,129.78,129.83,2.60M,2025-04-04 19:59:59-04:00
2025-04-07,130.36,130.36,132.03,129.11,131.23,2.30M,2025-04-07 19:59:59-04:00
2025-04-08,129.95,129.95,130.58,129.46,130.02,1.53M,2025-04-08 19:59:59-04:00
2025-04-09,130.57,130.57,130.75,128.6,129.92,2.00M,2025-04-09 19:59:59-04:00
2025-04-10,130.36,130.36,130.73,129.02,129.26,1.59M,2025-04-10 19:59:59-04:00
2025-04-11,130.98,130.98,131.42,129.92,130.15,1.42M,2025-04-11 19:59:59-04:00
2025-04-14,131.04,131.04,131.47,130.34,130.48,813.06K,2025-04-14 19:59:59-04:00
2025-04-15,130.86,130.86,131.57,130.75,131.34,912.39K,2025-04-15 19:59:59-04:00
2025-04-16,131.26,131.26,131.52,131.02,131.02,982.67K,2025-04-16 19:59:59-04:00
2025-04-17,131.71,131.71,131.83,130.87,131.25,970.35K,2025-04-17 19:59:59-04:00
2025-04-18,131.49,131.49,131.49,131.49,131.49,970.35K,2025-04-18 19:59:59-04:00
2025-04-22,131.95,131.95,132.01,131.46,131.5,837.71K,2025-04-22 19:59:59-04:00
2025-04-23,131.26,131.26,131.93,131.11,131.85,1.13M,2025-04-23 19:59:59-04:00
2025-04-24,131.88,131.88,131.94,131.32,131.42,913.25K,2025-04-24 19:59:59-04:00
2025-04-25,131.59,131.59,131.93,131.5,131.91,638.09K,2025-04-25 19:59:59-04:00
2025-04-28,131.04,131.04,131.76,131.03,131.67,809.70K,2025-04-28 19:59:59-04:00
2025-04-29,131.21,131.21,131.46,131.17,131.24,528.77K,2025-04-29 19:59:59-04:00
2025-04-30,131.78,131.78,131.95,131.33,131.4,1.09M,2025-04-30 19:59:59-04:00
2025-05-02,131.05,131.05,131.81,130.83,131.75,832.99K,2025-05-02 19:59:59-04:00
2025-05-05,131.06,131.06,131.24,130.69,130.96,470.48K,2025-05-05 19:59:59-04:00
2025-05-06,130.91,130.91,131.08,130.66,130.95,1.03M,2025-05-06 19:59:59-04:00
2025-05-07,131.51,131.51,131.72,130.79,130.93,910.02K,2025-05-07 19:59:59-04:00
2025-05-08,131.17,131.17,131.65,130.77,131.61,779.85K,2025-05-08 19:59:59-04:00
2025-05-09,130.76,130.76,130.86,130.38,130.86,811.26K,2025-05-09 19:59:59-04:00
2025-05-12,129.78,129.78,130.5,129.59,130.49,1.16M,2025-05-12 19:59:59-04:00
2025-05-13,129.56,129.56,129.71,129.37,129.67,1.10M,2025-05-13 19:59:59-04:00
2025-05-14,129.39,129.39,129.68,129.15,129.45,1.00M,2025-05-14 19:59:59-04:00
2025-05-15,129.93,129.93,130.15,129.13,129.15,1.01M,2025-05-15 19:59:59-04:00
2025-05-16,130.42,130.42,130.65,130.11,130.16,819.43K,2025-05-16 19:59:59-04:00
2025-05-19,130.54,130.54,130.6,129.72,130.2,996.24K,2025-05-19 19:59:59-04:00
2025-05-20,130.24,130.24,130.75,129.99,130.61,1.13M,2025-05-20 19:59:59-04:00
2025-05-21,129.89,129.89,130.27,129.59,130.26,1.08M,2025-05-21 19:59:59-04:00
2025-05-22,129.85,129.85,130.04,129.49,129.61,1.07M,2025-05-22 19:59:59-04:00
2025-05-23,130.65,130.65,130.94,129.85,129.99,1.24M,2025-05-23 19:59:59-04:00
2025-05-26,130.51,130.51,130.55,129.92,130.00,11.03K,2025-05-26 19:59:59-04:00
2025-05-27,130.74,130.74,131.02,130.53,130.60,32.79K,2025-05-27 19:59:59-04:00
2025-05-28,130.63,130.63,130.82,130.50,130.75,43.61K,2025-05-28 19:59:59-04:00
2025-05-29,131.02,131.02,131.13,130.19,130.45,85.10K,2025-05-29 19:59:59-04:00
2025-05-30,131.02,131.02,131.23,130.75,131.08,260.62K,2025-05-30 19:59:59-04:00
2025-06-02,130.93,130.93,131.09,130.52,131.08,944.36K,2025-06-02 19:59:59-04:00
2025-06-03,131.30,131.30,131.49,131.05,131.17,1.72M,2025-06-03 19:59:59-04:00
2025-06-04,131.07,131.07,131.39,130.94,131.27,974.69K,2025-06-04 19:59:59-04:00
2025-06-05,130.34,130.34,131.64,130.28,131.25,140.81K,2025-06-05 19:59:59-04:00
2025-06-06,130.78,130.78,130.92,130.44,130.50,8.98K,2025-06-06 19:59:59-04:00
2025-06-09,130.3,130.3,130.99,130.13,130.26,731.76K,2025-06-09 19:59:59-04:00
2025-06-10,130.83,130.83,130.96,130.37,130.48,783.81K,2025-06-10 19:59:59-04:00
2025-06-11,130.80,130.80,130.97,130.53,130.89,954.75K,2025-06-11 19:59:59-04:00
2025-06-12,131.32,131.32,131.49,130.73,130.82,1.01M,2025-06-12 19:59:59-04:00
2025-06-13,130.78,130.78,131.95,130.63,131.47,898.97K,2025-06-13 19:59:59-04:00
2025-06-16,130.85,130.85,130.96,130.17,130.64,822.52K,2025-06-16 19:59:59-04:00
2025-06-17,130.93,130.93,131.08,130.49,130.81,785.11K,2025-06-17 19:59:59-04:00
