Datetime,Close,High,Low,Open,Volume
2024-12-29 23:00:00+00:00,70.23999786376953,70.41999816894531,70.12000274658203,70.41999816894531,0.0
2024-12-29 23:01:00+00:00,70.20999908447266,70.23999786376953,70.13999938964844,70.19999694824219,256.0
2024-12-29 23:02:00+00:00,70.18000030517578,70.2300033569336,70.1500015258789,70.22000122070312,119.0
2024-12-29 23:03:00+00:00,70.16999816894531,70.19999694824219,70.1500015258789,70.19000244140625,84.0
2024-12-29 23:04:00+00:00,70.19000244140625,70.20999908447266,70.18000030517578,70.19000244140625,38.0
2024-12-29 23:05:00+00:00,70.25,70.26000213623047,70.19000244140625,70.19000244140625,93.0
2024-12-29 23:06:00+00:00,70.2300033569336,70.26000213623047,70.2300033569336,70.25,12.0
2024-12-29 23:07:00+00:00,70.26000213623047,70.27999877929688,70.22000122070312,70.22000122070312,42.0
2024-12-29 23:08:00+00:00,70.26000213623047,70.26000213623047,70.25,70.26000213623047,23.0
2024-12-29 23:09:00+00:00,70.2699966430664,70.2699966430664,70.25,70.26000213623047,35.0
2024-12-29 23:10:00+00:00,70.29000091552734,70.30000305175781,70.26000213623047,70.2699966430664,106.0
2024-12-29 23:11:00+00:00,70.27999877929688,70.30000305175781,70.2699966430664,70.29000091552734,125.0
2024-12-29 23:12:00+00:00,70.30000305175781,70.30000305175781,70.27999877929688,70.27999877929688,33.0
2024-12-29 23:13:00+00:00,70.30000305175781,70.30999755859375,70.30000305175781,70.30999755859375,26.0
2024-12-29 23:14:00+00:00,70.27999877929688,70.30000305175781,70.27999877929688,70.30000305175781,34.0
2024-12-29 23:15:00+00:00,70.31999969482422,70.33000183105469,70.30000305175781,70.30000305175781,71.0
2024-12-29 23:16:00+00:00,70.3499984741211,70.37999725341797,70.30999755859375,70.31999969482422,157.0
2024-12-29 23:17:00+00:00,70.38999938964844,70.38999938964844,70.33999633789062,70.33999633789062,91.0
2024-12-29 23:18:00+00:00,70.3499984741211,70.38999938964844,70.33000183105469,70.38999938964844,51.0
2024-12-29 23:19:00+00:00,70.3499984741211,70.3499984741211,70.33999633789062,70.3499984741211,13.0
2024-12-29 23:20:00+00:00,70.33000183105469,70.3499984741211,70.33000183105469,70.3499984741211,16.0
2024-12-29 23:21:00+00:00,70.33000183105469,70.33999633789062,70.30000305175781,70.31999969482422,48.0
2024-12-29 23:22:00+00:00,70.33000183105469,70.33000183105469,70.31999969482422,70.31999969482422,12.0
2024-12-29 23:23:00+00:00,70.33000183105469,70.33000183105469,70.31999969482422,70.33000183105469,4.0
2024-12-29 23:24:00+00:00,70.37000274658203,70.37000274658203,70.33000183105469,70.33000183105469,23.0
2024-12-29 23:25:00+00:00,70.37000274658203,70.37999725341797,70.37000274658203,70.37999725341797,7.0
2024-12-29 23:26:00+00:00,70.37000274658203,70.37999725341797,70.37000274658203,70.37999725341797,9.0
2024-12-29 23:27:00+00:00,70.38999938964844,70.38999938964844,70.36000061035156,70.37999725341797,39.0
2024-12-29 23:28:00+00:00,70.38999938964844,70.38999938964844,70.38999938964844,70.38999938964844,8.0
2024-12-29 23:29:00+00:00,70.37999725341797,70.37999725341797,70.37999725341797,70.37999725341797,6.0
2024-12-29 23:30:00+00:00,70.37000274658203,70.38999938964844,70.37000274658203,70.38999938964844,21.0
2024-12-29 23:31:00+00:00,70.37000274658203,70.37999725341797,70.36000061035156,70.37000274658203,16.0
2024-12-29 23:32:00+00:00,70.4000015258789,70.4000015258789,70.37000274658203,70.37000274658203,34.0
2024-12-29 23:33:00+00:00,70.4000015258789,70.41999816894531,70.38999938964844,70.38999938964844,31.0
2024-12-29 23:34:00+00:00,70.41000366210938,70.41999816894531,70.41000366210938,70.41000366210938,24.0
2024-12-29 23:35:00+00:00,70.41000366210938,70.41999816894531,70.41000366210938,70.41000366210938,12.0
2024-12-29 23:36:00+00:00,70.4000015258789,70.4000015258789,70.4000015258789,70.4000015258789,35.0
2024-12-29 23:37:00+00:00,70.38999938964844,70.4000015258789,70.37000274658203,70.38999938964844,133.0
2024-12-29 23:38:00+00:00,70.37999725341797,70.41999816894531,70.37000274658203,70.4000015258789,120.0
2024-12-29 23:39:00+00:00,70.37999725341797,70.38999938964844,70.37999725341797,70.38999938964844,10.0
2024-12-29 23:40:00+00:00,70.41999816894531,70.43000030517578,70.37999725341797,70.37999725341797,96.0
2024-12-29 23:41:00+00:00,70.41000366210938,70.43000030517578,70.41000366210938,70.43000030517578,32.0
2024-12-29 23:42:00+00:00,70.43000030517578,70.43000030517578,70.41000366210938,70.41000366210938,7.0
2024-12-29 23:43:00+00:00,70.44000244140625,70.44999694824219,70.43000030517578,70.43000030517578,39.0
2024-12-29 23:44:00+00:00,70.44000244140625,70.44999694824219,70.44000244140625,70.44999694824219,8.0
2024-12-29 23:45:00+00:00,70.44999694824219,70.44999694824219,70.44000244140625,70.44000244140625,7.0
2024-12-29 23:46:00+00:00,70.44999694824219,70.44999694824219,70.44999694824219,70.44999694824219,5.0
2024-12-29 23:47:00+00:00,70.44999694824219,70.47000122070312,70.44999694824219,70.45999908447266,15.0
2024-12-29 23:48:00+00:00,70.47000122070312,70.51000213623047,70.45999908447266,70.45999908447266,104.0
2024-12-29 23:49:00+00:00,70.47000122070312,70.47000122070312,70.45999908447266,70.47000122070312,7.0
2024-12-29 23:50:00+00:00,70.44999694824219,70.45999908447266,70.44999694824219,70.45999908447266,6.0
2024-12-29 23:51:00+00:00,70.44000244140625,70.44999694824219,70.44000244140625,70.44000244140625,11.0
2024-12-29 23:52:00+00:00,70.45999908447266,70.45999908447266,70.44999694824219,70.44999694824219,15.0
2024-12-29 23:53:00+00:00,70.45999908447266,70.45999908447266,70.45999908447266,70.45999908447266,2.0
2024-12-29 23:54:00+00:00,70.44000244140625,70.45999908447266,70.41999816894531,70.44000244140625,100.0
2024-12-29 23:55:00+00:00,70.44000244140625,70.44999694824219,70.43000030517578,70.44000244140625,37.0
2024-12-29 23:56:00+00:00,70.44000244140625,70.44000244140625,70.44000244140625,70.44000244140625,1.0
2024-12-29 23:57:00+00:00,70.41999816894531,70.43000030517578,70.41999816894531,70.41999816894531,29.0
2024-12-29 23:58:00+00:00,70.41999816894531,70.41999816894531,70.41999816894531,70.41999816894531,2.0
2024-12-29 23:59:00+00:00,70.44000244140625,70.44999694824219,70.43000030517578,70.43000030517578,20.0
2024-12-30 00:00:00+00:00,70.41000366210938,70.44999694824219,70.41000366210938,70.44999694824219,27.0
2024-12-30 00:01:00+00:00,70.43000030517578,70.43000030517578,70.41999816894531,70.41999816894531,6.0
2024-12-30 00:02:00+00:00,70.41999816894531,70.43000030517578,70.41999816894531,70.43000030517578,5.0
2024-12-30 00:04:00+00:00,70.4000015258789,70.41000366210938,70.4000015258789,70.41000366210938,24.0
2024-12-30 00:05:00+00:00,70.38999938964844,70.4000015258789,70.38999938964844,70.4000015258789,5.0
2024-12-30 00:06:00+00:00,70.38999938964844,70.38999938964844,70.37999725341797,70.38999938964844,24.0
2024-12-30 00:07:00+00:00,70.4000015258789,70.4000015258789,70.37999725341797,70.37999725341797,19.0
2024-12-30 00:08:00+00:00,70.38999938964844,70.38999938964844,70.37999725341797,70.38999938964844,8.0
2024-12-30 00:09:00+00:00,70.37000274658203,70.38999938964844,70.37000274658203,70.38999938964844,10.0
2024-12-30 00:10:00+00:00,70.37000274658203,70.37000274658203,70.37000274658203,70.37000274658203,10.0
2024-12-30 00:12:00+00:00,70.38999938964844,70.38999938964844,70.37999725341797,70.37999725341797,10.0
2024-12-30 00:13:00+00:00,70.37000274658203,70.37999725341797,70.37000274658203,70.37999725341797,6.0
2024-12-30 00:14:00+00:00,70.38999938964844,70.4000015258789,70.37999725341797,70.37999725341797,22.0
2024-12-30 00:15:00+00:00,70.37999725341797,70.38999938964844,70.37000274658203,70.37999725341797,8.0
2024-12-30 00:16:00+00:00,70.38999938964844,70.4000015258789,70.37999725341797,70.37999725341797,16.0
2024-12-30 00:17:00+00:00,70.4000015258789,70.4000015258789,70.37999725341797,70.38999938964844,7.0
2024-12-30 00:20:00+00:00,70.41999816894531,70.41999816894531,70.4000015258789,70.4000015258789,13.0
2024-12-30 00:21:00+00:00,70.41999816894531,70.41999816894531,70.41000366210938,70.41000366210938,5.0
2024-12-30 00:22:00+00:00,70.41999816894531,70.41999816894531,70.41999816894531,70.41999816894531,6.0
2024-12-30 00:23:00+00:00,70.44000244140625,70.44999694824219,70.43000030517578,70.43000030517578,19.0
2024-12-30 00:24:00+00:00,70.44000244140625,70.44000244140625,70.43000030517578,70.44000244140625,12.0
2024-12-30 00:26:00+00:00,70.43000030517578,70.44000244140625,70.43000030517578,70.44000244140625,6.0
2024-12-30 00:27:00+00:00,70.43000030517578,70.43000030517578,70.43000030517578,70.43000030517578,1.0
2024-12-30 00:28:00+00:00,70.44000244140625,70.44000244140625,70.43000030517578,70.43000030517578,18.0
2024-12-30 00:29:00+00:00,70.44999694824219,70.44999694824219,70.44000244140625,70.44000244140625,22.0
2024-12-30 00:30:00+00:00,70.44000244140625,70.44999694824219,70.44000244140625,70.44000244140625,12.0
2024-12-30 00:31:00+00:00,70.44000244140625,70.44000244140625,70.44000244140625,70.44000244140625,17.0
2024-12-30 00:32:00+00:00,70.44000244140625,70.45999908447266,70.44000244140625,70.44000244140625,48.0
2024-12-30 00:33:00+00:00,70.43000030517578,70.44000244140625,70.41999816894531,70.44000244140625,19.0
2024-12-30 00:34:00+00:00,70.43000030517578,70.43000030517578,70.43000030517578,70.43000030517578,9.0
2024-12-30 00:35:00+00:00,70.41999816894531,70.41999816894531,70.41000366210938,70.41999816894531,17.0
2024-12-30 00:36:00+00:00,70.4000015258789,70.41000366210938,70.38999938964844,70.41000366210938,22.0
2024-12-30 00:37:00+00:00,70.4000015258789,70.41999816894531,70.4000015258789,70.4000015258789,15.0
2024-12-30 00:40:00+00:00,70.4000015258789,70.4000015258789,70.4000015258789,70.4000015258789,3.0
2024-12-30 00:41:00+00:00,70.41000366210938,70.41000366210938,70.38999938964844,70.38999938964844,20.0
2024-12-30 00:42:00+00:00,70.41999816894531,70.41999816894531,70.41999816894531,70.41999816894531,4.0
2024-12-30 00:43:00+00:00,70.43000030517578,70.43000030517578,70.41999816894531,70.43000030517578,10.0
2024-12-30 00:44:00+00:00,70.44999694824219,70.44999694824219,70.41000366210938,70.41999816894531,22.0
2024-12-30 00:45:00+00:00,70.45999908447266,70.47000122070312,70.44999694824219,70.44999694824219,22.0
2024-12-30 00:47:00+00:00,70.45999908447266,70.47000122070312,70.45999908447266,70.47000122070312,9.0
2024-12-30 00:48:00+00:00,70.47000122070312,70.47000122070312,70.45999908447266,70.45999908447266,6.0
2024-12-30 00:49:00+00:00,70.4800033569336,70.4800033569336,70.47000122070312,70.47000122070312,12.0
2024-12-30 00:50:00+00:00,70.47000122070312,70.4800033569336,70.47000122070312,70.4800033569336,9.0
2024-12-30 00:51:00+00:00,70.47000122070312,70.4800033569336,70.45999908447266,70.47000122070312,10.0
2024-12-30 00:52:00+00:00,70.47000122070312,70.4800033569336,70.47000122070312,70.47000122070312,12.0
2024-12-30 00:53:00+00:00,70.4800033569336,70.4800033569336,70.4800033569336,70.4800033569336,4.0
2024-12-30 00:54:00+00:00,70.4800033569336,70.4800033569336,70.4800033569336,70.4800033569336,9.0
2024-12-30 00:55:00+00:00,70.47000122070312,70.4800033569336,70.47000122070312,70.4800033569336,15.0
2024-12-30 00:57:00+00:00,70.45999908447266,70.45999908447266,70.45999908447266,70.45999908447266,12.0
2024-12-30 00:58:00+00:00,70.45999908447266,70.45999908447266,70.44999694824219,70.45999908447266,12.0
2024-12-30 00:59:00+00:00,70.47000122070312,70.47000122070312,70.45999908447266,70.45999908447266,26.0
2024-12-30 01:00:00+00:00,70.44000244140625,70.47000122070312,70.41999816894531,70.47000122070312,64.0
2024-12-30 01:01:00+00:00,70.44000244140625,70.45999908447266,70.44000244140625,70.44000244140625,20.0
2024-12-30 01:02:00+00:00,70.44999694824219,70.45999908447266,70.44000244140625,70.44000244140625,35.0
2024-12-30 01:03:00+00:00,70.47000122070312,70.47000122070312,70.43000030517578,70.44000244140625,38.0
2024-12-30 01:04:00+00:00,70.47000122070312,70.48999786376953,70.45999908447266,70.45999908447266,51.0
2024-12-30 01:05:00+00:00,70.5,70.5,70.47000122070312,70.47000122070312,43.0
2024-12-30 01:06:00+00:00,70.5,70.5199966430664,70.5,70.51000213623047,35.0
2024-12-30 01:07:00+00:00,70.51000213623047,70.5199966430664,70.51000213623047,70.51000213623047,20.0
2024-12-30 01:08:00+00:00,70.55000305175781,70.55999755859375,70.51000213623047,70.5199966430664,90.0
2024-12-30 01:09:00+00:00,70.52999877929688,70.55999755859375,70.52999877929688,70.55000305175781,26.0
2024-12-30 01:10:00+00:00,70.51000213623047,70.55000305175781,70.51000213623047,70.55000305175781,27.0
2024-12-30 01:11:00+00:00,70.5199966430664,70.52999877929688,70.51000213623047,70.51000213623047,20.0
2024-12-30 01:12:00+00:00,70.51000213623047,70.52999877929688,70.5,70.52999877929688,33.0
2024-12-30 01:13:00+00:00,70.4800033569336,70.5,70.4800033569336,70.5,60.0
2024-12-30 01:14:00+00:00,70.48999786376953,70.5,70.4800033569336,70.48999786376953,23.0
2024-12-30 01:15:00+00:00,70.4800033569336,70.51000213623047,70.4800033569336,70.5,20.0
2024-12-30 01:16:00+00:00,70.5,70.5199966430664,70.48999786376953,70.48999786376953,54.0
2024-12-30 01:17:00+00:00,70.5,70.5,70.4800033569336,70.5,27.0
2024-12-30 01:18:00+00:00,70.54000091552734,70.54000091552734,70.5,70.5,90.0
2024-12-30 01:19:00+00:00,70.54000091552734,70.55000305175781,70.54000091552734,70.54000091552734,39.0
2024-12-30 01:20:00+00:00,70.5,70.54000091552734,70.5,70.54000091552734,18.0
2024-12-30 01:21:00+00:00,70.52999877929688,70.52999877929688,70.5,70.5,52.0
2024-12-30 01:22:00+00:00,70.5199966430664,70.54000091552734,70.5199966430664,70.54000091552734,13.0
2024-12-30 01:23:00+00:00,70.5199966430664,70.5199966430664,70.51000213623047,70.51000213623047,5.0
2024-12-30 01:24:00+00:00,70.5,70.5199966430664,70.5,70.5199966430664,18.0
2024-12-30 01:25:00+00:00,70.51000213623047,70.51000213623047,70.51000213623047,70.51000213623047,4.0
2024-12-30 01:26:00+00:00,70.51000213623047,70.51000213623047,70.5,70.5,2.0
2024-12-30 01:27:00+00:00,70.51000213623047,70.51000213623047,70.5,70.5,10.0
2024-12-30 01:28:00+00:00,70.5,70.51000213623047,70.5,70.5,5.0
2024-12-30 01:29:00+00:00,70.51000213623047,70.51000213623047,70.5,70.5,22.0
2024-12-30 01:30:00+00:00,70.56999969482422,70.56999969482422,70.5199966430664,70.5199966430664,66.0
2024-12-30 01:31:00+00:00,70.52999877929688,70.56999969482422,70.52999877929688,70.56999969482422,62.0
2024-12-30 01:32:00+00:00,70.54000091552734,70.55999755859375,70.5199966430664,70.52999877929688,42.0
2024-12-30 01:33:00+00:00,70.55000305175781,70.55000305175781,70.54000091552734,70.54000091552734,5.0
2024-12-30 01:34:00+00:00,70.55999755859375,70.55999755859375,70.52999877929688,70.54000091552734,30.0
2024-12-30 01:35:00+00:00,70.55999755859375,70.56999969482422,70.55000305175781,70.55999755859375,18.0
2024-12-30 01:36:00+00:00,70.56999969482422,70.56999969482422,70.55999755859375,70.55999755859375,23.0
2024-12-30 01:37:00+00:00,70.55999755859375,70.55999755859375,70.55000305175781,70.55999755859375,18.0
2024-12-30 01:38:00+00:00,70.56999969482422,70.56999969482422,70.55999755859375,70.55999755859375,22.0
2024-12-30 01:39:00+00:00,70.56999969482422,70.58000183105469,70.55999755859375,70.55999755859375,31.0
2024-12-30 01:40:00+00:00,70.5999984741211,70.5999984741211,70.58999633789062,70.5999984741211,57.0
2024-12-30 01:41:00+00:00,70.58000183105469,70.61000061035156,70.58000183105469,70.5999984741211,65.0
2024-12-30 01:42:00+00:00,70.62000274658203,70.62000274658203,70.58000183105469,70.58999633789062,286.0
2024-12-30 01:43:00+00:00,70.62000274658203,70.62999725341797,70.61000061035156,70.62000274658203,53.0
2024-12-30 01:44:00+00:00,70.6500015258789,70.66000366210938,70.61000061035156,70.61000061035156,73.0
2024-12-30 01:45:00+00:00,70.63999938964844,70.66000366210938,70.63999938964844,70.6500015258789,43.0
2024-12-30 01:46:00+00:00,70.63999938964844,70.6500015258789,70.62999725341797,70.62999725341797,53.0
2024-12-30 01:47:00+00:00,70.66000366210938,70.66000366210938,70.63999938964844,70.63999938964844,37.0
2024-12-30 01:48:00+00:00,70.70999908447266,70.70999908447266,70.6500015258789,70.6500015258789,668.0
2024-12-30 01:49:00+00:00,70.70999908447266,70.70999908447266,70.69999694824219,70.69999694824219,73.0
2024-12-30 01:50:00+00:00,70.69000244140625,70.70999908447266,70.69000244140625,70.70999908447266,19.0
2024-12-30 01:51:00+00:00,70.69999694824219,70.69999694824219,70.69000244140625,70.69000244140625,34.0
2024-12-30 01:52:00+00:00,70.68000030517578,70.69999694824219,70.68000030517578,70.69999694824219,26.0
2024-12-30 01:53:00+00:00,70.66000366210938,70.66999816894531,70.6500015258789,70.66999816894531,32.0
2024-12-30 01:54:00+00:00,70.68000030517578,70.68000030517578,70.66000366210938,70.66999816894531,21.0
2024-12-30 01:55:00+00:00,70.69999694824219,70.69999694824219,70.6500015258789,70.66999816894531,358.0
2024-12-30 01:56:00+00:00,70.70999908447266,70.72000122070312,70.69000244140625,70.69999694824219,620.0
2024-12-30 01:57:00+00:00,70.69999694824219,70.70999908447266,70.69000244140625,70.69999694824219,34.0
2024-12-30 01:58:00+00:00,70.72000122070312,70.73999786376953,70.69999694824219,70.69999694824219,98.0
2024-12-30 01:59:00+00:00,70.73999786376953,70.73999786376953,70.72000122070312,70.7300033569336,122.0
2024-12-30 02:00:00+00:00,70.73999786376953,70.75,70.70999908447266,70.7300033569336,135.0
2024-12-30 02:01:00+00:00,70.72000122070312,70.73999786376953,70.72000122070312,70.7300033569336,37.0
2024-12-30 02:02:00+00:00,70.70999908447266,70.72000122070312,70.69999694824219,70.70999908447266,34.0
2024-12-30 02:03:00+00:00,70.70999908447266,70.72000122070312,70.69999694824219,70.70999908447266,102.0
2024-12-30 02:04:00+00:00,70.69999694824219,70.70999908447266,70.69000244140625,70.70999908447266,23.0
2024-12-30 02:05:00+00:00,70.66000366210938,70.69000244140625,70.63999938964844,70.69000244140625,78.0
2024-12-30 02:06:00+00:00,70.66000366210938,70.66999816894531,70.66000366210938,70.66000366210938,312.0
2024-12-30 02:07:00+00:00,70.70999908447266,70.70999908447266,70.66999816894531,70.66999816894531,87.0
2024-12-30 02:08:00+00:00,70.70999908447266,70.70999908447266,70.70999908447266,70.70999908447266,4.0
2024-12-30 02:09:00+00:00,70.69999694824219,70.70999908447266,70.69999694824219,70.69999694824219,12.0
2024-12-30 02:10:00+00:00,70.70999908447266,70.70999908447266,70.69999694824219,70.69999694824219,7.0
2024-12-30 02:11:00+00:00,70.69999694824219,70.70999908447266,70.69999694824219,70.70999908447266,20.0
2024-12-30 02:12:00+00:00,70.70999908447266,70.70999908447266,70.69999694824219,70.69999694824219,6.0
2024-12-30 02:13:00+00:00,70.69000244140625,70.70999908447266,70.68000030517578,70.69999694824219,30.0
2024-12-30 02:14:00+00:00,70.66999816894531,70.69000244140625,70.66999816894531,70.69000244140625,8.0
2024-12-30 02:15:00+00:00,70.66999816894531,70.68000030517578,70.66000366210938,70.68000030517578,14.0
2024-12-30 02:16:00+00:00,70.68000030517578,70.69000244140625,70.66999816894531,70.66999816894531,297.0
2024-12-30 02:17:00+00:00,70.66999816894531,70.69000244140625,70.66999816894531,70.69000244140625,15.0
2024-12-30 02:18:00+00:00,70.6500015258789,70.66999816894531,70.6500015258789,70.66999816894531,16.0
2024-12-30 02:19:00+00:00,70.6500015258789,70.66000366210938,70.6500015258789,70.66000366210938,15.0
2024-12-30 02:20:00+00:00,70.66000366210938,70.66000366210938,70.66000366210938,70.66000366210938,14.0
2024-12-30 02:21:00+00:00,70.66999816894531,70.66999816894531,70.66999816894531,70.66999816894531,5.0
2024-12-30 02:22:00+00:00,70.68000030517578,70.68000030517578,70.66999816894531,70.66999816894531,14.0
2024-12-30 02:23:00+00:00,70.66000366210938,70.68000030517578,70.66000366210938,70.66999816894531,6.0
2024-12-30 02:24:00+00:00,70.66000366210938,70.66000366210938,70.66000366210938,70.66000366210938,6.0
2024-12-30 02:25:00+00:00,70.66999816894531,70.66999816894531,70.66999816894531,70.66999816894531,10.0
2024-12-30 02:26:00+00:00,70.66000366210938,70.66000366210938,70.6500015258789,70.66000366210938,15.0
2024-12-30 02:27:00+00:00,70.66000366210938,70.66999816894531,70.66000366210938,70.66000366210938,6.0
2024-12-30 02:28:00+00:00,70.6500015258789,70.66000366210938,70.6500015258789,70.66000366210938,8.0
2024-12-30 02:29:00+00:00,70.6500015258789,70.6500015258789,70.63999938964844,70.6500015258789,14.0
2024-12-30 02:30:00+00:00,70.6500015258789,70.6500015258789,70.62000274658203,70.63999938964844,50.0
2024-12-30 02:31:00+00:00,70.66999816894531,70.66999816894531,70.63999938964844,70.63999938964844,27.0
2024-12-30 02:32:00+00:00,70.68000030517578,70.69999694824219,70.68000030517578,70.69000244140625,104.0
2024-12-30 02:33:00+00:00,70.68000030517578,70.68000030517578,70.66999816894531,70.68000030517578,20.0
2024-12-30 02:34:00+00:00,70.69000244140625,70.69999694824219,70.66999816894531,70.66999816894531,21.0
2024-12-30 02:35:00+00:00,70.69000244140625,70.69999694824219,70.68000030517578,70.69000244140625,22.0
2024-12-30 02:36:00+00:00,70.68000030517578,70.69000244140625,70.66999816894531,70.69000244140625,36.0
2024-12-30 02:37:00+00:00,70.69000244140625,70.69000244140625,70.66999816894531,70.68000030517578,10.0
2024-12-30 02:38:00+00:00,70.69000244140625,70.69999694824219,70.69000244140625,70.69000244140625,29.0
2024-12-30 02:39:00+00:00,70.68000030517578,70.69000244140625,70.68000030517578,70.69000244140625,7.0
2024-12-30 02:40:00+00:00,70.69000244140625,70.69000244140625,70.68000030517578,70.68000030517578,24.0
2024-12-30 02:41:00+00:00,70.69000244140625,70.69000244140625,70.69000244140625,70.69000244140625,29.0
2024-12-30 02:42:00+00:00,70.66999816894531,70.69000244140625,70.66999816894531,70.69000244140625,10.0
2024-12-30 02:43:00+00:00,70.66000366210938,70.66999816894531,70.66000366210938,70.66999816894531,18.0
2024-12-30 02:44:00+00:00,70.63999938964844,70.66000366210938,70.63999938964844,70.66000366210938,12.0
2024-12-30 02:45:00+00:00,70.6500015258789,70.66000366210938,70.6500015258789,70.6500015258789,9.0
2024-12-30 02:46:00+00:00,70.6500015258789,70.6500015258789,70.63999938964844,70.6500015258789,3.0
2024-12-30 02:47:00+00:00,70.6500015258789,70.6500015258789,70.62999725341797,70.63999938964844,20.0
2024-12-30 02:48:00+00:00,70.66000366210938,70.66000366210938,70.66000366210938,70.66000366210938,4.0
2024-12-30 02:49:00+00:00,70.66999816894531,70.66999816894531,70.66999816894531,70.66999816894531,1.0
2024-12-30 02:50:00+00:00,70.66000366210938,70.66000366210938,70.66000366210938,70.66000366210938,38.0
2024-12-30 02:51:00+00:00,70.66999816894531,70.66999816894531,70.66000366210938,70.66000366210938,9.0
2024-12-30 02:52:00+00:00,70.6500015258789,70.66000366210938,70.6500015258789,70.66000366210938,13.0
2024-12-30 02:53:00+00:00,70.6500015258789,70.6500015258789,70.6500015258789,70.6500015258789,12.0
2024-12-30 02:54:00+00:00,70.66000366210938,70.66000366210938,70.6500015258789,70.6500015258789,8.0
2024-12-30 02:55:00+00:00,70.63999938964844,70.6500015258789,70.63999938964844,70.6500015258789,12.0
2024-12-30 02:56:00+00:00,70.6500015258789,70.6500015258789,70.63999938964844,70.63999938964844,9.0
2024-12-30 02:57:00+00:00,70.63999938964844,70.6500015258789,70.63999938964844,70.6500015258789,6.0
2024-12-30 02:59:00+00:00,70.62999725341797,70.63999938964844,70.62999725341797,70.63999938964844,10.0
2024-12-30 03:00:00+00:00,70.63999938964844,70.63999938964844,70.63999938964844,70.63999938964844,6.0
2024-12-30 03:02:00+00:00,70.62999725341797,70.62999725341797,70.62999725341797,70.62999725341797,4.0
2024-12-30 03:03:00+00:00,70.62999725341797,70.62999725341797,70.62000274658203,70.62999725341797,12.0
2024-12-30 03:04:00+00:00,70.62000274658203,70.62999725341797,70.62000274658203,70.62999725341797,6.0
2024-12-30 03:05:00+00:00,70.62999725341797,70.62999725341797,70.61000061035156,70.61000061035156,9.0
2024-12-30 03:06:00+00:00,70.61000061035156,70.62999725341797,70.61000061035156,70.62999725341797,3.0
2024-12-30 03:07:00+00:00,70.62000274658203,70.62000274658203,70.62000274658203,70.62000274658203,4.0
2024-12-30 03:08:00+00:00,70.62999725341797,70.62999725341797,70.62000274658203,70.62000274658203,11.0
2024-12-30 03:09:00+00:00,70.61000061035156,70.62999725341797,70.61000061035156,70.62999725341797,9.0
2024-12-30 03:10:00+00:00,70.62000274658203,70.62000274658203,70.62000274658203,70.62000274658203,10.0
2024-12-30 03:11:00+00:00,70.62000274658203,70.62000274658203,70.61000061035156,70.61000061035156,6.0
2024-12-30 03:12:00+00:00,70.62999725341797,70.62999725341797,70.62999725341797,70.62999725341797,6.0
2024-12-30 03:13:00+00:00,70.62000274658203,70.63999938964844,70.61000061035156,70.63999938964844,14.0
2024-12-30 03:14:00+00:00,70.62000274658203,70.6500015258789,70.62000274658203,70.63999938964844,70.0
2024-12-30 03:15:00+00:00,70.61000061035156,70.62000274658203,70.61000061035156,70.61000061035156,16.0
2024-12-30 03:16:00+00:00,70.62999725341797,70.62999725341797,70.62000274658203,70.62000274658203,12.0
2024-12-30 03:17:00+00:00,70.62999725341797,70.63999938964844,70.62000274658203,70.62999725341797,13.0
2024-12-30 03:18:00+00:00,70.6500015258789,70.6500015258789,70.62999725341797,70.62999725341797,187.0
2024-12-30 03:19:00+00:00,70.66000366210938,70.66000366210938,70.63999938964844,70.63999938964844,6.0
2024-12-30 03:20:00+00:00,70.66000366210938,70.66000366210938,70.66000366210938,70.66000366210938,1.0
2024-12-30 03:21:00+00:00,70.62000274658203,70.6500015258789,70.62000274658203,70.6500015258789,29.0
2024-12-30 03:22:00+00:00,70.62000274658203,70.62000274658203,70.62000274658203,70.62000274658203,40.0
2024-12-30 03:23:00+00:00,70.62000274658203,70.62000274658203,70.61000061035156,70.61000061035156,7.0
2024-12-30 03:24:00+00:00,70.61000061035156,70.62000274658203,70.61000061035156,70.61000061035156,28.0
2024-12-30 03:25:00+00:00,70.5999984741211,70.5999984741211,70.58999633789062,70.5999984741211,24.0
2024-12-30 03:26:00+00:00,70.5999984741211,70.5999984741211,70.5999984741211,70.5999984741211,9.0
2024-12-30 03:27:00+00:00,70.5999984741211,70.5999984741211,70.58999633789062,70.5999984741211,12.0
2024-12-30 03:28:00+00:00,70.5999984741211,70.5999984741211,70.58999633789062,70.58999633789062,4.0
2024-12-30 03:29:00+00:00,70.5999984741211,70.5999984741211,70.5999984741211,70.5999984741211,6.0
2024-12-30 03:30:00+00:00,70.61000061035156,70.61000061035156,70.5999984741211,70.5999984741211,16.0
2024-12-30 03:31:00+00:00,70.62000274658203,70.62000274658203,70.62000274658203,70.62000274658203,11.0
2024-12-30 03:32:00+00:00,70.62999725341797,70.62999725341797,70.62000274658203,70.62000274658203,5.0
2024-12-30 03:33:00+00:00,70.62999725341797,70.63999938964844,70.62999725341797,70.62999725341797,10.0
2024-12-30 03:35:00+00:00,70.62000274658203,70.62000274658203,70.62000274658203,70.62000274658203,6.0
2024-12-30 03:36:00+00:00,70.61000061035156,70.61000061035156,70.61000061035156,70.61000061035156,14.0
2024-12-30 03:37:00+00:00,70.62000274658203,70.62999725341797,70.61000061035156,70.61000061035156,16.0
2024-12-30 03:39:00+00:00,70.62000274658203,70.62000274658203,70.62000274658203,70.62000274658203,2.0
2024-12-30 03:40:00+00:00,70.62999725341797,70.62999725341797,70.62999725341797,70.62999725341797,8.0
2024-12-30 03:41:00+00:00,70.62999725341797,70.62999725341797,70.62999725341797,70.62999725341797,3.0
2024-12-30 03:42:00+00:00,70.63999938964844,70.63999938964844,70.63999938964844,70.63999938964844,5.0
2024-12-30 03:43:00+00:00,70.63999938964844,70.63999938964844,70.63999938964844,70.63999938964844,2.0
2024-12-30 03:44:00+00:00,70.63999938964844,70.6500015258789,70.63999938964844,70.6500015258789,7.0
2024-12-30 03:51:00+00:00,70.6500015258789,70.6500015258789,70.6500015258789,70.6500015258789,7.0
2024-12-30 03:52:00+00:00,70.6500015258789,70.6500015258789,70.6500015258789,70.6500015258789,11.0
2024-12-30 03:53:00+00:00,70.6500015258789,70.6500015258789,70.6500015258789,70.6500015258789,2.0
2024-12-30 03:54:00+00:00,70.6500015258789,70.6500015258789,70.6500015258789,70.6500015258789,6.0
2024-12-30 03:56:00+00:00,70.66000366210938,70.66000366210938,70.6500015258789,70.6500015258789,27.0
2024-12-30 03:57:00+00:00,70.63999938964844,70.6500015258789,70.63999938964844,70.6500015258789,4.0
2024-12-30 03:59:00+00:00,70.6500015258789,70.6500015258789,70.63999938964844,70.63999938964844,14.0
2024-12-30 04:00:00+00:00,70.62999725341797,70.66000366210938,70.62999725341797,70.66000366210938,17.0
2024-12-30 04:01:00+00:00,70.62999725341797,70.62999725341797,70.62999725341797,70.62999725341797,1.0
2024-12-30 04:03:00+00:00,70.62999725341797,70.62999725341797,70.62999725341797,70.62999725341797,7.0
2024-12-30 04:04:00+00:00,70.63999938964844,70.63999938964844,70.62000274658203,70.62999725341797,7.0
2024-12-30 04:08:00+00:00,70.62000274658203,70.62999725341797,70.61000061035156,70.62999725341797,19.0
2024-12-30 04:09:00+00:00,70.61000061035156,70.61000061035156,70.61000061035156,70.61000061035156,2.0
2024-12-30 04:10:00+00:00,70.61000061035156,70.61000061035156,70.61000061035156,70.61000061035156,8.0
2024-12-30 04:12:00+00:00,70.62000274658203,70.62000274658203,70.62000274658203,70.62000274658203,3.0
2024-12-30 04:13:00+00:00,70.61000061035156,70.62000274658203,70.61000061035156,70.62000274658203,11.0
2024-12-30 04:14:00+00:00,70.61000061035156,70.61000061035156,70.5999984741211,70.61000061035156,12.0
2024-12-30 04:15:00+00:00,70.61000061035156,70.61000061035156,70.61000061035156,70.61000061035156,1.0
2024-12-30 04:16:00+00:00,70.61000061035156,70.62000274658203,70.61000061035156,70.62000274658203,48.0
2024-12-30 04:17:00+00:00,70.61000061035156,70.61000061035156,70.61000061035156,70.61000061035156,34.0
2024-12-30 04:18:00+00:00,70.61000061035156,70.61000061035156,70.5999984741211,70.61000061035156,16.0
2024-12-30 04:20:00+00:00,70.61000061035156,70.61000061035156,70.5999984741211,70.61000061035156,99.0
2024-12-30 04:22:00+00:00,70.61000061035156,70.61000061035156,70.61000061035156,70.61000061035156,13.0
2024-12-30 04:24:00+00:00,70.62000274658203,70.62000274658203,70.61000061035156,70.62000274658203,31.0
2024-12-30 04:25:00+00:00,70.62999725341797,70.62999725341797,70.62000274658203,70.62000274658203,16.0
2024-12-30 04:26:00+00:00,70.62000274658203,70.62999725341797,70.62000274658203,70.62000274658203,9.0
2024-12-30 04:27:00+00:00,70.62000274658203,70.62000274658203,70.5999984741211,70.61000061035156,20.0
2024-12-30 04:30:00+00:00,70.62999725341797,70.62999725341797,70.61000061035156,70.62000274658203,21.0
2024-12-30 04:31:00+00:00,70.63999938964844,70.63999938964844,70.62999725341797,70.62999725341797,11.0
2024-12-30 04:32:00+00:00,70.62999725341797,70.62999725341797,70.62999725341797,70.62999725341797,32.0
2024-12-30 04:33:00+00:00,70.63999938964844,70.63999938964844,70.62999725341797,70.62999725341797,3.0
2024-12-30 04:34:00+00:00,70.62999725341797,70.63999938964844,70.62000274658203,70.63999938964844,15.0
2024-12-30 04:35:00+00:00,70.6500015258789,70.6500015258789,70.63999938964844,70.63999938964844,12.0
2024-12-30 04:37:00+00:00,70.6500015258789,70.6500015258789,70.63999938964844,70.6500015258789,8.0
2024-12-30 04:39:00+00:00,70.62999725341797,70.63999938964844,70.62999725341797,70.63999938964844,5.0
2024-12-30 04:40:00+00:00,70.6500015258789,70.6500015258789,70.63999938964844,70.63999938964844,4.0
2024-12-30 04:41:00+00:00,70.63999938964844,70.6500015258789,70.62999725341797,70.63999938964844,27.0
2024-12-30 04:42:00+00:00,70.63999938964844,70.63999938964844,70.62999725341797,70.62999725341797,6.0
2024-12-30 04:44:00+00:00,70.66999816894531,70.68000030517578,70.66000366210938,70.66000366210938,19.0
2024-12-30 04:45:00+00:00,70.66999816894531,70.68000030517578,70.66999816894531,70.66999816894531,30.0
2024-12-30 04:46:00+00:00,70.66999816894531,70.68000030517578,70.66999816894531,70.68000030517578,7.0
2024-12-30 04:47:00+00:00,70.68000030517578,70.68000030517578,70.68000030517578,70.68000030517578,15.0
2024-12-30 04:48:00+00:00,70.68000030517578,70.68000030517578,70.66999816894531,70.66999816894531,7.0
2024-12-30 04:49:00+00:00,70.68000030517578,70.69000244140625,70.68000030517578,70.68000030517578,11.0
2024-12-30 04:51:00+00:00,70.68000030517578,70.69999694824219,70.68000030517578,70.69999694824219,29.0
2024-12-30 04:52:00+00:00,70.69000244140625,70.69000244140625,70.68000030517578,70.69000244140625,6.0
2024-12-30 04:53:00+00:00,70.69000244140625,70.69000244140625,70.69000244140625,70.69000244140625,4.0
2024-12-30 04:54:00+00:00,70.68000030517578,70.69000244140625,70.68000030517578,70.69000244140625,4.0
2024-12-30 04:55:00+00:00,70.68000030517578,70.69000244140625,70.68000030517578,70.69000244140625,2.0
2024-12-30 04:56:00+00:00,70.68000030517578,70.68000030517578,70.68000030517578,70.68000030517578,1.0
2024-12-30 04:57:00+00:00,70.69000244140625,70.69000244140625,70.69000244140625,70.69000244140625,14.0
2024-12-30 04:58:00+00:00,70.69000244140625,70.69000244140625,70.69000244140625,70.69000244140625,3.0
2024-12-30 05:00:00+00:00,70.66999816894531,70.69000244140625,70.66999816894531,70.69000244140625,13.0
2024-12-30 05:01:00+00:00,70.69000244140625,70.69999694824219,70.68000030517578,70.68000030517578,31.0
2024-12-30 05:02:00+00:00,70.69000244140625,70.69000244140625,70.68000030517578,70.69000244140625,11.0
2024-12-30 05:03:00+00:00,70.68000030517578,70.69000244140625,70.68000030517578,70.68000030517578,5.0
2024-12-30 05:05:00+00:00,70.68000030517578,70.69000244140625,70.68000030517578,70.69000244140625,9.0
2024-12-30 05:06:00+00:00,70.69000244140625,70.69000244140625,70.68000030517578,70.68000030517578,3.0
2024-12-30 05:07:00+00:00,70.69000244140625,70.69000244140625,70.68000030517578,70.68000030517578,11.0
2024-12-30 05:08:00+00:00,70.69000244140625,70.69999694824219,70.69000244140625,70.69999694824219,3.0
2024-12-30 05:09:00+00:00,70.69000244140625,70.69999694824219,70.69000244140625,70.69000244140625,6.0
2024-12-30 05:10:00+00:00,70.68000030517578,70.69000244140625,70.68000030517578,70.69000244140625,5.0
2024-12-30 05:13:00+00:00,70.69000244140625,70.69000244140625,70.69000244140625,70.69000244140625,5.0
2024-12-30 05:14:00+00:00,70.69000244140625,70.69000244140625,70.69000244140625,70.69000244140625,6.0
2024-12-30 05:15:00+00:00,70.69000244140625,70.69999694824219,70.68000030517578,70.69000244140625,9.0
2024-12-30 05:16:00+00:00,70.70999908447266,70.72000122070312,70.69000244140625,70.69000244140625,32.0
2024-12-30 05:17:00+00:00,70.70999908447266,70.72000122070312,70.70999908447266,70.70999908447266,11.0
2024-12-30 05:18:00+00:00,70.70999908447266,70.72000122070312,70.70999908447266,70.72000122070312,20.0
2024-12-30 05:19:00+00:00,70.72000122070312,70.72000122070312,70.72000122070312,70.72000122070312,5.0
2024-12-30 05:20:00+00:00,70.69999694824219,70.70999908447266,70.69999694824219,70.70999908447266,13.0
2024-12-30 05:22:00+00:00,70.69999694824219,70.69999694824219,70.69000244140625,70.69000244140625,9.0
2024-12-30 05:23:00+00:00,70.66000366210938,70.69000244140625,70.66000366210938,70.69000244140625,37.0
2024-12-30 05:24:00+00:00,70.66000366210938,70.66000366210938,70.6500015258789,70.66000366210938,17.0
2024-12-30 05:25:00+00:00,70.66000366210938,70.66999816894531,70.66000366210938,70.66999816894531,9.0
2024-12-30 05:26:00+00:00,70.66000366210938,70.66000366210938,70.66000366210938,70.66000366210938,7.0
2024-12-30 05:27:00+00:00,70.6500015258789,70.6500015258789,70.6500015258789,70.6500015258789,1.0
2024-12-30 05:29:00+00:00,70.6500015258789,70.6500015258789,70.63999938964844,70.63999938964844,3.0
2024-12-30 05:30:00+00:00,70.62000274658203,70.63999938964844,70.61000061035156,70.62999725341797,49.0
2024-12-30 05:31:00+00:00,70.62000274658203,70.62999725341797,70.61000061035156,70.62999725341797,47.0
2024-12-30 05:32:00+00:00,70.62000274658203,70.62000274658203,70.62000274658203,70.62000274658203,8.0
2024-12-30 05:33:00+00:00,70.61000061035156,70.62000274658203,70.61000061035156,70.61000061035156,8.0
2024-12-30 05:34:00+00:00,70.62000274658203,70.62000274658203,70.61000061035156,70.61000061035156,25.0
2024-12-30 05:35:00+00:00,70.62999725341797,70.62999725341797,70.62000274658203,70.62000274658203,13.0
2024-12-30 05:36:00+00:00,70.62999725341797,70.62999725341797,70.61000061035156,70.62000274658203,33.0
2024-12-30 05:37:00+00:00,70.63999938964844,70.63999938964844,70.62999725341797,70.62999725341797,14.0
2024-12-30 05:38:00+00:00,70.6500015258789,70.6500015258789,70.63999938964844,70.63999938964844,28.0
2024-12-30 05:40:00+00:00,70.6500015258789,70.66000366210938,70.6500015258789,70.6500015258789,16.0
2024-12-30 05:41:00+00:00,70.66000366210938,70.66000366210938,70.6500015258789,70.66000366210938,21.0
2024-12-30 05:42:00+00:00,70.63999938964844,70.66000366210938,70.63999938964844,70.66000366210938,21.0
2024-12-30 05:43:00+00:00,70.62999725341797,70.62999725341797,70.62000274658203,70.62999725341797,8.0
2024-12-30 05:45:00+00:00,70.62000274658203,70.62999725341797,70.61000061035156,70.62999725341797,12.0
2024-12-30 05:47:00+00:00,70.62000274658203,70.62000274658203,70.62000274658203,70.62000274658203,1.0
2024-12-30 05:48:00+00:00,70.6500015258789,70.6500015258789,70.62999725341797,70.62999725341797,6.0
2024-12-30 05:49:00+00:00,70.63999938964844,70.6500015258789,70.63999938964844,70.63999938964844,7.0
2024-12-30 05:51:00+00:00,70.66000366210938,70.66999816894531,70.66000366210938,70.66000366210938,15.0
2024-12-30 05:52:00+00:00,70.6500015258789,70.66000366210938,70.6500015258789,70.66000366210938,136.0
2024-12-30 05:54:00+00:00,70.66000366210938,70.66000366210938,70.66000366210938,70.66000366210938,2.0
2024-12-30 05:55:00+00:00,70.6500015258789,70.6500015258789,70.63999938964844,70.6500015258789,24.0
2024-12-30 05:56:00+00:00,70.63999938964844,70.6500015258789,70.63999938964844,70.63999938964844,10.0
2024-12-30 05:57:00+00:00,70.62999725341797,70.63999938964844,70.62999725341797,70.63999938964844,9.0
2024-12-30 06:00:00+00:00,70.6500015258789,70.6500015258789,70.62999725341797,70.62999725341797,11.0
2024-12-30 06:01:00+00:00,70.66000366210938,70.66000366210938,70.6500015258789,70.6500015258789,7.0
2024-12-30 06:03:00+00:00,70.6500015258789,70.66000366210938,70.6500015258789,70.66000366210938,5.0
2024-12-30 06:05:00+00:00,70.66000366210938,70.66000366210938,70.66000366210938,70.66000366210938,17.0
2024-12-30 06:06:00+00:00,70.6500015258789,70.66000366210938,70.6500015258789,70.66000366210938,14.0
2024-12-30 06:08:00+00:00,70.6500015258789,70.66000366210938,70.6500015258789,70.66000366210938,19.0
2024-12-30 06:09:00+00:00,70.66000366210938,70.66000366210938,70.6500015258789,70.6500015258789,3.0
2024-12-30 06:10:00+00:00,70.66999816894531,70.68000030517578,70.66999816894531,70.66999816894531,32.0
2024-12-30 06:11:00+00:00,70.66999816894531,70.68000030517578,70.66000366210938,70.66999816894531,24.0
2024-12-30 06:12:00+00:00,70.66999816894531,70.66999816894531,70.66999816894531,70.66999816894531,3.0
2024-12-30 06:13:00+00:00,70.66000366210938,70.66000366210938,70.66000366210938,70.66000366210938,3.0
2024-12-30 06:15:00+00:00,70.63999938964844,70.66000366210938,70.63999938964844,70.66000366210938,22.0
2024-12-30 06:17:00+00:00,70.63999938964844,70.6500015258789,70.62999725341797,70.63999938964844,43.0
2024-12-30 06:19:00+00:00,70.62999725341797,70.62999725341797,70.62000274658203,70.62999725341797,27.0
2024-12-30 06:21:00+00:00,70.63999938964844,70.6500015258789,70.63999938964844,70.63999938964844,21.0
2024-12-30 06:22:00+00:00,70.6500015258789,70.6500015258789,70.62999725341797,70.63999938964844,27.0
2024-12-30 06:23:00+00:00,70.66000366210938,70.66000366210938,70.66000366210938,70.66000366210938,15.0
2024-12-30 06:24:00+00:00,70.66999816894531,70.66999816894531,70.66000366210938,70.66000366210938,3.0
2024-12-30 06:26:00+00:00,70.63999938964844,70.63999938964844,70.62999725341797,70.63999938964844,21.0
2024-12-30 06:28:00+00:00,70.63999938964844,70.6500015258789,70.63999938964844,70.6500015258789,9.0
2024-12-30 06:29:00+00:00,70.63999938964844,70.6500015258789,70.62999725341797,70.63999938964844,16.0
2024-12-30 06:32:00+00:00,70.63999938964844,70.63999938964844,70.63999938964844,70.63999938964844,1.0
2024-12-30 06:33:00+00:00,70.66999816894531,70.66999816894531,70.6500015258789,70.6500015258789,38.0
2024-12-30 06:36:00+00:00,70.66000366210938,70.66999816894531,70.66000366210938,70.66999816894531,15.0
2024-12-30 06:37:00+00:00,70.63999938964844,70.6500015258789,70.63999938964844,70.6500015258789,8.0
2024-12-30 06:38:00+00:00,70.61000061035156,70.62999725341797,70.61000061035156,70.62999725341797,64.0
2024-12-30 06:39:00+00:00,70.5999984741211,70.61000061035156,70.58000183105469,70.61000061035156,40.0
2024-12-30 06:40:00+00:00,70.5999984741211,70.5999984741211,70.58999633789062,70.5999984741211,19.0
2024-12-30 06:41:00+00:00,70.61000061035156,70.61000061035156,70.58999633789062,70.5999984741211,14.0
2024-12-30 06:42:00+00:00,70.61000061035156,70.62000274658203,70.5999984741211,70.5999984741211,16.0
2024-12-30 06:43:00+00:00,70.58999633789062,70.5999984741211,70.58999633789062,70.5999984741211,15.0
2024-12-30 06:44:00+00:00,70.58999633789062,70.58999633789062,70.58999633789062,70.58999633789062,10.0
2024-12-30 06:45:00+00:00,70.58999633789062,70.5999984741211,70.58999633789062,70.5999984741211,17.0
2024-12-30 06:46:00+00:00,70.55999755859375,70.58000183105469,70.55999755859375,70.58000183105469,39.0
2024-12-30 06:47:00+00:00,70.54000091552734,70.55999755859375,70.52999877929688,70.55999755859375,47.0
2024-12-30 06:48:00+00:00,70.5199966430664,70.54000091552734,70.5199966430664,70.54000091552734,49.0
2024-12-30 06:49:00+00:00,70.54000091552734,70.54000091552734,70.5199966430664,70.52999877929688,45.0
2024-12-30 06:50:00+00:00,70.52999877929688,70.55000305175781,70.52999877929688,70.52999877929688,31.0
2024-12-30 06:51:00+00:00,70.52999877929688,70.52999877929688,70.52999877929688,70.52999877929688,9.0
2024-12-30 06:52:00+00:00,70.54000091552734,70.54000091552734,70.54000091552734,70.54000091552734,24.0
2024-12-30 06:53:00+00:00,70.55000305175781,70.55999755859375,70.55000305175781,70.55000305175781,26.0
2024-12-30 06:54:00+00:00,70.55000305175781,70.55000305175781,70.55000305175781,70.55000305175781,10.0
2024-12-30 06:55:00+00:00,70.54000091552734,70.55000305175781,70.52999877929688,70.55000305175781,17.0
2024-12-30 06:56:00+00:00,70.54000091552734,70.55000305175781,70.54000091552734,70.54000091552734,14.0
2024-12-30 06:57:00+00:00,70.54000091552734,70.54000091552734,70.54000091552734,70.54000091552734,3.0
2024-12-30 06:58:00+00:00,70.54000091552734,70.54000091552734,70.52999877929688,70.54000091552734,22.0
2024-12-30 06:59:00+00:00,70.54000091552734,70.54000091552734,70.52999877929688,70.52999877929688,11.0
2024-12-30 07:00:00+00:00,70.55999755859375,70.55999755859375,70.54000091552734,70.55000305175781,19.0
2024-12-30 07:01:00+00:00,70.54000091552734,70.55000305175781,70.51000213623047,70.55000305175781,50.0
2024-12-30 07:02:00+00:00,70.52999877929688,70.54000091552734,70.5199966430664,70.52999877929688,8.0
2024-12-30 07:03:00+00:00,70.5199966430664,70.54000091552734,70.51000213623047,70.52999877929688,36.0
2024-12-30 07:04:00+00:00,70.5,70.51000213623047,70.4800033569336,70.51000213623047,69.0
2024-12-30 07:05:00+00:00,70.5199966430664,70.5199966430664,70.48999786376953,70.48999786376953,16.0
2024-12-30 07:06:00+00:00,70.52999877929688,70.52999877929688,70.52999877929688,70.52999877929688,4.0
2024-12-30 07:07:00+00:00,70.52999877929688,70.52999877929688,70.5199966430664,70.52999877929688,10.0
2024-12-30 07:08:00+00:00,70.5199966430664,70.52999877929688,70.5,70.5199966430664,13.0
2024-12-30 07:09:00+00:00,70.51000213623047,70.51000213623047,70.51000213623047,70.51000213623047,10.0
2024-12-30 07:10:00+00:00,70.52999877929688,70.52999877929688,70.51000213623047,70.51000213623047,11.0
2024-12-30 07:11:00+00:00,70.56999969482422,70.56999969482422,70.5199966430664,70.5199966430664,126.0
2024-12-30 07:12:00+00:00,70.56999969482422,70.56999969482422,70.55999755859375,70.55999755859375,15.0
2024-12-30 07:13:00+00:00,70.55000305175781,70.55999755859375,70.55000305175781,70.55999755859375,24.0
2024-12-30 07:14:00+00:00,70.56999969482422,70.56999969482422,70.55000305175781,70.55000305175781,8.0
2024-12-30 07:15:00+00:00,70.56999969482422,70.56999969482422,70.55000305175781,70.55999755859375,21.0
2024-12-30 07:16:00+00:00,70.55000305175781,70.58000183105469,70.52999877929688,70.56999969482422,114.0
2024-12-30 07:17:00+00:00,70.55999755859375,70.55999755859375,70.54000091552734,70.55000305175781,29.0
2024-12-30 07:18:00+00:00,70.56999969482422,70.56999969482422,70.55999755859375,70.55999755859375,13.0
2024-12-30 07:19:00+00:00,70.56999969482422,70.56999969482422,70.55999755859375,70.56999969482422,16.0
2024-12-30 07:20:00+00:00,70.54000091552734,70.55999755859375,70.54000091552734,70.55000305175781,11.0
2024-12-30 07:21:00+00:00,70.55000305175781,70.55000305175781,70.52999877929688,70.54000091552734,42.0
2024-12-30 07:22:00+00:00,70.55000305175781,70.55999755859375,70.55000305175781,70.55999755859375,11.0
2024-12-30 07:23:00+00:00,70.55000305175781,70.55999755859375,70.54000091552734,70.55999755859375,22.0
2024-12-30 07:24:00+00:00,70.51000213623047,70.55999755859375,70.51000213623047,70.55000305175781,96.0
2024-12-30 07:25:00+00:00,70.5,70.5199966430664,70.47000122070312,70.51000213623047,310.0
2024-12-30 07:26:00+00:00,70.51000213623047,70.52999877929688,70.5,70.5,47.0
2024-12-30 07:27:00+00:00,70.48999786376953,70.51000213623047,70.48999786376953,70.51000213623047,29.0
2024-12-30 07:28:00+00:00,70.48999786376953,70.48999786376953,70.4800033569336,70.48999786376953,10.0
2024-12-30 07:29:00+00:00,70.48999786376953,70.5,70.48999786376953,70.5,10.0
2024-12-30 07:30:00+00:00,70.54000091552734,70.54000091552734,70.5,70.5,21.0
2024-12-30 07:31:00+00:00,70.55000305175781,70.55999755859375,70.52999877929688,70.55000305175781,99.0
2024-12-30 07:32:00+00:00,70.58999633789062,70.58999633789062,70.55000305175781,70.55000305175781,70.0
2024-12-30 07:33:00+00:00,70.55999755859375,70.58000183105469,70.55999755859375,70.58000183105469,24.0
2024-12-30 07:34:00+00:00,70.55000305175781,70.55000305175781,70.5199966430664,70.55000305175781,22.0
2024-12-30 07:35:00+00:00,70.5199966430664,70.55999755859375,70.5199966430664,70.55000305175781,52.0
2024-12-30 07:36:00+00:00,70.5199966430664,70.55000305175781,70.51000213623047,70.51000213623047,30.0
2024-12-30 07:37:00+00:00,70.5199966430664,70.54000091552734,70.5199966430664,70.52999877929688,8.0
2024-12-30 07:38:00+00:00,70.52999877929688,70.52999877929688,70.52999877929688,70.52999877929688,11.0
2024-12-30 07:39:00+00:00,70.5199966430664,70.52999877929688,70.5199966430664,70.5199966430664,18.0
2024-12-30 07:40:00+00:00,70.52999877929688,70.52999877929688,70.5199966430664,70.5199966430664,25.0
2024-12-30 07:41:00+00:00,70.54000091552734,70.54000091552734,70.5199966430664,70.52999877929688,35.0
2024-12-30 07:43:00+00:00,70.52999877929688,70.52999877929688,70.52999877929688,70.52999877929688,3.0
2024-12-30 07:44:00+00:00,70.52999877929688,70.52999877929688,70.5199966430664,70.5199966430664,4.0
2024-12-30 07:45:00+00:00,70.55999755859375,70.56999969482422,70.54000091552734,70.54000091552734,45.0
2024-12-30 07:46:00+00:00,70.55000305175781,70.55000305175781,70.54000091552734,70.55000305175781,11.0
2024-12-30 07:47:00+00:00,70.54000091552734,70.54000091552734,70.5199966430664,70.52999877929688,10.0
2024-12-30 07:48:00+00:00,70.55999755859375,70.55999755859375,70.54000091552734,70.54000091552734,23.0
2024-12-30 07:49:00+00:00,70.55999755859375,70.56999969482422,70.54000091552734,70.54000091552734,10.0
2024-12-30 07:50:00+00:00,70.55000305175781,70.55999755859375,70.54000091552734,70.55000305175781,18.0
2024-12-30 07:51:00+00:00,70.54000091552734,70.55000305175781,70.54000091552734,70.55000305175781,10.0
2024-12-30 07:52:00+00:00,70.54000091552734,70.55000305175781,70.54000091552734,70.54000091552734,21.0
2024-12-30 07:53:00+00:00,70.5199966430664,70.52999877929688,70.5199966430664,70.52999877929688,5.0
2024-12-30 07:54:00+00:00,70.5,70.51000213623047,70.5,70.51000213623047,32.0
2024-12-30 07:55:00+00:00,70.52999877929688,70.52999877929688,70.48999786376953,70.48999786376953,19.0
2024-12-30 07:56:00+00:00,70.5199966430664,70.52999877929688,70.5199966430664,70.52999877929688,9.0
2024-12-30 07:57:00+00:00,70.52999877929688,70.52999877929688,70.52999877929688,70.52999877929688,6.0
2024-12-30 07:58:00+00:00,70.54000091552734,70.54000091552734,70.52999877929688,70.52999877929688,4.0
2024-12-30 07:59:00+00:00,70.54000091552734,70.54000091552734,70.5199966430664,70.52999877929688,15.0
2024-12-30 08:00:00+00:00,70.6500015258789,70.66000366210938,70.5199966430664,70.52999877929688,207.0
2024-12-30 08:01:00+00:00,70.66000366210938,70.66999816894531,70.6500015258789,70.66000366210938,73.0
2024-12-30 08:02:00+00:00,70.62999725341797,70.66000366210938,70.62999725341797,70.6500015258789,111.0
2024-12-30 08:03:00+00:00,70.63999938964844,70.63999938964844,70.62000274658203,70.62000274658203,59.0
2024-12-30 08:04:00+00:00,70.62999725341797,70.6500015258789,70.62999725341797,70.63999938964844,41.0
2024-12-30 08:05:00+00:00,70.63999938964844,70.63999938964844,70.62000274658203,70.63999938964844,57.0
2024-12-30 08:06:00+00:00,70.62999725341797,70.63999938964844,70.61000061035156,70.63999938964844,45.0
2024-12-30 08:07:00+00:00,70.58000183105469,70.62999725341797,70.58000183105469,70.62999725341797,80.0
2024-12-30 08:08:00+00:00,70.55000305175781,70.58000183105469,70.54000091552734,70.56999969482422,77.0
2024-12-30 08:09:00+00:00,70.55999755859375,70.56999969482422,70.55000305175781,70.55999755859375,64.0
2024-12-30 08:10:00+00:00,70.5,70.58000183105469,70.5,70.56999969482422,195.0
2024-12-30 08:11:00+00:00,70.5,70.5199966430664,70.48999786376953,70.5,80.0
2024-12-30 08:12:00+00:00,70.51000213623047,70.51000213623047,70.48999786376953,70.5,44.0
2024-12-30 08:13:00+00:00,70.5199966430664,70.54000091552734,70.5,70.51000213623047,93.0
2024-12-30 08:14:00+00:00,70.51000213623047,70.51000213623047,70.48999786376953,70.51000213623047,28.0
2024-12-30 08:15:00+00:00,70.4800033569336,70.51000213623047,70.4800033569336,70.48999786376953,83.0
2024-12-30 08:16:00+00:00,70.5,70.5199966430664,70.4800033569336,70.4800033569336,104.0
2024-12-30 08:17:00+00:00,70.44999694824219,70.5,70.44000244140625,70.5,110.0
2024-12-30 08:18:00+00:00,70.41999816894531,70.44999694824219,70.41000366210938,70.44999694824219,175.0
2024-12-30 08:19:00+00:00,70.45999908447266,70.47000122070312,70.41999816894531,70.41999816894531,51.0
2024-12-30 08:20:00+00:00,70.4800033569336,70.4800033569336,70.44999694824219,70.44999694824219,51.0
2024-12-30 08:21:00+00:00,70.47000122070312,70.48999786376953,70.47000122070312,70.4800033569336,50.0
2024-12-30 08:22:00+00:00,70.45999908447266,70.47000122070312,70.43000030517578,70.47000122070312,32.0
2024-12-30 08:23:00+00:00,70.48999786376953,70.51000213623047,70.45999908447266,70.45999908447266,50.0
2024-12-30 08:24:00+00:00,70.48999786376953,70.5,70.48999786376953,70.48999786376953,14.0
2024-12-30 08:25:00+00:00,70.51000213623047,70.51000213623047,70.48999786376953,70.48999786376953,41.0
2024-12-30 08:26:00+00:00,70.52999877929688,70.56999969482422,70.5,70.51000213623047,142.0
2024-12-30 08:27:00+00:00,70.5,70.52999877929688,70.4800033569336,70.5199966430664,175.0
2024-12-30 08:28:00+00:00,70.51000213623047,70.51000213623047,70.47000122070312,70.5,104.0
2024-12-30 08:29:00+00:00,70.51000213623047,70.51000213623047,70.45999908447266,70.5,259.0
2024-12-30 08:30:00+00:00,70.56999969482422,70.56999969482422,70.48999786376953,70.48999786376953,241.0
2024-12-30 08:31:00+00:00,70.5199966430664,70.56999969482422,70.5199966430664,70.56999969482422,79.0
2024-12-30 08:32:00+00:00,70.5199966430664,70.55000305175781,70.5199966430664,70.5199966430664,87.0
2024-12-30 08:33:00+00:00,70.47000122070312,70.55000305175781,70.47000122070312,70.52999877929688,93.0
2024-12-30 08:34:00+00:00,70.43000030517578,70.4800033569336,70.43000030517578,70.47000122070312,189.0
2024-12-30 08:35:00+00:00,70.4000015258789,70.47000122070312,70.3499984741211,70.44000244140625,498.0
2024-12-30 08:36:00+00:00,70.41000366210938,70.41999816894531,70.4000015258789,70.41000366210938,87.0
2024-12-30 08:37:00+00:00,70.47000122070312,70.48999786376953,70.41999816894531,70.41999816894531,272.0
2024-12-30 08:38:00+00:00,70.47000122070312,70.4800033569336,70.45999908447266,70.4800033569336,44.0
2024-12-30 08:39:00+00:00,70.44999694824219,70.4800033569336,70.44000244140625,70.4800033569336,57.0
2024-12-30 08:40:00+00:00,70.41000366210938,70.45999908447266,70.41000366210938,70.44999694824219,51.0
2024-12-30 08:41:00+00:00,70.33999633789062,70.41000366210938,70.33999633789062,70.41000366210938,115.0
2024-12-30 08:42:00+00:00,70.33000183105469,70.36000061035156,70.31999969482422,70.33999633789062,159.0
2024-12-30 08:43:00+00:00,70.29000091552734,70.33000183105469,70.27999877929688,70.31999969482422,259.0
2024-12-30 08:44:00+00:00,70.29000091552734,70.30000305175781,70.27999877929688,70.30000305175781,135.0
2024-12-30 08:45:00+00:00,70.31999969482422,70.33000183105469,70.27999877929688,70.29000091552734,123.0
2024-12-30 08:46:00+00:00,70.3499984741211,70.36000061035156,70.31999969482422,70.31999969482422,82.0
2024-12-30 08:47:00+00:00,70.33000183105469,70.33999633789062,70.33000183105469,70.33999633789062,24.0
2024-12-30 08:48:00+00:00,70.33999633789062,70.33999633789062,70.31999969482422,70.33000183105469,44.0
2024-12-30 08:49:00+00:00,70.33999633789062,70.37000274658203,70.33000183105469,70.3499984741211,54.0
2024-12-30 08:50:00+00:00,70.31999969482422,70.3499984741211,70.30999755859375,70.33999633789062,92.0
2024-12-30 08:51:00+00:00,70.37999725341797,70.37999725341797,70.30999755859375,70.31999969482422,51.0
2024-12-30 08:52:00+00:00,70.31999969482422,70.37999725341797,70.30999755859375,70.37999725341797,49.0
2024-12-30 08:53:00+00:00,70.29000091552734,70.31999969482422,70.27999877929688,70.31999969482422,94.0
2024-12-30 08:54:00+00:00,70.27999877929688,70.29000091552734,70.2699966430664,70.29000091552734,48.0
2024-12-30 08:55:00+00:00,70.26000213623047,70.27999877929688,70.25,70.27999877929688,41.0
2024-12-30 08:56:00+00:00,70.26000213623047,70.29000091552734,70.26000213623047,70.26000213623047,75.0
2024-12-30 08:57:00+00:00,70.20999908447266,70.25,70.19999694824219,70.25,261.0
2024-12-30 08:58:00+00:00,70.2699966430664,70.2699966430664,70.20999908447266,70.20999908447266,157.0
2024-12-30 08:59:00+00:00,70.2300033569336,70.26000213623047,70.20999908447266,70.25,56.0
2024-12-30 09:00:00+00:00,70.27999877929688,70.27999877929688,70.22000122070312,70.2300033569336,175.0
2024-12-30 09:01:00+00:00,70.29000091552734,70.30000305175781,70.25,70.27999877929688,147.0
2024-12-30 09:02:00+00:00,70.27999877929688,70.30000305175781,70.2699966430664,70.29000091552734,45.0
2024-12-30 09:03:00+00:00,70.27999877929688,70.29000091552734,70.27999877929688,70.29000091552734,37.0
2024-12-30 09:04:00+00:00,70.27999877929688,70.27999877929688,70.26000213623047,70.2699966430664,66.0
2024-12-30 09:05:00+00:00,70.27999877929688,70.27999877929688,70.2699966430664,70.27999877929688,28.0
2024-12-30 09:06:00+00:00,70.2699966430664,70.27999877929688,70.26000213623047,70.27999877929688,26.0
2024-12-30 09:07:00+00:00,70.26000213623047,70.27999877929688,70.23999786376953,70.2699966430664,52.0
2024-12-30 09:08:00+00:00,70.31999969482422,70.31999969482422,70.26000213623047,70.26000213623047,80.0
2024-12-30 09:09:00+00:00,70.37000274658203,70.37000274658203,70.30000305175781,70.30999755859375,92.0
2024-12-30 09:10:00+00:00,70.38999938964844,70.38999938964844,70.36000061035156,70.37000274658203,107.0
2024-12-30 09:11:00+00:00,70.36000061035156,70.38999938964844,70.3499984741211,70.38999938964844,74.0
2024-12-30 09:12:00+00:00,70.36000061035156,70.38999938964844,70.3499984741211,70.36000061035156,53.0
2024-12-30 09:13:00+00:00,70.37000274658203,70.37999725341797,70.36000061035156,70.36000061035156,34.0
2024-12-30 09:14:00+00:00,70.37000274658203,70.38999938964844,70.36000061035156,70.38999938964844,82.0
2024-12-30 09:15:00+00:00,70.37999725341797,70.37999725341797,70.33999633789062,70.37000274658203,69.0
2024-12-30 09:16:00+00:00,70.4000015258789,70.41000366210938,70.37999725341797,70.37999725341797,52.0
2024-12-30 09:17:00+00:00,70.47000122070312,70.47000122070312,70.4000015258789,70.41000366210938,301.0
2024-12-30 09:18:00+00:00,70.44999694824219,70.47000122070312,70.44000244140625,70.45999908447266,51.0
2024-12-30 09:19:00+00:00,70.5,70.5,70.44999694824219,70.44999694824219,77.0
2024-12-30 09:20:00+00:00,70.55999755859375,70.58000183105469,70.48999786376953,70.51000213623047,223.0
2024-12-30 09:21:00+00:00,70.55000305175781,70.58000183105469,70.55000305175781,70.55999755859375,208.0
2024-12-30 09:22:00+00:00,70.58000183105469,70.58000183105469,70.5,70.55000305175781,124.0
2024-12-30 09:23:00+00:00,70.66999816894531,70.68000030517578,70.58000183105469,70.58000183105469,282.0
2024-12-30 09:24:00+00:00,70.63999938964844,70.69999694824219,70.62999725341797,70.68000030517578,233.0
2024-12-30 09:25:00+00:00,70.68000030517578,70.68000030517578,70.63999938964844,70.63999938964844,72.0
2024-12-30 09:26:00+00:00,70.6500015258789,70.69000244140625,70.6500015258789,70.68000030517578,36.0
2024-12-30 09:27:00+00:00,70.63999938964844,70.66000366210938,70.63999938964844,70.66000366210938,56.0
2024-12-30 09:28:00+00:00,70.63999938964844,70.6500015258789,70.62000274658203,70.6500015258789,48.0
2024-12-30 09:29:00+00:00,70.62000274658203,70.63999938964844,70.62000274658203,70.63999938964844,34.0
2024-12-30 09:30:00+00:00,70.5999984741211,70.6500015258789,70.58999633789062,70.63999938964844,209.0
2024-12-30 09:31:00+00:00,70.58999633789062,70.62000274658203,70.58999633789062,70.61000061035156,72.0
2024-12-30 09:32:00+00:00,70.56999969482422,70.5999984741211,70.55000305175781,70.58000183105469,225.0
2024-12-30 09:33:00+00:00,70.5199966430664,70.58000183105469,70.5199966430664,70.56999969482422,152.0
2024-12-30 09:34:00+00:00,70.55000305175781,70.55999755859375,70.5199966430664,70.5199966430664,79.0
2024-12-30 09:35:00+00:00,70.55000305175781,70.58000183105469,70.52999877929688,70.55000305175781,68.0
2024-12-30 09:36:00+00:00,70.54000091552734,70.55000305175781,70.5199966430664,70.54000091552734,38.0
2024-12-30 09:37:00+00:00,70.51000213623047,70.55999755859375,70.5,70.54000091552734,78.0
2024-12-30 09:38:00+00:00,70.54000091552734,70.54000091552734,70.5199966430664,70.5199966430664,34.0
2024-12-30 09:39:00+00:00,70.54000091552734,70.56999969482422,70.54000091552734,70.55000305175781,27.0
2024-12-30 09:40:00+00:00,70.54000091552734,70.55000305175781,70.54000091552734,70.55000305175781,21.0
2024-12-30 09:41:00+00:00,70.52999877929688,70.54000091552734,70.5199966430664,70.52999877929688,37.0
2024-12-30 09:42:00+00:00,70.5,70.54000091552734,70.48999786376953,70.52999877929688,60.0
2024-12-30 09:43:00+00:00,70.5199966430664,70.5199966430664,70.51000213623047,70.51000213623047,27.0
2024-12-30 09:44:00+00:00,70.52999877929688,70.56999969482422,70.5199966430664,70.5199966430664,105.0
2024-12-30 09:45:00+00:00,70.58000183105469,70.58000183105469,70.52999877929688,70.52999877929688,25.0
2024-12-30 09:46:00+00:00,70.5999984741211,70.5999984741211,70.55999755859375,70.56999969482422,43.0
2024-12-30 09:47:00+00:00,70.58999633789062,70.5999984741211,70.58999633789062,70.5999984741211,19.0
2024-12-30 09:48:00+00:00,70.58999633789062,70.62000274658203,70.58999633789062,70.5999984741211,51.0
2024-12-30 09:49:00+00:00,70.58999633789062,70.5999984741211,70.58999633789062,70.58999633789062,31.0
2024-12-30 09:50:00+00:00,70.62000274658203,70.63999938964844,70.58999633789062,70.5999984741211,76.0
2024-12-30 09:51:00+00:00,70.5999984741211,70.6500015258789,70.5999984741211,70.62000274658203,85.0
2024-12-30 09:52:00+00:00,70.5999984741211,70.63999938964844,70.5999984741211,70.61000061035156,23.0
2024-12-30 09:53:00+00:00,70.61000061035156,70.61000061035156,70.58999633789062,70.5999984741211,33.0
2024-12-30 09:54:00+00:00,70.58999633789062,70.62000274658203,70.58999633789062,70.5999984741211,35.0
2024-12-30 09:55:00+00:00,70.58000183105469,70.58999633789062,70.58000183105469,70.58999633789062,22.0
2024-12-30 09:56:00+00:00,70.56999969482422,70.58000183105469,70.55999755859375,70.58000183105469,17.0
2024-12-30 09:57:00+00:00,70.56999969482422,70.58000183105469,70.55999755859375,70.56999969482422,14.0
2024-12-30 09:58:00+00:00,70.58000183105469,70.58000183105469,70.56999969482422,70.56999969482422,22.0
2024-12-30 09:59:00+00:00,70.54000091552734,70.58000183105469,70.54000091552734,70.58000183105469,35.0
2024-12-30 10:00:00+00:00,70.52999877929688,70.54000091552734,70.5199966430664,70.54000091552734,61.0
2024-12-30 10:01:00+00:00,70.4800033569336,70.54000091552734,70.47000122070312,70.52999877929688,136.0
2024-12-30 10:02:00+00:00,70.47000122070312,70.4800033569336,70.44999694824219,70.47000122070312,78.0
2024-12-30 10:03:00+00:00,70.47000122070312,70.47000122070312,70.4000015258789,70.47000122070312,338.0
2024-12-30 10:04:00+00:00,70.45999908447266,70.4800033569336,70.44999694824219,70.47000122070312,85.0
2024-12-30 10:05:00+00:00,70.43000030517578,70.45999908447266,70.41000366210938,70.45999908447266,48.0
2024-12-30 10:06:00+00:00,70.4000015258789,70.43000030517578,70.37000274658203,70.43000030517578,88.0
2024-12-30 10:07:00+00:00,70.38999938964844,70.41000366210938,70.38999938964844,70.41000366210938,55.0
2024-12-30 10:08:00+00:00,70.41000366210938,70.41999816894531,70.38999938964844,70.38999938964844,25.0
2024-12-30 10:09:00+00:00,70.33000183105469,70.41000366210938,70.33000183105469,70.41000366210938,115.0
2024-12-30 10:10:00+00:00,70.3499984741211,70.36000061035156,70.33000183105469,70.33999633789062,61.0
2024-12-30 10:11:00+00:00,70.31999969482422,70.3499984741211,70.30000305175781,70.3499984741211,85.0
2024-12-30 10:12:00+00:00,70.31999969482422,70.31999969482422,70.30999755859375,70.31999969482422,53.0
2024-12-30 10:13:00+00:00,70.3499984741211,70.3499984741211,70.27999877929688,70.31999969482422,102.0
2024-12-30 10:14:00+00:00,70.33000183105469,70.36000061035156,70.31999969482422,70.36000061035156,65.0
2024-12-30 10:15:00+00:00,70.33000183105469,70.3499984741211,70.31999969482422,70.33000183105469,43.0
2024-12-30 10:16:00+00:00,70.3499984741211,70.37000274658203,70.33000183105469,70.33000183105469,60.0
2024-12-30 10:17:00+00:00,70.33999633789062,70.3499984741211,70.30999755859375,70.3499984741211,47.0
2024-12-30 10:18:00+00:00,70.37999725341797,70.38999938964844,70.33999633789062,70.3499984741211,73.0
2024-12-30 10:19:00+00:00,70.37999725341797,70.4000015258789,70.37999725341797,70.38999938964844,90.0
2024-12-30 10:20:00+00:00,70.37999725341797,70.37999725341797,70.37000274658203,70.37999725341797,27.0
2024-12-30 10:21:00+00:00,70.4000015258789,70.41000366210938,70.37000274658203,70.37999725341797,99.0
2024-12-30 10:22:00+00:00,70.38999938964844,70.4000015258789,70.38999938964844,70.4000015258789,32.0
2024-12-30 10:23:00+00:00,70.37999725341797,70.4000015258789,70.3499984741211,70.37999725341797,56.0
2024-12-30 10:24:00+00:00,70.37000274658203,70.41000366210938,70.37000274658203,70.4000015258789,50.0
2024-12-30 10:25:00+00:00,70.37999725341797,70.4000015258789,70.37000274658203,70.37999725341797,35.0
2024-12-30 10:26:00+00:00,70.41000366210938,70.41000366210938,70.37000274658203,70.37999725341797,41.0
2024-12-30 10:27:00+00:00,70.33999633789062,70.41000366210938,70.33999633789062,70.4000015258789,51.0
2024-12-30 10:28:00+00:00,70.30999755859375,70.3499984741211,70.30999755859375,70.33999633789062,90.0
2024-12-30 10:29:00+00:00,70.41999816894531,70.43000030517578,70.30999755859375,70.30999755859375,245.0
2024-12-30 10:30:00+00:00,70.38999938964844,70.41999816894531,70.36000061035156,70.41999816894531,82.0
2024-12-30 10:31:00+00:00,70.44000244140625,70.44000244140625,70.37999725341797,70.37999725341797,49.0
2024-12-30 10:32:00+00:00,70.45999908447266,70.45999908447266,70.4000015258789,70.44000244140625,62.0
2024-12-30 10:33:00+00:00,70.4800033569336,70.4800033569336,70.44000244140625,70.44999694824219,38.0
2024-12-30 10:34:00+00:00,70.48999786376953,70.5,70.45999908447266,70.47000122070312,68.0
2024-12-30 10:35:00+00:00,70.51000213623047,70.51000213623047,70.44999694824219,70.45999908447266,87.0
2024-12-30 10:36:00+00:00,70.5199966430664,70.54000091552734,70.5,70.51000213623047,42.0
2024-12-30 10:37:00+00:00,70.5,70.55000305175781,70.5,70.52999877929688,59.0
2024-12-30 10:38:00+00:00,70.54000091552734,70.54000091552734,70.5,70.5,37.0
2024-12-30 10:39:00+00:00,70.51000213623047,70.54000091552734,70.5,70.52999877929688,32.0
2024-12-30 10:40:00+00:00,70.58999633789062,70.58999633789062,70.51000213623047,70.51000213623047,203.0
2024-12-30 10:41:00+00:00,70.55999755859375,70.58999633789062,70.55999755859375,70.58000183105469,34.0
2024-12-30 10:42:00+00:00,70.56999969482422,70.58000183105469,70.56999969482422,70.56999969482422,24.0
2024-12-30 10:43:00+00:00,70.58999633789062,70.5999984741211,70.55999755859375,70.56999969482422,20.0
2024-12-30 10:44:00+00:00,70.58000183105469,70.5999984741211,70.56999969482422,70.58000183105469,88.0
2024-12-30 10:45:00+00:00,70.58000183105469,70.5999984741211,70.58000183105469,70.58999633789062,44.0
2024-12-30 10:46:00+00:00,70.58999633789062,70.58999633789062,70.56999969482422,70.58000183105469,36.0
2024-12-30 10:47:00+00:00,70.56999969482422,70.58999633789062,70.56999969482422,70.58999633789062,10.0
2024-12-30 10:48:00+00:00,70.58999633789062,70.58999633789062,70.56999969482422,70.56999969482422,23.0
2024-12-30 10:49:00+00:00,70.55000305175781,70.58999633789062,70.55000305175781,70.58999633789062,64.0
2024-12-30 10:50:00+00:00,70.56999969482422,70.58000183105469,70.55999755859375,70.55999755859375,25.0
2024-12-30 10:51:00+00:00,70.55000305175781,70.56999969482422,70.54000091552734,70.56999969482422,59.0
2024-12-30 10:52:00+00:00,70.58000183105469,70.58999633789062,70.55999755859375,70.55999755859375,42.0
2024-12-30 10:53:00+00:00,70.58000183105469,70.58999633789062,70.55999755859375,70.58999633789062,23.0
2024-12-30 10:54:00+00:00,70.54000091552734,70.58000183105469,70.54000091552734,70.58000183105469,52.0
2024-12-30 10:55:00+00:00,70.54000091552734,70.55000305175781,70.5199966430664,70.54000091552734,37.0
2024-12-30 10:56:00+00:00,70.54000091552734,70.55999755859375,70.54000091552734,70.55000305175781,31.0
2024-12-30 10:57:00+00:00,70.5,70.54000091552734,70.4800033569336,70.54000091552734,66.0
2024-12-30 10:58:00+00:00,70.48999786376953,70.48999786376953,70.47000122070312,70.48999786376953,14.0
2024-12-30 10:59:00+00:00,70.47000122070312,70.5,70.45999908447266,70.4800033569336,51.0
2024-12-30 11:00:00+00:00,70.51000213623047,70.51000213623047,70.43000030517578,70.4800033569336,53.0
2024-12-30 11:01:00+00:00,70.47000122070312,70.51000213623047,70.45999908447266,70.51000213623047,35.0
2024-12-30 11:02:00+00:00,70.4800033569336,70.4800033569336,70.47000122070312,70.4800033569336,16.0
2024-12-30 11:03:00+00:00,70.4800033569336,70.4800033569336,70.44999694824219,70.45999908447266,35.0
2024-12-30 11:04:00+00:00,70.4800033569336,70.4800033569336,70.45999908447266,70.4800033569336,24.0
2024-12-30 11:05:00+00:00,70.45999908447266,70.47000122070312,70.44999694824219,70.45999908447266,18.0
2024-12-30 11:06:00+00:00,70.48999786376953,70.51000213623047,70.47000122070312,70.47000122070312,53.0
2024-12-30 11:07:00+00:00,70.51000213623047,70.51000213623047,70.48999786376953,70.5,32.0
2024-12-30 11:08:00+00:00,70.45999908447266,70.51000213623047,70.45999908447266,70.51000213623047,81.0
2024-12-30 11:09:00+00:00,70.47000122070312,70.4800033569336,70.44999694824219,70.45999908447266,22.0
2024-12-30 11:10:00+00:00,70.4800033569336,70.48999786376953,70.47000122070312,70.47000122070312,20.0
2024-12-30 11:11:00+00:00,70.47000122070312,70.47000122070312,70.45999908447266,70.45999908447266,20.0
2024-12-30 11:12:00+00:00,70.47000122070312,70.4800033569336,70.47000122070312,70.4800033569336,16.0
2024-12-30 11:13:00+00:00,70.45999908447266,70.4800033569336,70.44999694824219,70.47000122070312,15.0
2024-12-30 11:14:00+00:00,70.45999908447266,70.4800033569336,70.45999908447266,70.47000122070312,16.0
2024-12-30 11:15:00+00:00,70.45999908447266,70.45999908447266,70.41999816894531,70.45999908447266,27.0
2024-12-30 11:16:00+00:00,70.5199966430664,70.52999877929688,70.44000244140625,70.45999908447266,295.0
2024-12-30 11:17:00+00:00,70.5199966430664,70.52999877929688,70.5199966430664,70.5199966430664,31.0
2024-12-30 11:18:00+00:00,70.52999877929688,70.52999877929688,70.5,70.5199966430664,34.0
2024-12-30 11:19:00+00:00,70.54000091552734,70.55000305175781,70.52999877929688,70.54000091552734,26.0
2024-12-30 11:20:00+00:00,70.55000305175781,70.55999755859375,70.52999877929688,70.54000091552734,112.0
2024-12-30 11:21:00+00:00,70.56999969482422,70.58999633789062,70.55999755859375,70.55999755859375,39.0
2024-12-30 11:22:00+00:00,70.56999969482422,70.58000183105469,70.55999755859375,70.56999969482422,29.0
2024-12-30 11:23:00+00:00,70.56999969482422,70.56999969482422,70.56999969482422,70.56999969482422,10.0
2024-12-30 11:24:00+00:00,70.52999877929688,70.56999969482422,70.51000213623047,70.55999755859375,100.0
2024-12-30 11:25:00+00:00,70.52999877929688,70.52999877929688,70.5199966430664,70.52999877929688,26.0
2024-12-30 11:26:00+00:00,70.51000213623047,70.54000091552734,70.51000213623047,70.54000091552734,26.0
2024-12-30 11:27:00+00:00,70.51000213623047,70.51000213623047,70.5,70.51000213623047,13.0
2024-12-30 11:28:00+00:00,70.52999877929688,70.54000091552734,70.5199966430664,70.5199966430664,31.0
2024-12-30 11:29:00+00:00,70.55000305175781,70.55000305175781,70.52999877929688,70.52999877929688,9.0
2024-12-30 11:30:00+00:00,70.55999755859375,70.55999755859375,70.54000091552734,70.55000305175781,33.0
2024-12-30 11:31:00+00:00,70.55999755859375,70.56999969482422,70.55000305175781,70.56999969482422,34.0
2024-12-30 11:32:00+00:00,70.55999755859375,70.58999633789062,70.55999755859375,70.55999755859375,34.0
2024-12-30 11:33:00+00:00,70.52999877929688,70.55000305175781,70.5199966430664,70.55000305175781,20.0
2024-12-30 11:34:00+00:00,70.56999969482422,70.56999969482422,70.54000091552734,70.54000091552734,52.0
2024-12-30 11:35:00+00:00,70.56999969482422,70.58000183105469,70.55999755859375,70.55999755859375,26.0
2024-12-30 11:36:00+00:00,70.61000061035156,70.62999725341797,70.58000183105469,70.58000183105469,211.0
2024-12-30 11:37:00+00:00,70.62000274658203,70.62000274658203,70.61000061035156,70.61000061035156,34.0
2024-12-30 11:38:00+00:00,70.63999938964844,70.63999938964844,70.62000274658203,70.62000274658203,45.0
2024-12-30 11:39:00+00:00,70.62999725341797,70.6500015258789,70.62999725341797,70.63999938964844,58.0
2024-12-30 11:40:00+00:00,70.62999725341797,70.63999938964844,70.62000274658203,70.62000274658203,27.0
2024-12-30 11:41:00+00:00,70.66999816894531,70.68000030517578,70.62999725341797,70.62999725341797,341.0
2024-12-30 11:42:00+00:00,70.58999633789062,70.66999816894531,70.58999633789062,70.66000366210938,188.0
2024-12-30 11:43:00+00:00,70.62999725341797,70.6500015258789,70.58999633789062,70.58999633789062,44.0
2024-12-30 11:44:00+00:00,70.62999725341797,70.63999938964844,70.62000274658203,70.62999725341797,31.0
2024-12-30 11:45:00+00:00,70.66000366210938,70.68000030517578,70.62999725341797,70.63999938964844,47.0
2024-12-30 11:46:00+00:00,70.69000244140625,70.70999908447266,70.66000366210938,70.66999816894531,100.0
2024-12-30 11:47:00+00:00,70.69000244140625,70.69999694824219,70.69000244140625,70.69000244140625,31.0
2024-12-30 11:48:00+00:00,70.69999694824219,70.70999908447266,70.66999816894531,70.69000244140625,60.0
2024-12-30 11:49:00+00:00,70.68000030517578,70.70999908447266,70.68000030517578,70.69999694824219,44.0
2024-12-30 11:50:00+00:00,70.66999816894531,70.69999694824219,70.66000366210938,70.68000030517578,77.0
2024-12-30 11:51:00+00:00,70.66999816894531,70.69000244140625,70.66999816894531,70.66999816894531,23.0
2024-12-30 11:52:00+00:00,70.69000244140625,70.69000244140625,70.68000030517578,70.68000030517578,14.0
2024-12-30 11:53:00+00:00,70.72000122070312,70.7699966430664,70.69000244140625,70.69000244140625,619.0
2024-12-30 11:54:00+00:00,70.70999908447266,70.72000122070312,70.70999908447266,70.72000122070312,39.0
2024-12-30 11:55:00+00:00,70.68000030517578,70.72000122070312,70.68000030517578,70.72000122070312,58.0
2024-12-30 11:56:00+00:00,70.69000244140625,70.69000244140625,70.66000366210938,70.68000030517578,37.0
2024-12-30 11:57:00+00:00,70.70999908447266,70.7300033569336,70.68000030517578,70.69000244140625,262.0
2024-12-30 11:58:00+00:00,70.72000122070312,70.72000122070312,70.69999694824219,70.69999694824219,36.0
2024-12-30 11:59:00+00:00,70.69000244140625,70.7300033569336,70.69000244140625,70.7300033569336,60.0
2024-12-30 12:00:00+00:00,70.70999908447266,70.72000122070312,70.69999694824219,70.69999694824219,97.0
2024-12-30 12:01:00+00:00,70.72000122070312,70.7300033569336,70.70999908447266,70.70999908447266,47.0
2024-12-30 12:02:00+00:00,70.7300033569336,70.73999786376953,70.72000122070312,70.72000122070312,26.0
2024-12-30 12:03:00+00:00,70.79000091552734,70.80000305175781,70.7300033569336,70.7300033569336,229.0
2024-12-30 12:04:00+00:00,70.79000091552734,70.80999755859375,70.77999877929688,70.80000305175781,308.0
2024-12-30 12:05:00+00:00,70.80000305175781,70.80999755859375,70.77999877929688,70.77999877929688,74.0
2024-12-30 12:06:00+00:00,70.83999633789062,70.83999633789062,70.80000305175781,70.80000305175781,214.0
2024-12-30 12:07:00+00:00,70.87000274658203,70.87999725341797,70.8499984741211,70.8499984741211,189.0
2024-12-30 12:08:00+00:00,70.87000274658203,70.88999938964844,70.86000061035156,70.87000274658203,153.0
2024-12-30 12:09:00+00:00,70.9000015258789,70.91000366210938,70.87000274658203,70.87000274658203,926.0
2024-12-30 12:10:00+00:00,70.93000030517578,70.95999908447266,70.9000015258789,70.91000366210938,341.0
2024-12-30 12:11:00+00:00,70.94000244140625,70.95999908447266,70.93000030517578,70.94000244140625,296.0
2024-12-30 12:12:00+00:00,70.95999908447266,70.95999908447266,70.94999694824219,70.94999694824219,74.0
2024-12-30 12:13:00+00:00,70.94999694824219,70.97000122070312,70.94999694824219,70.95999908447266,191.0
2024-12-30 12:14:00+00:00,70.94999694824219,70.95999908447266,70.94000244140625,70.95999908447266,287.0
2024-12-30 12:15:00+00:00,70.94999694824219,70.94999694824219,70.93000030517578,70.94999694824219,140.0
2024-12-30 12:16:00+00:00,70.95999908447266,70.97000122070312,70.94000244140625,70.94000244140625,72.0
2024-12-30 12:17:00+00:00,70.94999694824219,70.94999694824219,70.94000244140625,70.94999694824219,46.0
2024-12-30 12:18:00+00:00,70.88999938964844,70.94999694824219,70.88999938964844,70.94000244140625,203.0
2024-12-30 12:19:00+00:00,70.88999938964844,70.9000015258789,70.87000274658203,70.88999938964844,219.0
2024-12-30 12:20:00+00:00,70.87999725341797,70.88999938964844,70.87000274658203,70.88999938964844,92.0
2024-12-30 12:21:00+00:00,70.87999725341797,70.88999938964844,70.87999725341797,70.87999725341797,57.0
2024-12-30 12:22:00+00:00,70.87999725341797,70.88999938964844,70.86000061035156,70.87999725341797,106.0
2024-12-30 12:23:00+00:00,70.8499984741211,70.88999938964844,70.8499984741211,70.87999725341797,109.0
2024-12-30 12:24:00+00:00,70.86000061035156,70.87999725341797,70.8499984741211,70.86000061035156,105.0
2024-12-30 12:25:00+00:00,70.87999725341797,70.87999725341797,70.83999633789062,70.87000274658203,117.0
2024-12-30 12:26:00+00:00,70.91000366210938,70.93000030517578,70.88999938964844,70.88999938964844,99.0
2024-12-30 12:27:00+00:00,70.87000274658203,70.93000030517578,70.87000274658203,70.91999816894531,87.0
2024-12-30 12:28:00+00:00,70.91999816894531,70.93000030517578,70.87000274658203,70.87000274658203,95.0
2024-12-30 12:29:00+00:00,70.91000366210938,70.94999694824219,70.9000015258789,70.91999816894531,307.0
2024-12-30 12:30:00+00:00,70.91999816894531,70.93000030517578,70.9000015258789,70.91000366210938,74.0
2024-12-30 12:31:00+00:00,70.91000366210938,70.91999816894531,70.91000366210938,70.91999816894531,51.0
2024-12-30 12:32:00+00:00,70.9000015258789,70.91999816894531,70.9000015258789,70.91000366210938,99.0
2024-12-30 12:33:00+00:00,70.91999816894531,70.93000030517578,70.9000015258789,70.9000015258789,71.0
2024-12-30 12:34:00+00:00,70.91999816894531,70.91999816894531,70.91000366210938,70.91999816894531,48.0
2024-12-30 12:35:00+00:00,70.95999908447266,70.9800033569336,70.91999816894531,70.93000030517578,175.0
2024-12-30 12:36:00+00:00,70.97000122070312,70.98999786376953,70.95999908447266,70.97000122070312,114.0
2024-12-30 12:37:00+00:00,70.94999694824219,71.0199966430664,70.94999694824219,70.98999786376953,545.0
2024-12-30 12:38:00+00:00,70.91000366210938,70.94999694824219,70.9000015258789,70.94999694824219,580.0
2024-12-30 12:39:00+00:00,70.91999816894531,70.91999816894531,70.9000015258789,70.91000366210938,101.0
2024-12-30 12:40:00+00:00,70.94000244140625,70.94999694824219,70.91999816894531,70.91999816894531,81.0
2024-12-30 12:41:00+00:00,70.95999908447266,70.97000122070312,70.94999694824219,70.95999908447266,116.0
2024-12-30 12:42:00+00:00,70.94999694824219,70.95999908447266,70.91999816894531,70.95999908447266,95.0
2024-12-30 12:43:00+00:00,70.91000366210938,70.95999908447266,70.88999938964844,70.95999908447266,111.0
2024-12-30 12:44:00+00:00,70.87999725341797,70.9000015258789,70.87999725341797,70.9000015258789,42.0
2024-12-30 12:45:00+00:00,70.9000015258789,70.9000015258789,70.87999725341797,70.88999938964844,41.0
2024-12-30 12:46:00+00:00,70.87999725341797,70.91000366210938,70.87000274658203,70.9000015258789,83.0
2024-12-30 12:47:00+00:00,70.87999725341797,70.9000015258789,70.87999725341797,70.87999725341797,53.0
2024-12-30 12:48:00+00:00,70.87000274658203,70.88999938964844,70.86000061035156,70.87999725341797,107.0
2024-12-30 12:49:00+00:00,70.88999938964844,70.88999938964844,70.86000061035156,70.86000061035156,78.0
2024-12-30 12:50:00+00:00,70.9000015258789,70.91000366210938,70.86000061035156,70.88999938964844,156.0
2024-12-30 12:51:00+00:00,70.91999816894531,70.93000030517578,70.9000015258789,70.9000015258789,37.0
2024-12-30 12:52:00+00:00,70.86000061035156,70.91999816894531,70.86000061035156,70.91999816894531,193.0
2024-12-30 12:53:00+00:00,70.8499984741211,70.87000274658203,70.81999969482422,70.87000274658203,402.0
2024-12-30 12:54:00+00:00,70.83999633789062,70.86000061035156,70.83000183105469,70.8499984741211,109.0
2024-12-30 12:55:00+00:00,70.83000183105469,70.83999633789062,70.81999969482422,70.83999633789062,131.0
2024-12-30 12:56:00+00:00,70.79000091552734,70.83999633789062,70.79000091552734,70.83000183105469,180.0
2024-12-30 12:57:00+00:00,70.81999969482422,70.81999969482422,70.79000091552734,70.79000091552734,80.0
2024-12-30 12:58:00+00:00,70.80999755859375,70.81999969482422,70.79000091552734,70.81999969482422,55.0
2024-12-30 12:59:00+00:00,70.83000183105469,70.83000183105469,70.80999755859375,70.80999755859375,60.0
2024-12-30 13:00:00+00:00,70.8499984741211,70.8499984741211,70.80000305175781,70.83000183105469,304.0
2024-12-30 13:01:00+00:00,70.8499984741211,70.86000061035156,70.83000183105469,70.8499984741211,260.0
2024-12-30 13:02:00+00:00,70.80999755859375,70.86000061035156,70.80000305175781,70.86000061035156,185.0
2024-12-30 13:03:00+00:00,70.80999755859375,70.81999969482422,70.79000091552734,70.80999755859375,117.0
2024-12-30 13:04:00+00:00,70.80999755859375,70.80999755859375,70.80000305175781,70.80999755859375,115.0
2024-12-30 13:05:00+00:00,70.83999633789062,70.83999633789062,70.76000213623047,70.80000305175781,590.0
2024-12-30 13:06:00+00:00,70.79000091552734,70.8499984741211,70.7699966430664,70.83999633789062,174.0
2024-12-30 13:07:00+00:00,70.76000213623047,70.79000091552734,70.7300033569336,70.79000091552734,284.0
2024-12-30 13:08:00+00:00,70.75,70.7699966430664,70.7300033569336,70.76000213623047,212.0
2024-12-30 13:09:00+00:00,70.76000213623047,70.7699966430664,70.73999786376953,70.75,61.0
2024-12-30 13:10:00+00:00,70.76000213623047,70.7699966430664,70.73999786376953,70.76000213623047,128.0
2024-12-30 13:11:00+00:00,70.7300033569336,70.7699966430664,70.7300033569336,70.76000213623047,61.0
2024-12-30 13:12:00+00:00,70.7300033569336,70.75,70.7300033569336,70.73999786376953,82.0
2024-12-30 13:13:00+00:00,70.7300033569336,70.75,70.72000122070312,70.7300033569336,168.0
2024-12-30 13:14:00+00:00,70.73999786376953,70.75,70.73999786376953,70.73999786376953,41.0
2024-12-30 13:15:00+00:00,70.75,70.76000213623047,70.73999786376953,70.73999786376953,81.0
2024-12-30 13:16:00+00:00,70.73999786376953,70.77999877929688,70.73999786376953,70.76000213623047,455.0
2024-12-30 13:17:00+00:00,70.73999786376953,70.76000213623047,70.7300033569336,70.73999786376953,121.0
2024-12-30 13:18:00+00:00,70.7699966430664,70.7699966430664,70.73999786376953,70.73999786376953,76.0
2024-12-30 13:19:00+00:00,70.81999969482422,70.83000183105469,70.7699966430664,70.7699966430664,649.0
2024-12-30 13:20:00+00:00,70.8499984741211,70.86000061035156,70.81999969482422,70.83999633789062,319.0
2024-12-30 13:21:00+00:00,70.83000183105469,70.8499984741211,70.81999969482422,70.83999633789062,159.0
2024-12-30 13:22:00+00:00,70.87999725341797,70.87999725341797,70.83000183105469,70.83000183105469,108.0
2024-12-30 13:23:00+00:00,70.88999938964844,70.91000366210938,70.8499984741211,70.87000274658203,375.0
2024-12-30 13:24:00+00:00,70.86000061035156,70.88999938964844,70.8499984741211,70.87999725341797,122.0
2024-12-30 13:25:00+00:00,70.86000061035156,70.88999938964844,70.86000061035156,70.87000274658203,92.0
2024-12-30 13:26:00+00:00,70.86000061035156,70.87000274658203,70.83000183105469,70.8499984741211,190.0
2024-12-30 13:27:00+00:00,70.87000274658203,70.87000274658203,70.8499984741211,70.86000061035156,50.0
2024-12-30 13:28:00+00:00,70.91000366210938,70.91999816894531,70.86000061035156,70.87000274658203,164.0
2024-12-30 13:29:00+00:00,70.94000244140625,70.94999694824219,70.91000366210938,70.91000366210938,203.0
2024-12-30 13:30:00+00:00,71.0,71.01000213623047,70.94999694824219,70.94999694824219,311.0
2024-12-30 13:31:00+00:00,71.01000213623047,71.0199966430664,70.9800033569336,71.01000213623047,812.0
2024-12-30 13:32:00+00:00,70.95999908447266,71.01000213623047,70.95999908447266,71.0,436.0
2024-12-30 13:33:00+00:00,70.94000244140625,70.97000122070312,70.93000030517578,70.95999908447266,111.0
2024-12-30 13:34:00+00:00,70.94999694824219,70.95999908447266,70.94000244140625,70.94999694824219,76.0
2024-12-30 13:35:00+00:00,70.94999694824219,70.9800033569336,70.94999694824219,70.97000122070312,242.0
2024-12-30 13:36:00+00:00,70.94000244140625,70.95999908447266,70.93000030517578,70.95999908447266,81.0
2024-12-30 13:37:00+00:00,70.94999694824219,70.94999694824219,70.93000030517578,70.94000244140625,69.0
2024-12-30 13:38:00+00:00,70.94000244140625,70.95999908447266,70.93000030517578,70.94999694824219,70.0
2024-12-30 13:39:00+00:00,70.94999694824219,70.95999908447266,70.94000244140625,70.94999694824219,67.0
2024-12-30 13:40:00+00:00,70.94999694824219,70.97000122070312,70.94999694824219,70.94999694824219,38.0
2024-12-30 13:41:00+00:00,70.9800033569336,70.9800033569336,70.94000244140625,70.94000244140625,90.0
2024-12-30 13:42:00+00:00,70.95999908447266,70.9800033569336,70.95999908447266,70.97000122070312,78.0
2024-12-30 13:43:00+00:00,70.95999908447266,70.97000122070312,70.94999694824219,70.94999694824219,71.0
2024-12-30 13:44:00+00:00,70.95999908447266,70.98999786376953,70.95999908447266,70.97000122070312,53.0
2024-12-30 13:45:00+00:00,70.97000122070312,70.98999786376953,70.95999908447266,70.97000122070312,55.0
2024-12-30 13:46:00+00:00,70.9800033569336,70.9800033569336,70.95999908447266,70.97000122070312,109.0
2024-12-30 13:47:00+00:00,70.95999908447266,71.0,70.95999908447266,70.9800033569336,82.0
2024-12-30 13:48:00+00:00,71.01000213623047,71.05000305175781,70.95999908447266,70.95999908447266,1195.0
2024-12-30 13:49:00+00:00,71.01000213623047,71.01000213623047,71.0,71.0,112.0
2024-12-30 13:50:00+00:00,71.01000213623047,71.0199966430664,71.0,71.01000213623047,93.0
2024-12-30 13:51:00+00:00,70.9800033569336,71.0,70.97000122070312,71.0,203.0
2024-12-30 13:52:00+00:00,70.98999786376953,71.0,70.95999908447266,70.9800033569336,288.0
2024-12-30 13:53:00+00:00,70.97000122070312,70.98999786376953,70.97000122070312,70.98999786376953,73.0
2024-12-30 13:54:00+00:00,70.97000122070312,70.9800033569336,70.94999694824219,70.97000122070312,87.0
2024-12-30 13:55:00+00:00,71.0199966430664,71.0199966430664,70.97000122070312,70.9800033569336,219.0
2024-12-30 13:56:00+00:00,71.05000305175781,71.06999969482422,71.01000213623047,71.0199966430664,517.0
2024-12-30 13:57:00+00:00,71.02999877929688,71.06999969482422,71.0199966430664,71.05000305175781,368.0
2024-12-30 13:58:00+00:00,71.0,71.04000091552734,70.98999786376953,71.04000091552734,1182.0
2024-12-30 13:59:00+00:00,70.97000122070312,71.0,70.97000122070312,71.0,121.0
2024-12-30 14:00:00+00:00,71.05999755859375,71.08999633789062,70.97000122070312,70.9800033569336,870.0
2024-12-30 14:01:00+00:00,71.05999755859375,71.08000183105469,71.02999877929688,71.05999755859375,344.0
2024-12-30 14:02:00+00:00,71.0999984741211,71.11000061035156,71.05999755859375,71.05999755859375,298.0
2024-12-30 14:03:00+00:00,71.11000061035156,71.11000061035156,71.08999633789062,71.11000061035156,242.0
2024-12-30 14:04:00+00:00,71.08999633789062,71.11000061035156,71.08999633789062,71.11000061035156,208.0
2024-12-30 14:05:00+00:00,71.08999633789062,71.11000061035156,71.08000183105469,71.08999633789062,306.0
2024-12-30 14:06:00+00:00,71.05000305175781,71.0999984741211,71.05000305175781,71.08999633789062,246.0
2024-12-30 14:07:00+00:00,71.0999984741211,71.0999984741211,71.0199966430664,71.05000305175781,194.0
2024-12-30 14:08:00+00:00,71.16000366210938,71.18000030517578,71.11000061035156,71.11000061035156,766.0
2024-12-30 14:09:00+00:00,71.19000244140625,71.22000122070312,71.12999725341797,71.16000366210938,623.0
2024-12-30 14:10:00+00:00,71.1500015258789,71.19999694824219,71.12999725341797,71.19000244140625,1758.0
2024-12-30 14:11:00+00:00,71.18000030517578,71.19000244140625,71.13999938964844,71.13999938964844,315.0
2024-12-30 14:12:00+00:00,71.19000244140625,71.19999694824219,71.16999816894531,71.19000244140625,344.0
2024-12-30 14:13:00+00:00,71.16000366210938,71.19000244140625,71.13999938964844,71.18000030517578,272.0
2024-12-30 14:14:00+00:00,71.19000244140625,71.19000244140625,71.1500015258789,71.16000366210938,163.0
2024-12-30 14:15:00+00:00,71.25,71.2699966430664,71.18000030517578,71.18000030517578,573.0
2024-12-30 14:16:00+00:00,71.2699966430664,71.30999755859375,71.23999786376953,71.26000213623047,2173.0
2024-12-30 14:17:00+00:00,71.23999786376953,71.31999969482422,71.23999786376953,71.2699966430664,1421.0
2024-12-30 14:18:00+00:00,71.23999786376953,71.26000213623047,71.22000122070312,71.23999786376953,395.0
2024-12-30 14:19:00+00:00,71.20999908447266,71.23999786376953,71.20999908447266,71.2300033569336,218.0
2024-12-30 14:20:00+00:00,71.25,71.27999877929688,71.20999908447266,71.22000122070312,764.0
2024-12-30 14:21:00+00:00,71.2699966430664,71.2699966430664,71.23999786376953,71.25,308.0
2024-12-30 14:22:00+00:00,71.19999694824219,71.2699966430664,71.18000030517578,71.2699966430664,778.0
2024-12-30 14:23:00+00:00,71.22000122070312,71.22000122070312,71.19000244140625,71.20999908447266,162.0
2024-12-30 14:24:00+00:00,71.16999816894531,71.2300033569336,71.16000366210938,71.20999908447266,202.0
2024-12-30 14:25:00+00:00,71.12999725341797,71.16999816894531,71.12999725341797,71.16000366210938,291.0
2024-12-30 14:26:00+00:00,71.13999938964844,71.1500015258789,71.0999984741211,71.11000061035156,260.0
2024-12-30 14:27:00+00:00,71.18000030517578,71.18000030517578,71.12999725341797,71.12999725341797,187.0
2024-12-30 14:28:00+00:00,71.13999938964844,71.22000122070312,71.13999938964844,71.19000244140625,246.0
2024-12-30 14:29:00+00:00,71.16999816894531,71.20999908447266,71.12000274658203,71.12999725341797,523.0
2024-12-30 14:30:00+00:00,71.1500015258789,71.19999694824219,71.12999725341797,71.18000030517578,351.0
2024-12-30 14:31:00+00:00,71.13999938964844,71.19000244140625,71.12999725341797,71.16000366210938,313.0
2024-12-30 14:32:00+00:00,71.19000244140625,71.2300033569336,71.13999938964844,71.13999938964844,361.0
2024-12-30 14:33:00+00:00,71.16000366210938,71.2300033569336,71.16000366210938,71.19000244140625,1173.0
2024-12-30 14:34:00+00:00,71.19999694824219,71.2300033569336,71.16000366210938,71.16000366210938,309.0
2024-12-30 14:35:00+00:00,71.22000122070312,71.23999786376953,71.19999694824219,71.22000122070312,212.0
2024-12-30 14:36:00+00:00,71.23999786376953,71.26000213623047,71.2300033569336,71.2300033569336,319.0
2024-12-30 14:37:00+00:00,71.20999908447266,71.25,71.19999694824219,71.25,123.0
2024-12-30 14:38:00+00:00,71.19000244140625,71.20999908447266,71.16000366210938,71.20999908447266,212.0
2024-12-30 14:39:00+00:00,71.16999816894531,71.20999908447266,71.16999816894531,71.19000244140625,121.0
2024-12-30 14:40:00+00:00,71.19999694824219,71.23999786376953,71.18000030517578,71.18000030517578,203.0
2024-12-30 14:41:00+00:00,71.22000122070312,71.2300033569336,71.19999694824219,71.19999694824219,53.0
2024-12-30 14:42:00+00:00,71.12999725341797,71.2300033569336,71.12999725341797,71.22000122070312,343.0
2024-12-30 14:43:00+00:00,71.12000274658203,71.1500015258789,71.12000274658203,71.12000274658203,154.0
2024-12-30 14:44:00+00:00,71.12999725341797,71.13999938964844,71.0999984741211,71.12999725341797,172.0
2024-12-30 14:45:00+00:00,71.16000366210938,71.16000366210938,71.12000274658203,71.13999938964844,192.0
2024-12-30 14:46:00+00:00,71.16000366210938,71.16000366210938,71.12000274658203,71.16000366210938,177.0
2024-12-30 14:47:00+00:00,71.13999938964844,71.18000030517578,71.12999725341797,71.16000366210938,596.0
2024-12-30 14:48:00+00:00,71.1500015258789,71.1500015258789,71.12999725341797,71.12999725341797,128.0
2024-12-30 14:49:00+00:00,71.1500015258789,71.19000244140625,71.12999725341797,71.13999938964844,203.0
2024-12-30 14:50:00+00:00,71.16999816894531,71.18000030517578,71.13999938964844,71.16000366210938,267.0
2024-12-30 14:51:00+00:00,71.19000244140625,71.19999694824219,71.16000366210938,71.16000366210938,108.0
2024-12-30 14:52:00+00:00,71.23999786376953,71.23999786376953,71.19000244140625,71.20999908447266,148.0
2024-12-30 14:53:00+00:00,71.2300033569336,71.23999786376953,71.22000122070312,71.23999786376953,159.0
2024-12-30 14:54:00+00:00,71.25,71.26000213623047,71.2300033569336,71.2300033569336,202.0
2024-12-30 14:55:00+00:00,71.26000213623047,71.27999877929688,71.25,71.26000213623047,220.0
2024-12-30 14:56:00+00:00,71.27999877929688,71.29000091552734,71.25,71.2699966430664,205.0
2024-12-30 14:57:00+00:00,71.23999786376953,71.29000091552734,71.23999786376953,71.27999877929688,269.0
2024-12-30 14:58:00+00:00,71.23999786376953,71.25,71.2300033569336,71.2300033569336,173.0
2024-12-30 14:59:00+00:00,71.19999694824219,71.23999786376953,71.19999694824219,71.2300033569336,457.0
2024-12-30 15:00:00+00:00,71.18000030517578,71.22000122070312,71.18000030517578,71.20999908447266,517.0
2024-12-30 15:01:00+00:00,71.16999816894531,71.22000122070312,71.16000366210938,71.18000030517578,964.0
2024-12-30 15:02:00+00:00,71.0999984741211,71.16999816894531,71.08000183105469,71.16999816894531,533.0
2024-12-30 15:03:00+00:00,71.05000305175781,71.11000061035156,71.04000091552734,71.0999984741211,429.0
2024-12-30 15:04:00+00:00,71.04000091552734,71.08999633789062,71.02999877929688,71.05999755859375,943.0
2024-12-30 15:05:00+00:00,70.9800033569336,71.06999969482422,70.97000122070312,71.05000305175781,500.0
2024-12-30 15:06:00+00:00,71.0199966430664,71.02999877929688,70.95999908447266,70.9800033569336,530.0
2024-12-30 15:07:00+00:00,71.05000305175781,71.06999969482422,70.98999786376953,71.02999877929688,291.0
2024-12-30 15:08:00+00:00,71.11000061035156,71.12000274658203,71.05000305175781,71.05999755859375,379.0
2024-12-30 15:09:00+00:00,71.08000183105469,71.0999984741211,71.08000183105469,71.0999984741211,137.0
2024-12-30 15:10:00+00:00,71.06999969482422,71.08999633789062,71.05000305175781,71.08000183105469,176.0
2024-12-30 15:11:00+00:00,71.12999725341797,71.13999938964844,71.06999969482422,71.08000183105469,187.0
2024-12-30 15:12:00+00:00,71.1500015258789,71.16000366210938,71.12999725341797,71.12999725341797,238.0
2024-12-30 15:13:00+00:00,71.1500015258789,71.16000366210938,71.0999984741211,71.1500015258789,409.0
2024-12-30 15:14:00+00:00,71.16999816894531,71.18000030517578,71.1500015258789,71.16000366210938,324.0
2024-12-30 15:15:00+00:00,71.12999725341797,71.16999816894531,71.12000274658203,71.16000366210938,199.0
2024-12-30 15:16:00+00:00,71.08999633789062,71.13999938964844,71.08000183105469,71.12999725341797,282.0
2024-12-30 15:17:00+00:00,71.08000183105469,71.08999633789062,71.05999755859375,71.08999633789062,256.0
2024-12-30 15:18:00+00:00,71.08999633789062,71.11000061035156,71.06999969482422,71.08999633789062,122.0
2024-12-30 15:19:00+00:00,71.05000305175781,71.08999633789062,71.05000305175781,71.08000183105469,178.0
2024-12-30 15:20:00+00:00,71.0999984741211,71.11000061035156,71.05000305175781,71.05000305175781,945.0
2024-12-30 15:21:00+00:00,71.16999816894531,71.19999694824219,71.08999633789062,71.08999633789062,525.0
2024-12-30 15:22:00+00:00,71.19999694824219,71.20999908447266,71.13999938964844,71.16999816894531,225.0
2024-12-30 15:23:00+00:00,71.22000122070312,71.23999786376953,71.19000244140625,71.20999908447266,189.0
2024-12-30 15:24:00+00:00,71.22000122070312,71.2300033569336,71.20999908447266,71.22000122070312,297.0
2024-12-30 15:25:00+00:00,71.19999694824219,71.2300033569336,71.16999816894531,71.2300033569336,477.0
2024-12-30 15:26:00+00:00,71.18000030517578,71.22000122070312,71.18000030517578,71.20999908447266,123.0
2024-12-30 15:27:00+00:00,71.18000030517578,71.19999694824219,71.16999816894531,71.19000244140625,144.0
2024-12-30 15:28:00+00:00,71.19999694824219,71.19999694824219,71.16999816894531,71.18000030517578,140.0
2024-12-30 15:29:00+00:00,71.19999694824219,71.22000122070312,71.19000244140625,71.19999694824219,115.0
2024-12-30 15:30:00+00:00,71.25,71.26000213623047,71.19000244140625,71.19999694824219,182.0
2024-12-30 15:31:00+00:00,71.30000305175781,71.3499984741211,71.23999786376953,71.23999786376953,1544.0
2024-12-30 15:32:00+00:00,71.33000183105469,71.33999633789062,71.30000305175781,71.30000305175781,289.0
2024-12-30 15:33:00+00:00,71.30000305175781,71.3499984741211,71.30000305175781,71.33000183105469,386.0
2024-12-30 15:34:00+00:00,71.29000091552734,71.30999755859375,71.23999786376953,71.30000305175781,618.0
2024-12-30 15:35:00+00:00,71.23999786376953,71.29000091552734,71.23999786376953,71.29000091552734,162.0
2024-12-30 15:36:00+00:00,71.22000122070312,71.23999786376953,71.20999908447266,71.23999786376953,243.0
2024-12-30 15:37:00+00:00,71.29000091552734,71.29000091552734,71.20999908447266,71.22000122070312,242.0
2024-12-30 15:38:00+00:00,71.31999969482422,71.33999633789062,71.30000305175781,71.30000305175781,548.0
2024-12-30 15:39:00+00:00,71.37000274658203,71.38999938964844,71.30999755859375,71.30999755859375,493.0
2024-12-30 15:40:00+00:00,71.41999816894531,71.44000244140625,71.37000274658203,71.37000274658203,474.0
2024-12-30 15:41:00+00:00,71.37999725341797,71.45999908447266,71.37000274658203,71.43000030517578,500.0
2024-12-30 15:42:00+00:00,71.4000015258789,71.4000015258789,71.36000061035156,71.37000274658203,226.0
2024-12-30 15:43:00+00:00,71.37999725341797,71.43000030517578,71.36000061035156,71.4000015258789,421.0
2024-12-30 15:44:00+00:00,71.41000366210938,71.41999816894531,71.37000274658203,71.37000274658203,125.0
2024-12-30 15:45:00+00:00,71.37999725341797,71.41000366210938,71.37000274658203,71.41000366210938,216.0
2024-12-30 15:46:00+00:00,71.31999969482422,71.37999725341797,71.31999969482422,71.37000274658203,259.0
2024-12-30 15:47:00+00:00,71.30999755859375,71.33000183105469,71.30000305175781,71.31999969482422,212.0
2024-12-30 15:48:00+00:00,71.2699966430664,71.31999969482422,71.2699966430664,71.30999755859375,1247.0
2024-12-30 15:49:00+00:00,71.22000122070312,71.27999877929688,71.19000244140625,71.27999877929688,1944.0
2024-12-30 15:50:00+00:00,71.29000091552734,71.30000305175781,71.19999694824219,71.20999908447266,524.0
2024-12-30 15:51:00+00:00,71.33999633789062,71.33999633789062,71.27999877929688,71.27999877929688,368.0
2024-12-30 15:52:00+00:00,71.33999633789062,71.36000061035156,71.31999969482422,71.3499984741211,199.0
2024-12-30 15:53:00+00:00,71.31999969482422,71.3499984741211,71.31999969482422,71.3499984741211,97.0
2024-12-30 15:54:00+00:00,71.31999969482422,71.33000183105469,71.30999755859375,71.31999969482422,130.0
2024-12-30 15:55:00+00:00,71.30000305175781,71.33000183105469,71.27999877929688,71.31999969482422,150.0
2024-12-30 15:56:00+00:00,71.30000305175781,71.31999969482422,71.30000305175781,71.30000305175781,88.0
2024-12-30 15:57:00+00:00,71.30000305175781,71.30999755859375,71.25,71.30000305175781,709.0
2024-12-30 15:58:00+00:00,71.2699966430664,71.30000305175781,71.2699966430664,71.30000305175781,261.0
2024-12-30 15:59:00+00:00,71.23999786376953,71.2699966430664,71.23999786376953,71.2699966430664,151.0
2024-12-30 16:00:00+00:00,71.2300033569336,71.27999877929688,71.22000122070312,71.25,609.0
2024-12-30 16:01:00+00:00,71.20999908447266,71.26000213623047,71.20999908447266,71.23999786376953,101.0
2024-12-30 16:02:00+00:00,71.27999877929688,71.29000091552734,71.19000244140625,71.20999908447266,225.0
2024-12-30 16:03:00+00:00,71.27999877929688,71.30000305175781,71.27999877929688,71.27999877929688,415.0
2024-12-30 16:04:00+00:00,71.29000091552734,71.30999755859375,71.27999877929688,71.27999877929688,110.0
2024-12-30 16:05:00+00:00,71.29000091552734,71.30999755859375,71.29000091552734,71.29000091552734,135.0
2024-12-30 16:06:00+00:00,71.33999633789062,71.36000061035156,71.29000091552734,71.29000091552734,194.0
2024-12-30 16:07:00+00:00,71.37000274658203,71.37999725341797,71.33999633789062,71.3499984741211,386.0
2024-12-30 16:08:00+00:00,71.38999938964844,71.41000366210938,71.36000061035156,71.37999725341797,219.0
2024-12-30 16:09:00+00:00,71.38999938964844,71.41000366210938,71.37999725341797,71.38999938964844,283.0
2024-12-30 16:10:00+00:00,71.4000015258789,71.41000366210938,71.37000274658203,71.38999938964844,164.0
2024-12-30 16:11:00+00:00,71.4000015258789,71.41000366210938,71.38999938964844,71.4000015258789,81.0
2024-12-30 16:12:00+00:00,71.4000015258789,71.41999816894531,71.38999938964844,71.41000366210938,208.0
2024-12-30 16:13:00+00:00,71.37999725341797,71.41000366210938,71.37999725341797,71.38999938964844,187.0
2024-12-30 16:14:00+00:00,71.37000274658203,71.41999816894531,71.37000274658203,71.37999725341797,238.0
2024-12-30 16:15:00+00:00,71.37000274658203,71.37999725341797,71.3499984741211,71.37999725341797,281.0
2024-12-30 16:16:00+00:00,71.38999938964844,71.41000366210938,71.33999633789062,71.37000274658203,181.0
2024-12-30 16:17:00+00:00,71.37000274658203,71.38999938964844,71.36000061035156,71.38999938964844,89.0
2024-12-30 16:18:00+00:00,71.36000061035156,71.37000274658203,71.3499984741211,71.37000274658203,137.0
2024-12-30 16:19:00+00:00,71.31999969482422,71.36000061035156,71.30999755859375,71.36000061035156,300.0
2024-12-30 16:20:00+00:00,71.31999969482422,71.31999969482422,71.29000091552734,71.31999969482422,178.0
2024-12-30 16:21:00+00:00,71.3499984741211,71.37000274658203,71.29000091552734,71.31999969482422,461.0
2024-12-30 16:22:00+00:00,71.30000305175781,71.36000061035156,71.30000305175781,71.3499984741211,271.0
2024-12-30 16:23:00+00:00,71.2300033569336,71.30999755859375,71.2300033569336,71.30000305175781,222.0
2024-12-30 16:24:00+00:00,71.19000244140625,71.25,71.18000030517578,71.2300033569336,250.0
2024-12-30 16:25:00+00:00,71.11000061035156,71.19000244140625,71.0999984741211,71.19000244140625,600.0
2024-12-30 16:26:00+00:00,71.0999984741211,71.13999938964844,71.0999984741211,71.11000061035156,226.0
2024-12-30 16:27:00+00:00,71.04000091552734,71.11000061035156,70.9800033569336,71.0999984741211,787.0
2024-12-30 16:28:00+00:00,71.06999969482422,71.08000183105469,71.0,71.05000305175781,472.0
2024-12-30 16:29:00+00:00,70.94999694824219,71.06999969482422,70.94000244140625,71.05999755859375,504.0
2024-12-30 16:30:00+00:00,71.0,71.0199966430664,70.9000015258789,70.95999908447266,705.0
2024-12-30 16:31:00+00:00,70.94999694824219,71.0,70.94000244140625,71.0,345.0
2024-12-30 16:32:00+00:00,70.94999694824219,70.95999908447266,70.94000244140625,70.94999694824219,189.0
2024-12-30 16:33:00+00:00,70.91000366210938,70.97000122070312,70.9000015258789,70.94999694824219,315.0
2024-12-30 16:34:00+00:00,70.93000030517578,70.94999694824219,70.91000366210938,70.91000366210938,232.0
2024-12-30 16:35:00+00:00,71.0199966430664,71.02999877929688,70.94000244140625,70.94000244140625,254.0
2024-12-30 16:36:00+00:00,71.02999877929688,71.04000091552734,71.0,71.0199966430664,264.0
2024-12-30 16:37:00+00:00,71.0,71.04000091552734,70.98999786376953,71.04000091552734,226.0
2024-12-30 16:38:00+00:00,71.05000305175781,71.08999633789062,71.01000213623047,71.01000213623047,443.0
2024-12-30 16:39:00+00:00,71.08999633789062,71.11000061035156,71.04000091552734,71.04000091552734,211.0
2024-12-30 16:40:00+00:00,71.11000061035156,71.12999725341797,71.06999969482422,71.08999633789062,866.0
2024-12-30 16:41:00+00:00,71.16999816894531,71.16999816894531,71.0999984741211,71.11000061035156,483.0
2024-12-30 16:42:00+00:00,71.13999938964844,71.18000030517578,71.12999725341797,71.16999816894531,666.0
2024-12-30 16:43:00+00:00,71.16000366210938,71.16000366210938,71.12000274658203,71.12999725341797,147.0
2024-12-30 16:44:00+00:00,71.18000030517578,71.19000244140625,71.1500015258789,71.1500015258789,149.0
2024-12-30 16:45:00+00:00,71.1500015258789,71.19999694824219,71.1500015258789,71.16999816894531,144.0
2024-12-30 16:46:00+00:00,71.19000244140625,71.19000244140625,71.13999938964844,71.16000366210938,154.0
2024-12-30 16:47:00+00:00,71.18000030517578,71.19000244140625,71.16000366210938,71.19000244140625,207.0
2024-12-30 16:48:00+00:00,71.20999908447266,71.20999908447266,71.18000030517578,71.19000244140625,293.0
2024-12-30 16:49:00+00:00,71.19999694824219,71.20999908447266,71.19999694824219,71.20999908447266,248.0
2024-12-30 16:50:00+00:00,71.19999694824219,71.22000122070312,71.18000030517578,71.19999694824219,191.0
2024-12-30 16:51:00+00:00,71.2300033569336,71.25,71.18000030517578,71.19000244140625,525.0
2024-12-30 16:52:00+00:00,71.29000091552734,71.29000091552734,71.2300033569336,71.23999786376953,234.0
2024-12-30 16:53:00+00:00,71.29000091552734,71.29000091552734,71.2699966430664,71.27999877929688,119.0
2024-12-30 16:54:00+00:00,71.25,71.27999877929688,71.25,71.27999877929688,187.0
2024-12-30 16:55:00+00:00,71.20999908447266,71.25,71.19000244140625,71.23999786376953,266.0
2024-12-30 16:56:00+00:00,71.22000122070312,71.22000122070312,71.19000244140625,71.20999908447266,119.0
2024-12-30 16:57:00+00:00,71.20999908447266,71.22000122070312,71.18000030517578,71.20999908447266,573.0
2024-12-30 16:58:00+00:00,71.22000122070312,71.2300033569336,71.19000244140625,71.20999908447266,133.0
2024-12-30 16:59:00+00:00,71.25,71.26000213623047,71.22000122070312,71.22000122070312,296.0
2024-12-30 17:00:00+00:00,71.30999755859375,71.30999755859375,71.26000213623047,71.26000213623047,947.0
2024-12-30 17:01:00+00:00,71.37000274658203,71.37999725341797,71.30000305175781,71.30999755859375,585.0
2024-12-30 17:02:00+00:00,71.4000015258789,71.41999816894531,71.37999725341797,71.37999725341797,1932.0
2024-12-30 17:03:00+00:00,71.43000030517578,71.44000244140625,71.38999938964844,71.4000015258789,467.0
2024-12-30 17:04:00+00:00,71.41000366210938,71.43000030517578,71.38999938964844,71.43000030517578,224.0
2024-12-30 17:05:00+00:00,71.4000015258789,71.41000366210938,71.4000015258789,71.41000366210938,210.0
2024-12-30 17:06:00+00:00,71.38999938964844,71.4000015258789,71.36000061035156,71.38999938964844,159.0
2024-12-30 17:07:00+00:00,71.41999816894531,71.44000244140625,71.38999938964844,71.38999938964844,177.0
2024-12-30 17:08:00+00:00,71.5,71.5199966430664,71.43000030517578,71.43000030517578,2952.0
2024-12-30 17:09:00+00:00,71.5199966430664,71.52999877929688,71.5,71.51000213623047,315.0
2024-12-30 17:10:00+00:00,71.54000091552734,71.55000305175781,71.5,71.5199966430664,726.0
2024-12-30 17:11:00+00:00,71.5199966430664,71.55999755859375,71.51000213623047,71.54000091552734,1235.0
2024-12-30 17:12:00+00:00,71.51000213623047,71.54000091552734,71.5,71.51000213623047,404.0
2024-12-30 17:13:00+00:00,71.51000213623047,71.5199966430664,71.5,71.5199966430664,222.0
2024-12-30 17:14:00+00:00,71.52999877929688,71.54000091552734,71.48999786376953,71.5,417.0
2024-12-30 17:15:00+00:00,71.48999786376953,71.55000305175781,71.48999786376953,71.54000091552734,1080.0
2024-12-30 17:16:00+00:00,71.4800033569336,71.5,71.47000122070312,71.48999786376953,330.0
2024-12-30 17:17:00+00:00,71.45999908447266,71.48999786376953,71.45999908447266,71.47000122070312,267.0
2024-12-30 17:18:00+00:00,71.4800033569336,71.48999786376953,71.45999908447266,71.47000122070312,164.0
2024-12-30 17:19:00+00:00,71.47000122070312,71.48999786376953,71.45999908447266,71.4800033569336,105.0
2024-12-30 17:20:00+00:00,71.48999786376953,71.48999786376953,71.41999816894531,71.45999908447266,602.0
2024-12-30 17:21:00+00:00,71.44000244140625,71.5,71.44000244140625,71.4800033569336,274.0
2024-12-30 17:22:00+00:00,71.45999908447266,71.47000122070312,71.44000244140625,71.44000244140625,146.0
2024-12-30 17:23:00+00:00,71.43000030517578,71.45999908447266,71.41999816894531,71.44999694824219,347.0
2024-12-30 17:24:00+00:00,71.45999908447266,71.45999908447266,71.43000030517578,71.43000030517578,111.0
2024-12-30 17:25:00+00:00,71.4800033569336,71.4800033569336,71.44000244140625,71.47000122070312,142.0
2024-12-30 17:26:00+00:00,71.47000122070312,71.4800033569336,71.45999908447266,71.47000122070312,78.0
2024-12-30 17:27:00+00:00,71.47000122070312,71.47000122070312,71.44999694824219,71.45999908447266,144.0
2024-12-30 17:28:00+00:00,71.5,71.5,71.45999908447266,71.47000122070312,181.0
2024-12-30 17:29:00+00:00,71.5,71.51000213623047,71.48999786376953,71.48999786376953,111.0
2024-12-30 17:30:00+00:00,71.47000122070312,71.5,71.45999908447266,71.48999786376953,314.0
2024-12-30 17:31:00+00:00,71.4800033569336,71.4800033569336,71.47000122070312,71.47000122070312,81.0
2024-12-30 17:32:00+00:00,71.4800033569336,71.4800033569336,71.45999908447266,71.47000122070312,74.0
2024-12-30 17:33:00+00:00,71.47000122070312,71.4800033569336,71.45999908447266,71.4800033569336,68.0
2024-12-30 17:34:00+00:00,71.47000122070312,71.4800033569336,71.44000244140625,71.47000122070312,778.0
2024-12-30 17:35:00+00:00,71.48999786376953,71.48999786376953,71.45999908447266,71.47000122070312,125.0
2024-12-30 17:36:00+00:00,71.47000122070312,71.48999786376953,71.45999908447266,71.4800033569336,146.0
2024-12-30 17:37:00+00:00,71.44000244140625,71.47000122070312,71.43000030517578,71.45999908447266,169.0
2024-12-30 17:38:00+00:00,71.4000015258789,71.44999694824219,71.37999725341797,71.44999694824219,519.0
2024-12-30 17:39:00+00:00,71.37999725341797,71.4000015258789,71.36000061035156,71.4000015258789,371.0
2024-12-30 17:40:00+00:00,71.38999938964844,71.4000015258789,71.37999725341797,71.38999938964844,137.0
2024-12-30 17:41:00+00:00,71.36000061035156,71.38999938964844,71.3499984741211,71.38999938964844,360.0
2024-12-30 17:42:00+00:00,71.33999633789062,71.37000274658203,71.33999633789062,71.36000061035156,253.0
2024-12-30 17:43:00+00:00,71.33999633789062,71.36000061035156,71.31999969482422,71.3499984741211,352.0
2024-12-30 17:44:00+00:00,71.31999969482422,71.33999633789062,71.31999969482422,71.33999633789062,158.0
2024-12-30 17:45:00+00:00,71.33000183105469,71.33999633789062,71.30999755859375,71.33000183105469,258.0
2024-12-30 17:46:00+00:00,71.33000183105469,71.36000061035156,71.31999969482422,71.33000183105469,198.0
2024-12-30 17:47:00+00:00,71.31999969482422,71.33999633789062,71.30999755859375,71.33999633789062,280.0
2024-12-30 17:48:00+00:00,71.30000305175781,71.31999969482422,71.30000305175781,71.31999969482422,200.0
2024-12-30 17:49:00+00:00,71.29000091552734,71.30000305175781,71.26000213623047,71.30000305175781,436.0
2024-12-30 17:50:00+00:00,71.27999877929688,71.29000091552734,71.26000213623047,71.27999877929688,189.0
2024-12-30 17:51:00+00:00,71.27999877929688,71.30000305175781,71.27999877929688,71.29000091552734,210.0
2024-12-30 17:52:00+00:00,71.25,71.30000305175781,71.25,71.2699966430664,852.0
2024-12-30 17:53:00+00:00,71.29000091552734,71.30000305175781,71.26000213623047,71.26000213623047,142.0
2024-12-30 17:54:00+00:00,71.30000305175781,71.30999755859375,71.29000091552734,71.30000305175781,152.0
2024-12-30 17:55:00+00:00,71.27999877929688,71.29000091552734,71.2699966430664,71.29000091552734,98.0
2024-12-30 17:56:00+00:00,71.30000305175781,71.30999755859375,71.2699966430664,71.2699966430664,175.0
2024-12-30 17:57:00+00:00,71.2699966430664,71.29000091552734,71.26000213623047,71.29000091552734,141.0
2024-12-30 17:58:00+00:00,71.27999877929688,71.30000305175781,71.2699966430664,71.2699966430664,81.0
2024-12-30 17:59:00+00:00,71.30000305175781,71.31999969482422,71.27999877929688,71.27999877929688,204.0
2024-12-30 18:00:00+00:00,71.27999877929688,71.30999755859375,71.2699966430664,71.30999755859375,115.0
2024-12-30 18:01:00+00:00,71.26000213623047,71.27999877929688,71.25,71.27999877929688,104.0
2024-12-30 18:02:00+00:00,71.29000091552734,71.30999755859375,71.25,71.26000213623047,126.0
2024-12-30 18:03:00+00:00,71.27999877929688,71.29000091552734,71.2699966430664,71.29000091552734,70.0
2024-12-30 18:04:00+00:00,71.30999755859375,71.30999755859375,71.27999877929688,71.27999877929688,100.0
2024-12-30 18:05:00+00:00,71.33000183105469,71.33000183105469,71.29000091552734,71.30000305175781,174.0
2024-12-30 18:06:00+00:00,71.30000305175781,71.33999633789062,71.30000305175781,71.33000183105469,154.0
2024-12-30 18:07:00+00:00,71.30000305175781,71.30999755859375,71.27999877929688,71.29000091552734,140.0
2024-12-30 18:08:00+00:00,71.27999877929688,71.30000305175781,71.2699966430664,71.30000305175781,104.0
2024-12-30 18:09:00+00:00,71.25,71.27999877929688,71.25,71.2699966430664,156.0
2024-12-30 18:10:00+00:00,71.25,71.26000213623047,71.23999786376953,71.26000213623047,437.0
2024-12-30 18:11:00+00:00,71.2699966430664,71.29000091552734,71.25,71.25,141.0
2024-12-30 18:12:00+00:00,71.31999969482422,71.31999969482422,71.2699966430664,71.27999877929688,513.0
2024-12-30 18:13:00+00:00,71.33999633789062,71.36000061035156,71.33000183105469,71.33999633789062,196.0
2024-12-30 18:14:00+00:00,71.37000274658203,71.37999725341797,71.33999633789062,71.33999633789062,104.0
2024-12-30 18:15:00+00:00,71.36000061035156,71.38999938964844,71.36000061035156,71.37000274658203,164.0
2024-12-30 18:16:00+00:00,71.33999633789062,71.37000274658203,71.30999755859375,71.36000061035156,586.0
2024-12-30 18:17:00+00:00,71.30000305175781,71.3499984741211,71.30000305175781,71.3499984741211,405.0
2024-12-30 18:18:00+00:00,71.2699966430664,71.30999755859375,71.23999786376953,71.30999755859375,495.0
2024-12-30 18:19:00+00:00,71.25,71.27999877929688,71.25,71.2699966430664,106.0
2024-12-30 18:20:00+00:00,71.25,71.26000213623047,71.23999786376953,71.25,81.0
2024-12-30 18:21:00+00:00,71.23999786376953,71.26000213623047,71.2300033569336,71.25,111.0
2024-12-30 18:22:00+00:00,71.23999786376953,71.23999786376953,71.22000122070312,71.23999786376953,90.0
2024-12-30 18:23:00+00:00,71.23999786376953,71.23999786376953,71.22000122070312,71.2300033569336,72.0
2024-12-30 18:24:00+00:00,71.2300033569336,71.25,71.22000122070312,71.23999786376953,114.0
2024-12-30 18:25:00+00:00,71.2300033569336,71.2300033569336,71.19999694824219,71.22000122070312,81.0
2024-12-30 18:26:00+00:00,71.2300033569336,71.2300033569336,71.22000122070312,71.2300033569336,65.0
2024-12-30 18:27:00+00:00,71.26000213623047,71.26000213623047,71.22000122070312,71.22000122070312,101.0
2024-12-30 18:28:00+00:00,71.25,71.2699966430664,71.25,71.26000213623047,115.0
2024-12-30 18:29:00+00:00,71.2300033569336,71.26000213623047,71.2300033569336,71.26000213623047,128.0
2024-12-30 18:30:00+00:00,71.22000122070312,71.2300033569336,71.20999908447266,71.2300033569336,105.0
2024-12-30 18:31:00+00:00,71.2300033569336,71.23999786376953,71.22000122070312,71.22000122070312,140.0
2024-12-30 18:32:00+00:00,71.19000244140625,71.23999786376953,71.16999816894531,71.2300033569336,327.0
2024-12-30 18:33:00+00:00,71.13999938964844,71.18000030517578,71.12000274658203,71.18000030517578,280.0
2024-12-30 18:34:00+00:00,71.12999725341797,71.13999938964844,71.11000061035156,71.13999938964844,115.0
2024-12-30 18:35:00+00:00,71.11000061035156,71.12999725341797,71.0999984741211,71.12000274658203,141.0
2024-12-30 18:36:00+00:00,71.06999969482422,71.0999984741211,71.06999969482422,71.0999984741211,450.0
2024-12-30 18:37:00+00:00,71.06999969482422,71.08000183105469,71.05999755859375,71.06999969482422,157.0
2024-12-30 18:38:00+00:00,71.08000183105469,71.08999633789062,71.05000305175781,71.06999969482422,468.0
2024-12-30 18:39:00+00:00,71.0999984741211,71.0999984741211,71.05999755859375,71.08000183105469,299.0
2024-12-30 18:40:00+00:00,71.05999755859375,71.11000061035156,71.05999755859375,71.0999984741211,183.0
2024-12-30 18:41:00+00:00,71.08999633789062,71.0999984741211,71.05999755859375,71.05999755859375,155.0
2024-12-30 18:42:00+00:00,71.0999984741211,71.11000061035156,71.08999633789062,71.08999633789062,70.0
2024-12-30 18:43:00+00:00,71.0999984741211,71.0999984741211,71.08999633789062,71.0999984741211,58.0
2024-12-30 18:44:00+00:00,71.12000274658203,71.12000274658203,71.08999633789062,71.08999633789062,90.0
2024-12-30 18:45:00+00:00,71.11000061035156,71.12000274658203,71.0999984741211,71.12000274658203,203.0
2024-12-30 18:46:00+00:00,71.08999633789062,71.12000274658203,71.08000183105469,71.11000061035156,233.0
2024-12-30 18:47:00+00:00,71.08999633789062,71.11000061035156,71.08000183105469,71.0999984741211,97.0
2024-12-30 18:48:00+00:00,71.08999633789062,71.0999984741211,71.06999969482422,71.08000183105469,284.0
2024-12-30 18:49:00+00:00,71.08999633789062,71.0999984741211,71.08000183105469,71.08999633789062,119.0
2024-12-30 18:50:00+00:00,71.08999633789062,71.0999984741211,71.06999969482422,71.08999633789062,229.0
2024-12-30 18:51:00+00:00,71.05999755859375,71.08999633789062,71.05999755859375,71.08999633789062,119.0
2024-12-30 18:52:00+00:00,71.06999969482422,71.06999969482422,71.04000091552734,71.05000305175781,127.0
2024-12-30 18:53:00+00:00,71.05000305175781,71.08999633789062,71.05000305175781,71.08000183105469,162.0
2024-12-30 18:54:00+00:00,71.05999755859375,71.05999755859375,71.04000091552734,71.05000305175781,156.0
2024-12-30 18:55:00+00:00,71.08999633789062,71.11000061035156,71.05999755859375,71.06999969482422,162.0
2024-12-30 18:56:00+00:00,71.08000183105469,71.0999984741211,71.08000183105469,71.08999633789062,123.0
2024-12-30 18:57:00+00:00,71.08999633789062,71.08999633789062,71.08000183105469,71.08000183105469,77.0
2024-12-30 18:58:00+00:00,71.08000183105469,71.08999633789062,71.06999969482422,71.08000183105469,137.0
2024-12-30 18:59:00+00:00,71.06999969482422,71.08000183105469,71.06999969482422,71.08000183105469,223.0
2024-12-30 19:00:00+00:00,71.08000183105469,71.08000183105469,71.05000305175781,71.05999755859375,179.0
2024-12-30 19:01:00+00:00,71.06999969482422,71.08999633789062,71.05999755859375,71.08000183105469,170.0
2024-12-30 19:02:00+00:00,71.08999633789062,71.11000061035156,71.08000183105469,71.08000183105469,160.0
2024-12-30 19:03:00+00:00,71.05999755859375,71.08999633789062,71.05999755859375,71.08999633789062,190.0
2024-12-30 19:04:00+00:00,71.04000091552734,71.05999755859375,71.02999877929688,71.05999755859375,115.0
2024-12-30 19:05:00+00:00,71.0199966430664,71.05999755859375,71.01000213623047,71.05000305175781,189.0
2024-12-30 19:06:00+00:00,70.95999908447266,71.0199966430664,70.94999694824219,71.01000213623047,501.0
2024-12-30 19:07:00+00:00,70.98999786376953,70.98999786376953,70.94999694824219,70.95999908447266,345.0
2024-12-30 19:08:00+00:00,70.9800033569336,70.9800033569336,70.97000122070312,70.9800033569336,119.0
2024-12-30 19:09:00+00:00,70.94000244140625,70.9800033569336,70.93000030517578,70.97000122070312,393.0
2024-12-30 19:10:00+00:00,70.94999694824219,70.95999908447266,70.93000030517578,70.94000244140625,239.0
2024-12-30 19:11:00+00:00,70.9000015258789,70.95999908447266,70.88999938964844,70.94999694824219,581.0
2024-12-30 19:12:00+00:00,70.88999938964844,70.9000015258789,70.87000274658203,70.9000015258789,231.0
2024-12-30 19:13:00+00:00,70.87999725341797,70.9000015258789,70.86000061035156,70.88999938964844,520.0
2024-12-30 19:14:00+00:00,70.87000274658203,70.9000015258789,70.87000274658203,70.87999725341797,325.0
2024-12-30 19:15:00+00:00,70.86000061035156,70.88999938964844,70.86000061035156,70.87000274658203,231.0
2024-12-30 19:16:00+00:00,70.87999725341797,70.87999725341797,70.83999633789062,70.86000061035156,425.0
2024-12-30 19:17:00+00:00,70.87000274658203,70.88999938964844,70.86000061035156,70.87999725341797,131.0
2024-12-30 19:18:00+00:00,70.86000061035156,70.87000274658203,70.83000183105469,70.87000274658203,368.0
2024-12-30 19:19:00+00:00,70.83999633789062,70.86000061035156,70.80999755859375,70.8499984741211,348.0
2024-12-30 19:20:00+00:00,70.8499984741211,70.88999938964844,70.83000183105469,70.83000183105469,529.0
2024-12-30 19:21:00+00:00,70.87999725341797,70.88999938964844,70.8499984741211,70.86000061035156,393.0
2024-12-30 19:22:00+00:00,70.79000091552734,70.87999725341797,70.77999877929688,70.87999725341797,811.0
2024-12-30 19:23:00+00:00,70.80999755859375,70.81999969482422,70.79000091552734,70.80000305175781,404.0
2024-12-30 19:24:00+00:00,70.8499984741211,70.86000061035156,70.80999755859375,70.80999755859375,241.0
2024-12-30 19:25:00+00:00,70.9000015258789,70.91000366210938,70.83999633789062,70.83999633789062,397.0
2024-12-30 19:26:00+00:00,70.87999725341797,70.94000244140625,70.87999725341797,70.91000366210938,420.0
2024-12-30 19:27:00+00:00,70.91999816894531,70.93000030517578,70.87000274658203,70.87999725341797,482.0
2024-12-30 19:28:00+00:00,70.95999908447266,71.06999969482422,70.91999816894531,70.93000030517578,3402.0
2024-12-30 19:29:00+00:00,71.02999877929688,71.05000305175781,70.94000244140625,70.94999694824219,3385.0
2024-12-30 19:30:00+00:00,71.06999969482422,71.06999969482422,71.01000213623047,71.02999877929688,676.0
2024-12-30 19:31:00+00:00,71.0,71.0999984741211,70.98999786376953,71.08000183105469,1066.0
2024-12-30 19:32:00+00:00,70.98999786376953,71.01000213623047,70.9800033569336,70.98999786376953,208.0
2024-12-30 19:33:00+00:00,70.94000244140625,71.0,70.94000244140625,71.0,342.0
2024-12-30 19:34:00+00:00,70.97000122070312,70.97000122070312,70.94999694824219,70.94999694824219,164.0
2024-12-30 19:35:00+00:00,70.97000122070312,70.97000122070312,70.94999694824219,70.97000122070312,96.0
2024-12-30 19:36:00+00:00,70.97000122070312,70.9800033569336,70.95999908447266,70.97000122070312,75.0
2024-12-30 19:37:00+00:00,70.95999908447266,70.97000122070312,70.94000244140625,70.97000122070312,88.0
2024-12-30 19:38:00+00:00,70.95999908447266,70.97000122070312,70.94999694824219,70.97000122070312,51.0
2024-12-30 19:39:00+00:00,70.95999908447266,70.97000122070312,70.94999694824219,70.95999908447266,139.0
2024-12-30 19:40:00+00:00,70.91999816894531,70.9800033569336,70.91999816894531,70.95999908447266,313.0
2024-12-30 19:41:00+00:00,70.91999816894531,70.91999816894531,70.88999938964844,70.91000366210938,673.0
2024-12-30 19:42:00+00:00,70.94999694824219,70.94999694824219,70.9000015258789,70.91000366210938,110.0
2024-12-30 19:43:00+00:00,70.91999816894531,70.94000244140625,70.91999816894531,70.93000030517578,65.0
2024-12-30 19:44:00+00:00,70.91999816894531,70.91999816894531,70.91000366210938,70.91999816894531,132.0
2024-12-30 19:45:00+00:00,70.9000015258789,70.91000366210938,70.88999938964844,70.91000366210938,41.0
2024-12-30 19:46:00+00:00,70.87999725341797,70.9000015258789,70.87999725341797,70.88999938964844,72.0
2024-12-30 19:47:00+00:00,70.91000366210938,70.91000366210938,70.87000274658203,70.87999725341797,123.0
2024-12-30 19:48:00+00:00,70.91999816894531,70.93000030517578,70.91000366210938,70.91000366210938,70.0
2024-12-30 19:49:00+00:00,70.95999908447266,70.97000122070312,70.91999816894531,70.91999816894531,148.0
2024-12-30 19:50:00+00:00,70.97000122070312,70.97000122070312,70.95999908447266,70.95999908447266,50.0
2024-12-30 19:51:00+00:00,70.9800033569336,70.9800033569336,70.97000122070312,70.97000122070312,142.0
2024-12-30 19:52:00+00:00,71.0,71.0199966430664,70.98999786376953,70.98999786376953,174.0
2024-12-30 19:53:00+00:00,71.0199966430664,71.0199966430664,71.0,71.0,91.0
2024-12-30 19:54:00+00:00,71.0199966430664,71.02999877929688,71.01000213623047,71.0199966430664,92.0
2024-12-30 19:55:00+00:00,71.04000091552734,71.05000305175781,71.0199966430664,71.0199966430664,73.0
2024-12-30 19:56:00+00:00,71.04000091552734,71.05000305175781,71.0199966430664,71.02999877929688,92.0
2024-12-30 19:57:00+00:00,71.02999877929688,71.05000305175781,71.02999877929688,71.05000305175781,52.0
2024-12-30 19:58:00+00:00,71.05000305175781,71.05000305175781,71.0199966430664,71.02999877929688,103.0
2024-12-30 19:59:00+00:00,71.02999877929688,71.05000305175781,71.02999877929688,71.05000305175781,60.0
2024-12-30 20:00:00+00:00,71.0199966430664,71.04000091552734,71.01000213623047,71.02999877929688,59.0
2024-12-30 20:01:00+00:00,71.05999755859375,71.05999755859375,71.04000091552734,71.04000091552734,43.0
2024-12-30 20:02:00+00:00,71.05000305175781,71.05000305175781,71.04000091552734,71.05000305175781,25.0
2024-12-30 20:03:00+00:00,71.04000091552734,71.05000305175781,71.04000091552734,71.04000091552734,24.0
2024-12-30 20:04:00+00:00,71.05999755859375,71.05999755859375,71.04000091552734,71.04000091552734,65.0
2024-12-30 20:05:00+00:00,71.05000305175781,71.05999755859375,71.05000305175781,71.05000305175781,15.0
2024-12-30 20:06:00+00:00,71.08999633789062,71.0999984741211,71.05999755859375,71.06999969482422,88.0
2024-12-30 20:07:00+00:00,71.0999984741211,71.11000061035156,71.0999984741211,71.0999984741211,54.0
2024-12-30 20:08:00+00:00,71.11000061035156,71.12000274658203,71.0999984741211,71.0999984741211,62.0
2024-12-30 20:09:00+00:00,71.11000061035156,71.12000274658203,71.0999984741211,71.0999984741211,142.0
2024-12-30 20:10:00+00:00,71.11000061035156,71.12000274658203,71.0999984741211,71.11000061035156,87.0
2024-12-30 20:11:00+00:00,71.0999984741211,71.11000061035156,71.0999984741211,71.11000061035156,26.0
2024-12-30 20:12:00+00:00,71.12999725341797,71.12999725341797,71.0999984741211,71.0999984741211,59.0
2024-12-30 20:13:00+00:00,71.1500015258789,71.1500015258789,71.12000274658203,71.12000274658203,300.0
2024-12-30 20:14:00+00:00,71.1500015258789,71.16999816894531,71.13999938964844,71.1500015258789,134.0
2024-12-30 20:15:00+00:00,71.1500015258789,71.1500015258789,71.12999725341797,71.13999938964844,119.0
2024-12-30 20:16:00+00:00,71.1500015258789,71.16000366210938,71.13999938964844,71.13999938964844,69.0
2024-12-30 20:17:00+00:00,71.1500015258789,71.16000366210938,71.13999938964844,71.1500015258789,143.0
2024-12-30 20:18:00+00:00,71.18000030517578,71.18000030517578,71.1500015258789,71.1500015258789,50.0
2024-12-30 20:19:00+00:00,71.19999694824219,71.20999908447266,71.19000244140625,71.19999694824219,156.0
2024-12-30 20:20:00+00:00,71.22000122070312,71.22000122070312,71.19000244140625,71.19999694824219,97.0
2024-12-30 20:21:00+00:00,71.22000122070312,71.23999786376953,71.20999908447266,71.23999786376953,157.0
2024-12-30 20:22:00+00:00,71.20999908447266,71.2300033569336,71.20999908447266,71.22000122070312,208.0
2024-12-30 20:23:00+00:00,71.22000122070312,71.2300033569336,71.20999908447266,71.20999908447266,123.0
2024-12-30 20:24:00+00:00,71.20999908447266,71.22000122070312,71.19999694824219,71.22000122070312,93.0
2024-12-30 20:25:00+00:00,71.22000122070312,71.22000122070312,71.20999908447266,71.22000122070312,37.0
2024-12-30 20:26:00+00:00,71.22000122070312,71.2300033569336,71.20999908447266,71.20999908447266,92.0
2024-12-30 20:27:00+00:00,71.26000213623047,71.26000213623047,71.2300033569336,71.2300033569336,585.0
2024-12-30 20:28:00+00:00,71.26000213623047,71.27999877929688,71.25,71.2699966430664,94.0
2024-12-30 20:29:00+00:00,71.25,71.26000213623047,71.25,71.25,50.0
2024-12-30 20:30:00+00:00,71.2300033569336,71.25,71.2300033569336,71.25,31.0
2024-12-30 20:31:00+00:00,71.22000122070312,71.2300033569336,71.20999908447266,71.2300033569336,22.0
2024-12-30 20:32:00+00:00,71.22000122070312,71.2300033569336,71.22000122070312,71.22000122070312,33.0
2024-12-30 20:33:00+00:00,71.20999908447266,71.2300033569336,71.20999908447266,71.22000122070312,61.0
2024-12-30 20:34:00+00:00,71.20999908447266,71.20999908447266,71.19999694824219,71.19999694824219,23.0
2024-12-30 20:35:00+00:00,71.20999908447266,71.22000122070312,71.19999694824219,71.20999908447266,43.0
2024-12-30 20:36:00+00:00,71.16999816894531,71.19999694824219,71.16999816894531,71.19999694824219,47.0
2024-12-30 20:37:00+00:00,71.16999816894531,71.19000244140625,71.16999816894531,71.18000030517578,68.0
2024-12-30 20:38:00+00:00,71.18000030517578,71.18000030517578,71.16999816894531,71.18000030517578,43.0
2024-12-30 20:39:00+00:00,71.16999816894531,71.16999816894531,71.16999816894531,71.16999816894531,5.0
2024-12-30 20:40:00+00:00,71.16999816894531,71.18000030517578,71.16999816894531,71.16999816894531,51.0
2024-12-30 20:41:00+00:00,71.1500015258789,71.16999816894531,71.13999938964844,71.16999816894531,122.0
2024-12-30 20:42:00+00:00,71.12000274658203,71.13999938964844,71.12000274658203,71.13999938964844,48.0
2024-12-30 20:43:00+00:00,71.12999725341797,71.12999725341797,71.12000274658203,71.12000274658203,50.0
2024-12-30 20:44:00+00:00,71.12999725341797,71.13999938964844,71.12000274658203,71.13999938964844,83.0
2024-12-30 20:45:00+00:00,71.12000274658203,71.12999725341797,71.12000274658203,71.12999725341797,48.0
2024-12-30 20:46:00+00:00,71.12000274658203,71.12000274658203,71.12000274658203,71.12000274658203,14.0
2024-12-30 20:47:00+00:00,71.11000061035156,71.12000274658203,71.0999984741211,71.12000274658203,52.0
2024-12-30 20:48:00+00:00,71.16999816894531,71.16999816894531,71.0999984741211,71.0999984741211,77.0
2024-12-30 20:49:00+00:00,71.16999816894531,71.19000244140625,71.16999816894531,71.18000030517578,63.0
2024-12-30 20:50:00+00:00,71.16999816894531,71.18000030517578,71.16000366210938,71.16999816894531,29.0
2024-12-30 20:51:00+00:00,71.16999816894531,71.18000030517578,71.16000366210938,71.16999816894531,63.0
2024-12-30 20:52:00+00:00,71.16999816894531,71.18000030517578,71.16999816894531,71.16999816894531,18.0
2024-12-30 20:53:00+00:00,71.16000366210938,71.19000244140625,71.16000366210938,71.16999816894531,54.0
2024-12-30 20:54:00+00:00,71.16999816894531,71.18000030517578,71.16000366210938,71.16000366210938,85.0
2024-12-30 20:55:00+00:00,71.1500015258789,71.18000030517578,71.1500015258789,71.16000366210938,90.0
2024-12-30 20:56:00+00:00,71.12000274658203,71.1500015258789,71.12000274658203,71.1500015258789,51.0
2024-12-30 20:57:00+00:00,71.12000274658203,71.12000274658203,71.0999984741211,71.11000061035156,40.0
2024-12-30 20:58:00+00:00,71.12000274658203,71.13999938964844,71.12000274658203,71.12999725341797,15.0
2024-12-30 20:59:00+00:00,71.12999725341797,71.12999725341797,71.11000061035156,71.12999725341797,60.0
2024-12-30 21:00:00+00:00,71.13999938964844,71.13999938964844,71.12999725341797,71.12999725341797,54.0
2024-12-30 21:01:00+00:00,71.12000274658203,71.13999938964844,71.0999984741211,71.12999725341797,80.0
2024-12-30 21:02:00+00:00,71.13999938964844,71.13999938964844,71.12000274658203,71.12999725341797,103.0
2024-12-30 21:03:00+00:00,71.1500015258789,71.1500015258789,71.12999725341797,71.13999938964844,11.0
2024-12-30 21:04:00+00:00,71.12999725341797,71.1500015258789,71.12999725341797,71.1500015258789,31.0
2024-12-30 21:05:00+00:00,71.13999938964844,71.13999938964844,71.12999725341797,71.13999938964844,11.0
2024-12-30 21:06:00+00:00,71.13999938964844,71.1500015258789,71.12999725341797,71.1500015258789,16.0
2024-12-30 21:07:00+00:00,71.13999938964844,71.1500015258789,71.12999725341797,71.12999725341797,28.0
2024-12-30 21:08:00+00:00,71.13999938964844,71.13999938964844,71.12999725341797,71.13999938964844,6.0
2024-12-30 21:09:00+00:00,71.12999725341797,71.13999938964844,71.12999725341797,71.13999938964844,23.0
2024-12-30 21:10:00+00:00,71.1500015258789,71.1500015258789,71.12999725341797,71.12999725341797,66.0
2024-12-30 21:11:00+00:00,71.1500015258789,71.1500015258789,71.1500015258789,71.1500015258789,1.0
2024-12-30 21:12:00+00:00,71.16000366210938,71.16000366210938,71.1500015258789,71.16000366210938,65.0
2024-12-30 21:13:00+00:00,71.16000366210938,71.16999816894531,71.1500015258789,71.16000366210938,55.0
2024-12-30 21:14:00+00:00,71.16000366210938,71.16999816894531,71.16000366210938,71.16000366210938,43.0
2024-12-30 21:15:00+00:00,71.16000366210938,71.16999816894531,71.16000366210938,71.16000366210938,30.0
2024-12-30 21:16:00+00:00,71.16000366210938,71.16000366210938,71.16000366210938,71.16000366210938,15.0
2024-12-30 21:17:00+00:00,71.1500015258789,71.1500015258789,71.1500015258789,71.1500015258789,14.0
2024-12-30 21:18:00+00:00,71.1500015258789,71.1500015258789,71.1500015258789,71.1500015258789,4.0
2024-12-30 21:19:00+00:00,71.1500015258789,71.16000366210938,71.1500015258789,71.1500015258789,14.0
2024-12-30 21:20:00+00:00,71.13999938964844,71.13999938964844,71.13999938964844,71.13999938964844,1.0
2024-12-30 21:21:00+00:00,71.13999938964844,71.13999938964844,71.13999938964844,71.13999938964844,6.0
2024-12-30 21:22:00+00:00,71.13999938964844,71.13999938964844,71.13999938964844,71.13999938964844,8.0
2024-12-30 21:23:00+00:00,71.12999725341797,71.13999938964844,71.12999725341797,71.13999938964844,5.0
2024-12-30 21:24:00+00:00,71.12999725341797,71.13999938964844,71.12999725341797,71.13999938964844,34.0
2024-12-30 21:25:00+00:00,71.12999725341797,71.13999938964844,71.12999725341797,71.13999938964844,16.0
2024-12-30 21:26:00+00:00,71.12999725341797,71.12999725341797,71.12000274658203,71.12000274658203,10.0
2024-12-30 21:27:00+00:00,71.12999725341797,71.12999725341797,71.12999725341797,71.12999725341797,1.0
2024-12-30 21:28:00+00:00,71.1500015258789,71.1500015258789,71.12999725341797,71.12999725341797,23.0
2024-12-30 21:29:00+00:00,71.13999938964844,71.16000366210938,71.12999725341797,71.1500015258789,57.0
2024-12-30 21:30:00+00:00,71.1500015258789,71.16999816894531,71.1500015258789,71.1500015258789,74.0
2024-12-30 21:31:00+00:00,71.1500015258789,71.1500015258789,71.1500015258789,71.1500015258789,10.0
2024-12-30 21:32:00+00:00,71.1500015258789,71.16000366210938,71.1500015258789,71.1500015258789,3.0
2024-12-30 21:33:00+00:00,71.18000030517578,71.18000030517578,71.16000366210938,71.16000366210938,8.0
2024-12-30 21:34:00+00:00,71.16999816894531,71.16999816894531,71.16999816894531,71.16999816894531,2.0
2024-12-30 21:35:00+00:00,71.18000030517578,71.18000030517578,71.16999816894531,71.18000030517578,36.0
2024-12-30 21:36:00+00:00,71.16999816894531,71.18000030517578,71.16999816894531,71.18000030517578,13.0
2024-12-30 21:37:00+00:00,71.16000366210938,71.18000030517578,71.16000366210938,71.16999816894531,21.0
2024-12-30 21:38:00+00:00,71.16000366210938,71.16000366210938,71.12999725341797,71.16000366210938,56.0
2024-12-30 21:39:00+00:00,71.16000366210938,71.16000366210938,71.1500015258789,71.1500015258789,11.0
2024-12-30 21:40:00+00:00,71.1500015258789,71.1500015258789,71.1500015258789,71.1500015258789,11.0
2024-12-30 21:41:00+00:00,71.16000366210938,71.16000366210938,71.16000366210938,71.16000366210938,6.0
2024-12-30 21:42:00+00:00,71.13999938964844,71.1500015258789,71.13999938964844,71.1500015258789,256.0
2024-12-30 21:43:00+00:00,71.13999938964844,71.13999938964844,71.13999938964844,71.13999938964844,2.0
2024-12-30 21:44:00+00:00,71.13999938964844,71.13999938964844,71.12999725341797,71.13999938964844,315.0
2024-12-30 21:45:00+00:00,71.12999725341797,71.12999725341797,71.0999984741211,71.11000061035156,66.0
2024-12-30 21:46:00+00:00,71.12999725341797,71.13999938964844,71.12999725341797,71.12999725341797,8.0
2024-12-30 21:47:00+00:00,71.12999725341797,71.12999725341797,71.12999725341797,71.12999725341797,3.0
2024-12-30 21:49:00+00:00,71.12000274658203,71.12999725341797,71.12000274658203,71.12000274658203,17.0
2024-12-30 21:50:00+00:00,71.11000061035156,71.12000274658203,71.11000061035156,71.12000274658203,20.0
2024-12-30 21:51:00+00:00,71.11000061035156,71.11000061035156,71.11000061035156,71.11000061035156,1.0
2024-12-30 21:52:00+00:00,71.12000274658203,71.12000274658203,71.12000274658203,71.12000274658203,18.0
2024-12-30 21:54:00+00:00,71.12000274658203,71.12000274658203,71.12000274658203,71.12000274658203,4.0
2024-12-30 21:55:00+00:00,71.13999938964844,71.13999938964844,71.12999725341797,71.12999725341797,18.0
2024-12-30 21:56:00+00:00,71.1500015258789,71.1500015258789,71.13999938964844,71.13999938964844,10.0
2024-12-30 21:57:00+00:00,71.1500015258789,71.16000366210938,71.1500015258789,71.16000366210938,17.0
2024-12-30 21:58:00+00:00,71.1500015258789,71.1500015258789,71.13999938964844,71.1500015258789,17.0
2024-12-30 21:59:00+00:00,71.12999725341797,71.16000366210938,71.12000274658203,71.13999938964844,69.0
2024-12-30 23:00:00+00:00,71.11000061035156,71.16000366210938,71.0999984741211,71.1500015258789,0.0
2024-12-30 23:01:00+00:00,71.11000061035156,71.11000061035156,71.08000183105469,71.11000061035156,96.0
2024-12-30 23:02:00+00:00,71.11000061035156,71.12000274658203,71.0999984741211,71.12000274658203,9.0
2024-12-30 23:03:00+00:00,71.11000061035156,71.12000274658203,71.11000061035156,71.11000061035156,4.0
2024-12-30 23:04:00+00:00,71.12000274658203,71.12000274658203,71.11000061035156,71.11000061035156,25.0
2024-12-30 23:05:00+00:00,71.12000274658203,71.12999725341797,71.12000274658203,71.12000274658203,4.0
2024-12-30 23:06:00+00:00,71.11000061035156,71.12000274658203,71.11000061035156,71.12000274658203,21.0
2024-12-30 23:07:00+00:00,71.11000061035156,71.11000061035156,71.0999984741211,71.11000061035156,13.0
2024-12-30 23:08:00+00:00,71.11000061035156,71.11000061035156,71.0999984741211,71.0999984741211,12.0
2024-12-30 23:09:00+00:00,71.12000274658203,71.12000274658203,71.12000274658203,71.12000274658203,22.0
2024-12-30 23:10:00+00:00,71.11000061035156,71.12000274658203,71.11000061035156,71.12000274658203,2.0
2024-12-30 23:11:00+00:00,71.11000061035156,71.11000061035156,71.11000061035156,71.11000061035156,2.0
2024-12-30 23:12:00+00:00,71.0999984741211,71.11000061035156,71.0999984741211,71.11000061035156,15.0
2024-12-30 23:13:00+00:00,71.08999633789062,71.0999984741211,71.08999633789062,71.0999984741211,3.0
2024-12-30 23:14:00+00:00,71.0999984741211,71.0999984741211,71.0999984741211,71.0999984741211,4.0
2024-12-30 23:15:00+00:00,71.0999984741211,71.0999984741211,71.0999984741211,71.0999984741211,2.0
2024-12-30 23:17:00+00:00,71.0999984741211,71.0999984741211,71.0999984741211,71.0999984741211,3.0
2024-12-30 23:18:00+00:00,71.0999984741211,71.0999984741211,71.0999984741211,71.0999984741211,1.0
2024-12-30 23:19:00+00:00,71.0999984741211,71.11000061035156,71.0999984741211,71.11000061035156,3.0
2024-12-30 23:21:00+00:00,71.11000061035156,71.11000061035156,71.0999984741211,71.0999984741211,13.0
2024-12-30 23:25:00+00:00,71.0999984741211,71.11000061035156,71.0999984741211,71.11000061035156,8.0
2024-12-30 23:26:00+00:00,71.12999725341797,71.13999938964844,71.0999984741211,71.0999984741211,47.0
2024-12-30 23:27:00+00:00,71.12999725341797,71.12999725341797,71.12999725341797,71.12999725341797,2.0
2024-12-30 23:29:00+00:00,71.13999938964844,71.13999938964844,71.12999725341797,71.12999725341797,12.0
2024-12-30 23:30:00+00:00,71.13999938964844,71.13999938964844,71.13999938964844,71.13999938964844,5.0
2024-12-30 23:31:00+00:00,71.1500015258789,71.1500015258789,71.1500015258789,71.1500015258789,7.0
2024-12-30 23:32:00+00:00,71.12999725341797,71.1500015258789,71.12999725341797,71.1500015258789,29.0
2024-12-30 23:33:00+00:00,71.13999938964844,71.1500015258789,71.13999938964844,71.1500015258789,3.0
2024-12-30 23:34:00+00:00,71.13999938964844,71.13999938964844,71.13999938964844,71.13999938964844,3.0
2024-12-30 23:35:00+00:00,71.13999938964844,71.16000366210938,71.13999938964844,71.13999938964844,24.0
2024-12-30 23:36:00+00:00,71.1500015258789,71.16000366210938,71.1500015258789,71.16000366210938,31.0
2024-12-30 23:37:00+00:00,71.16999816894531,71.18000030517578,71.16000366210938,71.16000366210938,25.0
2024-12-30 23:38:00+00:00,71.16999816894531,71.16999816894531,71.16999816894531,71.16999816894531,1.0
2024-12-30 23:39:00+00:00,71.16999816894531,71.16999816894531,71.16000366210938,71.16999816894531,11.0
2024-12-30 23:41:00+00:00,71.18000030517578,71.18000030517578,71.16999816894531,71.16999816894531,2.0
2024-12-30 23:42:00+00:00,71.19000244140625,71.19000244140625,71.18000030517578,71.18000030517578,15.0
2024-12-30 23:43:00+00:00,71.19000244140625,71.19000244140625,71.18000030517578,71.18000030517578,4.0
2024-12-30 23:44:00+00:00,71.19000244140625,71.19000244140625,71.18000030517578,71.19000244140625,9.0
2024-12-30 23:45:00+00:00,71.19999694824219,71.19999694824219,71.18000030517578,71.19000244140625,14.0
2024-12-30 23:46:00+00:00,71.19000244140625,71.19999694824219,71.19000244140625,71.19000244140625,9.0
2024-12-30 23:47:00+00:00,71.18000030517578,71.19999694824219,71.18000030517578,71.19999694824219,9.0
2024-12-30 23:48:00+00:00,71.18000030517578,71.18000030517578,71.18000030517578,71.18000030517578,1.0
2024-12-30 23:49:00+00:00,71.18000030517578,71.18000030517578,71.18000030517578,71.18000030517578,3.0
2024-12-30 23:50:00+00:00,71.18000030517578,71.18000030517578,71.16999816894531,71.18000030517578,23.0
2024-12-30 23:51:00+00:00,71.18000030517578,71.18000030517578,71.18000030517578,71.18000030517578,8.0
2024-12-30 23:55:00+00:00,71.19000244140625,71.19000244140625,71.19000244140625,71.19000244140625,3.0
2024-12-30 23:56:00+00:00,71.19999694824219,71.19999694824219,71.19000244140625,71.19000244140625,9.0
2024-12-30 23:57:00+00:00,71.19999694824219,71.20999908447266,71.19000244140625,71.19999694824219,27.0
2024-12-30 23:58:00+00:00,71.19999694824219,71.20999908447266,71.19999694824219,71.19999694824219,13.0
2024-12-30 23:59:00+00:00,71.20999908447266,71.22000122070312,71.20999908447266,71.20999908447266,3.0
2024-12-31 00:00:00+00:00,71.2300033569336,71.2300033569336,71.20999908447266,71.20999908447266,17.0
2024-12-31 00:01:00+00:00,71.2300033569336,71.2300033569336,71.22000122070312,71.22000122070312,19.0
2024-12-31 00:04:00+00:00,71.2300033569336,71.2300033569336,71.2300033569336,71.2300033569336,51.0
2024-12-31 00:05:00+00:00,71.20999908447266,71.2300033569336,71.20999908447266,71.2300033569336,18.0
2024-12-31 00:06:00+00:00,71.22000122070312,71.22000122070312,71.22000122070312,71.22000122070312,1.0
2024-12-31 00:08:00+00:00,71.22000122070312,71.22000122070312,71.22000122070312,71.22000122070312,2.0
2024-12-31 00:09:00+00:00,71.22000122070312,71.2300033569336,71.22000122070312,71.22000122070312,9.0
2024-12-31 00:10:00+00:00,71.20999908447266,71.2300033569336,71.19000244140625,71.22000122070312,43.0
2024-12-31 00:11:00+00:00,71.22000122070312,71.22000122070312,71.22000122070312,71.22000122070312,5.0
2024-12-31 00:12:00+00:00,71.20999908447266,71.20999908447266,71.20999908447266,71.20999908447266,5.0
2024-12-31 00:13:00+00:00,71.20999908447266,71.20999908447266,71.19999694824219,71.19999694824219,12.0
2024-12-31 00:14:00+00:00,71.20999908447266,71.20999908447266,71.20999908447266,71.20999908447266,2.0
2024-12-31 00:15:00+00:00,71.20999908447266,71.20999908447266,71.20999908447266,71.20999908447266,1.0
2024-12-31 00:17:00+00:00,71.22000122070312,71.22000122070312,71.22000122070312,71.22000122070312,9.0
2024-12-31 00:19:00+00:00,71.2300033569336,71.23999786376953,71.22000122070312,71.22000122070312,24.0
2024-12-31 00:20:00+00:00,71.2300033569336,71.2300033569336,71.2300033569336,71.2300033569336,5.0
2024-12-31 00:21:00+00:00,71.22000122070312,71.22000122070312,71.22000122070312,71.22000122070312,23.0
2024-12-31 00:22:00+00:00,71.2300033569336,71.2300033569336,71.2300033569336,71.2300033569336,7.0
2024-12-31 00:23:00+00:00,71.23999786376953,71.23999786376953,71.23999786376953,71.23999786376953,24.0
2024-12-31 00:24:00+00:00,71.2300033569336,71.2300033569336,71.2300033569336,71.2300033569336,2.0
2024-12-31 00:25:00+00:00,71.22000122070312,71.2300033569336,71.22000122070312,71.2300033569336,14.0
2024-12-31 00:26:00+00:00,71.22000122070312,71.22000122070312,71.22000122070312,71.22000122070312,4.0
2024-12-31 00:27:00+00:00,71.20999908447266,71.22000122070312,71.20999908447266,71.22000122070312,2.0
2024-12-31 00:30:00+00:00,71.20999908447266,71.20999908447266,71.20999908447266,71.20999908447266,18.0
2024-12-31 00:32:00+00:00,71.19999694824219,71.20999908447266,71.19000244140625,71.20999908447266,23.0
2024-12-31 00:33:00+00:00,71.20999908447266,71.20999908447266,71.19999694824219,71.19999694824219,8.0
2024-12-31 00:35:00+00:00,71.19999694824219,71.19999694824219,71.19999694824219,71.19999694824219,3.0
2024-12-31 00:37:00+00:00,71.20999908447266,71.20999908447266,71.20999908447266,71.20999908447266,10.0
2024-12-31 00:38:00+00:00,71.22000122070312,71.22000122070312,71.20999908447266,71.20999908447266,6.0
2024-12-31 00:41:00+00:00,71.23999786376953,71.23999786376953,71.22000122070312,71.22000122070312,18.0
2024-12-31 00:42:00+00:00,71.26000213623047,71.26000213623047,71.23999786376953,71.23999786376953,30.0
2024-12-31 00:43:00+00:00,71.25,71.25,71.25,71.25,2.0
2024-12-31 00:44:00+00:00,71.23999786376953,71.23999786376953,71.23999786376953,71.23999786376953,4.0
2024-12-31 00:45:00+00:00,71.23999786376953,71.23999786376953,71.23999786376953,71.23999786376953,12.0
2024-12-31 00:46:00+00:00,71.23999786376953,71.23999786376953,71.23999786376953,71.23999786376953,1.0
2024-12-31 00:47:00+00:00,71.23999786376953,71.23999786376953,71.23999786376953,71.23999786376953,23.0
2024-12-31 00:49:00+00:00,71.2300033569336,71.2300033569336,71.22000122070312,71.2300033569336,10.0
2024-12-31 00:50:00+00:00,71.2300033569336,71.23999786376953,71.2300033569336,71.2300033569336,3.0
2024-12-31 00:51:00+00:00,71.25,71.25,71.23999786376953,71.23999786376953,18.0
2024-12-31 00:54:00+00:00,71.25,71.25,71.25,71.25,1.0
2024-12-31 00:56:00+00:00,71.26000213623047,71.26000213623047,71.25,71.25,4.0
2024-12-31 00:57:00+00:00,71.25,71.26000213623047,71.25,71.26000213623047,7.0
2024-12-31 00:58:00+00:00,71.23999786376953,71.23999786376953,71.23999786376953,71.23999786376953,20.0
2024-12-31 00:59:00+00:00,71.2300033569336,71.23999786376953,71.2300033569336,71.23999786376953,2.0
2024-12-31 01:00:00+00:00,71.30000305175781,71.33000183105469,71.23999786376953,71.25,357.0
2024-12-31 01:01:00+00:00,71.31999969482422,71.31999969482422,71.2699966430664,71.30000305175781,171.0
2024-12-31 01:02:00+00:00,71.33000183105469,71.33000183105469,71.30999755859375,71.30999755859375,49.0
2024-12-31 01:03:00+00:00,71.31999969482422,71.33000183105469,71.30999755859375,71.31999969482422,19.0
2024-12-31 01:04:00+00:00,71.3499984741211,71.36000061035156,71.33000183105469,71.33000183105469,136.0
2024-12-31 01:05:00+00:00,71.37999725341797,71.38999938964844,71.3499984741211,71.3499984741211,71.0
2024-12-31 01:06:00+00:00,71.4000015258789,71.4000015258789,71.37999725341797,71.38999938964844,89.0
2024-12-31 01:07:00+00:00,71.38999938964844,71.41999816894531,71.38999938964844,71.4000015258789,47.0
2024-12-31 01:08:00+00:00,71.36000061035156,71.38999938964844,71.3499984741211,71.38999938964844,100.0
2024-12-31 01:09:00+00:00,71.33999633789062,71.36000061035156,71.33999633789062,71.36000061035156,19.0
2024-12-31 01:10:00+00:00,71.38999938964844,71.4000015258789,71.3499984741211,71.3499984741211,49.0
2024-12-31 01:11:00+00:00,71.37999725341797,71.4000015258789,71.37999725341797,71.38999938964844,29.0
2024-12-31 01:12:00+00:00,71.37999725341797,71.37999725341797,71.37999725341797,71.37999725341797,5.0
2024-12-31 01:13:00+00:00,71.37000274658203,71.37999725341797,71.37000274658203,71.37999725341797,12.0
2024-12-31 01:14:00+00:00,71.36000061035156,71.37000274658203,71.3499984741211,71.3499984741211,13.0
2024-12-31 01:15:00+00:00,71.37000274658203,71.37999725341797,71.36000061035156,71.37000274658203,14.0
2024-12-31 01:16:00+00:00,71.37999725341797,71.37999725341797,71.37000274658203,71.37999725341797,11.0
2024-12-31 01:17:00+00:00,71.37999725341797,71.38999938964844,71.37000274658203,71.38999938964844,12.0
2024-12-31 01:18:00+00:00,71.37999725341797,71.38999938964844,71.37999725341797,71.37999725341797,11.0
2024-12-31 01:19:00+00:00,71.37000274658203,71.37999725341797,71.37000274658203,71.37999725341797,13.0
2024-12-31 01:20:00+00:00,71.3499984741211,71.36000061035156,71.33999633789062,71.36000061035156,21.0
2024-12-31 01:21:00+00:00,71.33000183105469,71.3499984741211,71.33000183105469,71.3499984741211,20.0
2024-12-31 01:22:00+00:00,71.3499984741211,71.3499984741211,71.3499984741211,71.3499984741211,2.0
2024-12-31 01:23:00+00:00,71.31999969482422,71.33999633789062,71.31999969482422,71.33999633789062,8.0
2024-12-31 01:24:00+00:00,71.30999755859375,71.31999969482422,71.30999755859375,71.30999755859375,8.0
2024-12-31 01:25:00+00:00,71.30999755859375,71.30999755859375,71.30999755859375,71.30999755859375,5.0
2024-12-31 01:26:00+00:00,71.33999633789062,71.33999633789062,71.30999755859375,71.30999755859375,14.0
2024-12-31 01:27:00+00:00,71.33000183105469,71.33999633789062,71.33000183105469,71.33999633789062,6.0
2024-12-31 01:28:00+00:00,71.33999633789062,71.3499984741211,71.33999633789062,71.33999633789062,14.0
2024-12-31 01:29:00+00:00,71.3499984741211,71.3499984741211,71.33000183105469,71.33999633789062,7.0
2024-12-31 01:30:00+00:00,71.37000274658203,71.37000274658203,71.33999633789062,71.3499984741211,34.0
2024-12-31 01:31:00+00:00,71.37000274658203,71.37000274658203,71.36000061035156,71.37000274658203,23.0
2024-12-31 01:32:00+00:00,71.38999938964844,71.4000015258789,71.37000274658203,71.37000274658203,16.0
2024-12-31 01:33:00+00:00,71.43000030517578,71.44000244140625,71.37999725341797,71.38999938964844,102.0
2024-12-31 01:34:00+00:00,71.44999694824219,71.44999694824219,71.43000030517578,71.43000030517578,60.0
2024-12-31 01:35:00+00:00,71.4800033569336,71.48999786376953,71.44999694824219,71.44999694824219,68.0
2024-12-31 01:36:00+00:00,71.4800033569336,71.48999786376953,71.4800033569336,71.48999786376953,37.0
2024-12-31 01:37:00+00:00,71.4800033569336,71.4800033569336,71.47000122070312,71.4800033569336,73.0
2024-12-31 01:38:00+00:00,71.45999908447266,71.47000122070312,71.45999908447266,71.47000122070312,14.0
2024-12-31 01:39:00+00:00,71.47000122070312,71.47000122070312,71.47000122070312,71.47000122070312,4.0
2024-12-31 01:40:00+00:00,71.44999694824219,71.47000122070312,71.44999694824219,71.45999908447266,9.0
2024-12-31 01:41:00+00:00,71.47000122070312,71.47000122070312,71.44000244140625,71.44999694824219,16.0
2024-12-31 01:42:00+00:00,71.47000122070312,71.47000122070312,71.47000122070312,71.47000122070312,6.0
2024-12-31 01:43:00+00:00,71.47000122070312,71.4800033569336,71.47000122070312,71.4800033569336,4.0
2024-12-31 01:44:00+00:00,71.47000122070312,71.47000122070312,71.47000122070312,71.47000122070312,9.0
2024-12-31 01:45:00+00:00,71.48999786376953,71.48999786376953,71.47000122070312,71.47000122070312,36.0
2024-12-31 01:46:00+00:00,71.51000213623047,71.51000213623047,71.4800033569336,71.48999786376953,50.0
2024-12-31 01:47:00+00:00,71.55999755859375,71.58000183105469,71.51000213623047,71.51000213623047,321.0
2024-12-31 01:48:00+00:00,71.58000183105469,71.5999984741211,71.56999969482422,71.56999969482422,267.0
2024-12-31 01:49:00+00:00,71.55000305175781,71.58999633789062,71.55000305175781,71.58999633789062,47.0
2024-12-31 01:50:00+00:00,71.5199966430664,71.55999755859375,71.5199966430664,71.55000305175781,138.0
2024-12-31 01:51:00+00:00,71.5199966430664,71.5199966430664,71.51000213623047,71.5199966430664,14.0
2024-12-31 01:52:00+00:00,71.51000213623047,71.5199966430664,71.51000213623047,71.5199966430664,11.0
2024-12-31 01:53:00+00:00,71.51000213623047,71.51000213623047,71.5,71.51000213623047,52.0
2024-12-31 01:54:00+00:00,71.5199966430664,71.5199966430664,71.5199966430664,71.5199966430664,18.0
2024-12-31 01:55:00+00:00,71.5199966430664,71.5199966430664,71.5,71.51000213623047,18.0
2024-12-31 01:56:00+00:00,71.5,71.51000213623047,71.5,71.51000213623047,7.0
2024-12-31 01:57:00+00:00,71.5,71.51000213623047,71.5,71.51000213623047,15.0
2024-12-31 01:58:00+00:00,71.5199966430664,71.5199966430664,71.51000213623047,71.51000213623047,8.0
2024-12-31 01:59:00+00:00,71.48999786376953,71.51000213623047,71.4800033569336,71.48999786376953,30.0
2024-12-31 02:00:00+00:00,71.45999908447266,71.4800033569336,71.44999694824219,71.4800033569336,30.0
2024-12-31 02:01:00+00:00,71.44999694824219,71.45999908447266,71.44999694824219,71.44999694824219,25.0
2024-12-31 02:02:00+00:00,71.45999908447266,71.45999908447266,71.44999694824219,71.44999694824219,25.0
2024-12-31 02:03:00+00:00,71.45999908447266,71.45999908447266,71.44000244140625,71.45999908447266,47.0
2024-12-31 02:04:00+00:00,71.44000244140625,71.45999908447266,71.44000244140625,71.45999908447266,10.0
2024-12-31 02:05:00+00:00,71.43000030517578,71.44000244140625,71.41000366210938,71.44000244140625,54.0
2024-12-31 02:06:00+00:00,71.43000030517578,71.44999694824219,71.43000030517578,71.43000030517578,10.0
2024-12-31 02:07:00+00:00,71.43000030517578,71.43000030517578,71.43000030517578,71.43000030517578,1.0
2024-12-31 02:08:00+00:00,71.43000030517578,71.43000030517578,71.41999816894531,71.43000030517578,16.0
2024-12-31 02:09:00+00:00,71.43000030517578,71.44000244140625,71.43000030517578,71.43000030517578,26.0
2024-12-31 02:10:00+00:00,71.41000366210938,71.43000030517578,71.41000366210938,71.41999816894531,24.0
2024-12-31 02:11:00+00:00,71.41000366210938,71.41000366210938,71.4000015258789,71.41000366210938,17.0
2024-12-31 02:12:00+00:00,71.4000015258789,71.41000366210938,71.38999938964844,71.4000015258789,45.0
2024-12-31 02:13:00+00:00,71.37999725341797,71.38999938964844,71.37999725341797,71.38999938964844,16.0
2024-12-31 02:14:00+00:00,71.37999725341797,71.38999938964844,71.37000274658203,71.37999725341797,22.0
2024-12-31 02:15:00+00:00,71.37999725341797,71.4000015258789,71.37999725341797,71.37999725341797,25.0
2024-12-31 02:16:00+00:00,71.38999938964844,71.38999938964844,71.37999725341797,71.37999725341797,7.0
2024-12-31 02:18:00+00:00,71.37999725341797,71.4000015258789,71.37999725341797,71.37999725341797,30.0
2024-12-31 02:19:00+00:00,71.38999938964844,71.4000015258789,71.37999725341797,71.38999938964844,18.0
2024-12-31 02:20:00+00:00,71.37999725341797,71.38999938964844,71.37999725341797,71.38999938964844,12.0
2024-12-31 02:21:00+00:00,71.37999725341797,71.38999938964844,71.37000274658203,71.37999725341797,33.0
2024-12-31 02:22:00+00:00,71.4000015258789,71.4000015258789,71.37999725341797,71.37999725341797,15.0
2024-12-31 02:23:00+00:00,71.4000015258789,71.41000366210938,71.4000015258789,71.41000366210938,13.0
2024-12-31 02:24:00+00:00,71.4000015258789,71.4000015258789,71.4000015258789,71.4000015258789,5.0
2024-12-31 02:25:00+00:00,71.4000015258789,71.4000015258789,71.4000015258789,71.4000015258789,11.0
2024-12-31 02:26:00+00:00,71.41999816894531,71.41999816894531,71.4000015258789,71.4000015258789,5.0
2024-12-31 02:27:00+00:00,71.41000366210938,71.41000366210938,71.41000366210938,71.41000366210938,7.0
2024-12-31 02:28:00+00:00,71.41999816894531,71.41999816894531,71.41999816894531,71.41999816894531,13.0
2024-12-31 02:30:00+00:00,71.43000030517578,71.43000030517578,71.41000366210938,71.41999816894531,28.0
2024-12-31 02:31:00+00:00,71.44000244140625,71.44999694824219,71.41999816894531,71.41999816894531,30.0
2024-12-31 02:32:00+00:00,71.41999816894531,71.44000244140625,71.41999816894531,71.44000244140625,17.0
2024-12-31 02:33:00+00:00,71.43000030517578,71.44000244140625,71.41999816894531,71.41999816894531,11.0
2024-12-31 02:34:00+00:00,71.41999816894531,71.43000030517578,71.41999816894531,71.41999816894531,11.0
2024-12-31 02:35:00+00:00,71.38999938964844,71.41000366210938,71.37999725341797,71.41000366210938,48.0
2024-12-31 02:36:00+00:00,71.38999938964844,71.4000015258789,71.38999938964844,71.38999938964844,7.0
2024-12-31 02:37:00+00:00,71.41000366210938,71.41000366210938,71.41000366210938,71.41000366210938,3.0
2024-12-31 02:38:00+00:00,71.43000030517578,71.43000030517578,71.41999816894531,71.43000030517578,12.0
2024-12-31 02:39:00+00:00,71.44000244140625,71.44999694824219,71.43000030517578,71.43000030517578,15.0
2024-12-31 02:40:00+00:00,71.44999694824219,71.45999908447266,71.44000244140625,71.44999694824219,72.0
2024-12-31 02:41:00+00:00,71.43000030517578,71.44999694824219,71.43000030517578,71.44999694824219,27.0
2024-12-31 02:42:00+00:00,71.44000244140625,71.44000244140625,71.44000244140625,71.44000244140625,3.0
2024-12-31 02:44:00+00:00,71.43000030517578,71.43000030517578,71.41999816894531,71.43000030517578,13.0
2024-12-31 02:45:00+00:00,71.41999816894531,71.43000030517578,71.41999816894531,71.43000030517578,5.0
2024-12-31 02:46:00+00:00,71.41999816894531,71.41999816894531,71.38999938964844,71.41000366210938,16.0
2024-12-31 02:47:00+00:00,71.41000366210938,71.41999816894531,71.4000015258789,71.41000366210938,15.0
2024-12-31 02:48:00+00:00,71.4000015258789,71.41000366210938,71.4000015258789,71.41000366210938,4.0
2024-12-31 02:49:00+00:00,71.4000015258789,71.41000366210938,71.4000015258789,71.4000015258789,13.0
2024-12-31 02:50:00+00:00,71.41000366210938,71.41000366210938,71.41000366210938,71.41000366210938,4.0
2024-12-31 02:54:00+00:00,71.38999938964844,71.38999938964844,71.38999938964844,71.38999938964844,5.0
2024-12-31 02:55:00+00:00,71.41000366210938,71.41000366210938,71.38999938964844,71.38999938964844,10.0
2024-12-31 02:56:00+00:00,71.43000030517578,71.43000030517578,71.41000366210938,71.41000366210938,13.0
2024-12-31 02:58:00+00:00,71.4000015258789,71.44999694824219,71.4000015258789,71.43000030517578,89.0
2024-12-31 02:59:00+00:00,71.41000366210938,71.41000366210938,71.4000015258789,71.4000015258789,8.0
2024-12-31 03:00:00+00:00,71.36000061035156,71.4000015258789,71.33999633789062,71.4000015258789,14.0
2024-12-31 03:01:00+00:00,71.3499984741211,71.36000061035156,71.3499984741211,71.36000061035156,28.0
2024-12-31 03:02:00+00:00,71.3499984741211,71.36000061035156,71.33999633789062,71.33999633789062,40.0
2024-12-31 03:03:00+00:00,71.33000183105469,71.3499984741211,71.33000183105469,71.3499984741211,9.0
2024-12-31 03:04:00+00:00,71.33000183105469,71.3499984741211,71.33000183105469,71.33000183105469,31.0
2024-12-31 03:05:00+00:00,71.3499984741211,71.3499984741211,71.33999633789062,71.33999633789062,5.0
2024-12-31 03:06:00+00:00,71.36000061035156,71.37000274658203,71.3499984741211,71.3499984741211,103.0
2024-12-31 03:07:00+00:00,71.37999725341797,71.37999725341797,71.37000274658203,71.37000274658203,9.0
2024-12-31 03:08:00+00:00,71.37000274658203,71.37000274658203,71.37000274658203,71.37000274658203,28.0
2024-12-31 03:09:00+00:00,71.37999725341797,71.38999938964844,71.36000061035156,71.37000274658203,6.0
2024-12-31 03:10:00+00:00,71.36000061035156,71.37999725341797,71.36000061035156,71.37999725341797,7.0
2024-12-31 03:12:00+00:00,71.41999816894531,71.41999816894531,71.37999725341797,71.37999725341797,27.0
2024-12-31 03:13:00+00:00,71.43000030517578,71.43000030517578,71.41999816894531,71.41999816894531,4.0
2024-12-31 03:14:00+00:00,71.43000030517578,71.43000030517578,71.43000030517578,71.43000030517578,11.0
2024-12-31 03:15:00+00:00,71.43000030517578,71.43000030517578,71.43000030517578,71.43000030517578,4.0
2024-12-31 03:16:00+00:00,71.41000366210938,71.44000244140625,71.41000366210938,71.44000244140625,33.0
2024-12-31 03:17:00+00:00,71.41999816894531,71.41999816894531,71.41999816894531,71.41999816894531,6.0
2024-12-31 03:18:00+00:00,71.4000015258789,71.41999816894531,71.4000015258789,71.41000366210938,11.0
2024-12-31 03:19:00+00:00,71.43000030517578,71.44000244140625,71.4000015258789,71.4000015258789,129.0
2024-12-31 03:20:00+00:00,71.43000030517578,71.44000244140625,71.43000030517578,71.43000030517578,6.0
2024-12-31 03:22:00+00:00,71.41999816894531,71.41999816894531,71.41000366210938,71.41000366210938,11.0
2024-12-31 03:23:00+00:00,71.43000030517578,71.43000030517578,71.41999816894531,71.41999816894531,14.0
2024-12-31 03:24:00+00:00,71.4000015258789,71.41999816894531,71.4000015258789,71.41999816894531,17.0
2024-12-31 03:25:00+00:00,71.4000015258789,71.41000366210938,71.4000015258789,71.4000015258789,12.0
2024-12-31 03:26:00+00:00,71.37999725341797,71.4000015258789,71.37999725341797,71.4000015258789,29.0
2024-12-31 03:27:00+00:00,71.38999938964844,71.38999938964844,71.38999938964844,71.38999938964844,2.0
2024-12-31 03:28:00+00:00,71.38999938964844,71.38999938964844,71.38999938964844,71.38999938964844,4.0
2024-12-31 03:29:00+00:00,71.37999725341797,71.37999725341797,71.37000274658203,71.37999725341797,13.0
2024-12-31 03:30:00+00:00,71.33999633789062,71.37000274658203,71.33999633789062,71.37000274658203,23.0
2024-12-31 03:31:00+00:00,71.36000061035156,71.36000061035156,71.33999633789062,71.3499984741211,13.0
2024-12-31 03:32:00+00:00,71.36000061035156,71.36000061035156,71.3499984741211,71.3499984741211,4.0
2024-12-31 03:33:00+00:00,71.36000061035156,71.36000061035156,71.36000061035156,71.36000061035156,3.0
2024-12-31 03:34:00+00:00,71.36000061035156,71.36000061035156,71.36000061035156,71.36000061035156,2.0
2024-12-31 03:35:00+00:00,71.37999725341797,71.37999725341797,71.37000274658203,71.37000274658203,7.0
2024-12-31 03:36:00+00:00,71.37000274658203,71.37999725341797,71.37000274658203,71.37999725341797,6.0
2024-12-31 03:37:00+00:00,71.37000274658203,71.37999725341797,71.37000274658203,71.37000274658203,6.0
2024-12-31 03:38:00+00:00,71.41000366210938,71.41000366210938,71.37999725341797,71.37999725341797,55.0
2024-12-31 03:39:00+00:00,71.41000366210938,71.41000366210938,71.41000366210938,71.41000366210938,5.0
2024-12-31 03:40:00+00:00,71.41000366210938,71.41999816894531,71.41000366210938,71.41000366210938,8.0
2024-12-31 03:41:00+00:00,71.41000366210938,71.41000366210938,71.4000015258789,71.41000366210938,4.0
2024-12-31 03:42:00+00:00,71.37999725341797,71.41000366210938,71.37999725341797,71.41000366210938,51.0
2024-12-31 03:43:00+00:00,71.37000274658203,71.37999725341797,71.36000061035156,71.37000274658203,8.0
2024-12-31 03:44:00+00:00,71.37000274658203,71.37000274658203,71.37000274658203,71.37000274658203,8.0
2024-12-31 03:45:00+00:00,71.37999725341797,71.37999725341797,71.37999725341797,71.37999725341797,8.0
2024-12-31 03:46:00+00:00,71.37000274658203,71.37999725341797,71.37000274658203,71.37999725341797,3.0
2024-12-31 03:47:00+00:00,71.36000061035156,71.36000061035156,71.36000061035156,71.36000061035156,9.0
2024-12-31 03:48:00+00:00,71.36000061035156,71.36000061035156,71.33999633789062,71.36000061035156,26.0
2024-12-31 03:49:00+00:00,71.3499984741211,71.36000061035156,71.3499984741211,71.3499984741211,3.0
2024-12-31 03:50:00+00:00,71.36000061035156,71.36000061035156,71.36000061035156,71.36000061035156,4.0
2024-12-31 03:52:00+00:00,71.36000061035156,71.37000274658203,71.36000061035156,71.37000274658203,11.0
2024-12-31 03:54:00+00:00,71.37999725341797,71.37999725341797,71.36000061035156,71.36000061035156,17.0
2024-12-31 03:55:00+00:00,71.37000274658203,71.37000274658203,71.36000061035156,71.36000061035156,17.0
2024-12-31 03:56:00+00:00,71.37000274658203,71.37000274658203,71.36000061035156,71.37000274658203,60.0
2024-12-31 03:57:00+00:00,71.33999633789062,71.36000061035156,71.33999633789062,71.36000061035156,44.0
2024-12-31 03:58:00+00:00,71.3499984741211,71.36000061035156,71.31999969482422,71.33999633789062,46.0
2024-12-31 03:59:00+00:00,71.33999633789062,71.3499984741211,71.33000183105469,71.3499984741211,13.0
2024-12-31 04:00:00+00:00,71.33999633789062,71.33999633789062,71.31999969482422,71.31999969482422,12.0
2024-12-31 04:01:00+00:00,71.3499984741211,71.3499984741211,71.33999633789062,71.33999633789062,7.0
2024-12-31 04:02:00+00:00,71.37000274658203,71.37000274658203,71.36000061035156,71.36000061035156,20.0
2024-12-31 04:04:00+00:00,71.37000274658203,71.37000274658203,71.37000274658203,71.37000274658203,1.0
2024-12-31 04:05:00+00:00,71.37000274658203,71.37000274658203,71.37000274658203,71.37000274658203,6.0
2024-12-31 04:06:00+00:00,71.36000061035156,71.37999725341797,71.36000061035156,71.37000274658203,30.0
2024-12-31 04:07:00+00:00,71.37999725341797,71.37999725341797,71.37000274658203,71.37000274658203,11.0
2024-12-31 04:08:00+00:00,71.41999816894531,71.41999816894531,71.37999725341797,71.37999725341797,101.0
2024-12-31 04:09:00+00:00,71.41000366210938,71.41999816894531,71.41000366210938,71.41999816894531,12.0
2024-12-31 04:10:00+00:00,71.4000015258789,71.41000366210938,71.4000015258789,71.4000015258789,31.0
2024-12-31 04:11:00+00:00,71.38999938964844,71.4000015258789,71.38999938964844,71.4000015258789,6.0
2024-12-31 04:12:00+00:00,71.37999725341797,71.38999938964844,71.37000274658203,71.37999725341797,26.0
2024-12-31 04:13:00+00:00,71.37999725341797,71.37999725341797,71.37999725341797,71.37999725341797,3.0
2024-12-31 04:14:00+00:00,71.37999725341797,71.38999938964844,71.37999725341797,71.38999938964844,6.0
2024-12-31 04:15:00+00:00,71.4000015258789,71.4000015258789,71.38999938964844,71.38999938964844,8.0
2024-12-31 04:16:00+00:00,71.38999938964844,71.4000015258789,71.38999938964844,71.38999938964844,12.0
2024-12-31 04:17:00+00:00,71.38999938964844,71.38999938964844,71.38999938964844,71.38999938964844,3.0
2024-12-31 04:19:00+00:00,71.38999938964844,71.38999938964844,71.37999725341797,71.37999725341797,5.0
2024-12-31 04:20:00+00:00,71.37000274658203,71.37999725341797,71.37000274658203,71.37999725341797,11.0
2024-12-31 04:21:00+00:00,71.4000015258789,71.41000366210938,71.37999725341797,71.37999725341797,10.0
2024-12-31 04:22:00+00:00,71.41999816894531,71.43000030517578,71.4000015258789,71.4000015258789,53.0
2024-12-31 04:23:00+00:00,71.44999694824219,71.44999694824219,71.41999816894531,71.41999816894531,44.0
2024-12-31 04:24:00+00:00,71.44000244140625,71.44999694824219,71.44000244140625,71.44999694824219,22.0
2024-12-31 04:25:00+00:00,71.45999908447266,71.45999908447266,71.44000244140625,71.44999694824219,30.0
2024-12-31 04:26:00+00:00,71.5,71.5,71.45999908447266,71.45999908447266,69.0
2024-12-31 04:27:00+00:00,71.55000305175781,71.62999725341797,71.5,71.5,375.0
2024-12-31 04:28:00+00:00,71.58999633789062,71.58999633789062,71.52999877929688,71.55000305175781,87.0
2024-12-31 04:29:00+00:00,71.62999725341797,71.6500015258789,71.56999969482422,71.61000061035156,236.0
2024-12-31 04:30:00+00:00,71.61000061035156,71.68000030517578,71.58999633789062,71.61000061035156,275.0
2024-12-31 04:31:00+00:00,71.56999969482422,71.61000061035156,71.55999755859375,71.61000061035156,90.0
2024-12-31 04:32:00+00:00,71.56999969482422,71.56999969482422,71.5199966430664,71.56999969482422,145.0
2024-12-31 04:33:00+00:00,71.5999984741211,71.61000061035156,71.56999969482422,71.56999969482422,113.0
2024-12-31 04:34:00+00:00,71.61000061035156,71.61000061035156,71.61000061035156,71.61000061035156,4.0
2024-12-31 04:35:00+00:00,71.61000061035156,71.61000061035156,71.5999984741211,71.61000061035156,15.0
2024-12-31 04:36:00+00:00,71.61000061035156,71.61000061035156,71.5999984741211,71.61000061035156,12.0
2024-12-31 04:38:00+00:00,71.61000061035156,71.61000061035156,71.5999984741211,71.61000061035156,9.0
2024-12-31 04:40:00+00:00,71.62000274658203,71.63999938964844,71.5999984741211,71.61000061035156,87.0
2024-12-31 04:41:00+00:00,71.62000274658203,71.62999725341797,71.61000061035156,71.62000274658203,13.0
2024-12-31 04:42:00+00:00,71.61000061035156,71.62999725341797,71.61000061035156,71.62000274658203,11.0
2024-12-31 04:43:00+00:00,71.62000274658203,71.62000274658203,71.61000061035156,71.62000274658203,9.0
2024-12-31 04:44:00+00:00,71.5999984741211,71.62000274658203,71.5999984741211,71.62000274658203,16.0
2024-12-31 04:45:00+00:00,71.62000274658203,71.62999725341797,71.61000061035156,71.61000061035156,11.0
2024-12-31 04:46:00+00:00,71.6500015258789,71.6500015258789,71.62999725341797,71.62999725341797,310.0
2024-12-31 04:47:00+00:00,71.66000366210938,71.66000366210938,71.63999938964844,71.63999938964844,21.0
2024-12-31 04:48:00+00:00,71.63999938964844,71.6500015258789,71.63999938964844,71.6500015258789,17.0
2024-12-31 04:49:00+00:00,71.63999938964844,71.6500015258789,71.63999938964844,71.6500015258789,2.0
2024-12-31 04:50:00+00:00,71.62999725341797,71.63999938964844,71.62999725341797,71.63999938964844,15.0
2024-12-31 04:51:00+00:00,71.62999725341797,71.63999938964844,71.62999725341797,71.62999725341797,17.0
2024-12-31 04:52:00+00:00,71.62999725341797,71.62999725341797,71.62999725341797,71.62999725341797,14.0
2024-12-31 04:53:00+00:00,71.63999938964844,71.63999938964844,71.62999725341797,71.62999725341797,8.0
2024-12-31 04:54:00+00:00,71.62000274658203,71.6500015258789,71.62000274658203,71.63999938964844,57.0
2024-12-31 04:55:00+00:00,71.63999938964844,71.63999938964844,71.62999725341797,71.62999725341797,6.0
2024-12-31 04:56:00+00:00,71.63999938964844,71.63999938964844,71.63999938964844,71.63999938964844,3.0
2024-12-31 04:57:00+00:00,71.63999938964844,71.6500015258789,71.62999725341797,71.63999938964844,6.0
2024-12-31 04:58:00+00:00,71.6500015258789,71.6500015258789,71.63999938964844,71.63999938964844,11.0
2024-12-31 05:00:00+00:00,71.62999725341797,71.63999938964844,71.62000274658203,71.62999725341797,15.0
2024-12-31 05:01:00+00:00,71.62000274658203,71.62999725341797,71.62000274658203,71.62000274658203,9.0
2024-12-31 05:02:00+00:00,71.62999725341797,71.62999725341797,71.61000061035156,71.62999725341797,22.0
2024-12-31 05:03:00+00:00,71.61000061035156,71.62999725341797,71.61000061035156,71.62000274658203,20.0
2024-12-31 05:04:00+00:00,71.5999984741211,71.62000274658203,71.5999984741211,71.61000061035156,19.0
2024-12-31 05:05:00+00:00,71.58999633789062,71.5999984741211,71.58999633789062,71.5999984741211,19.0
2024-12-31 05:06:00+00:00,71.5999984741211,71.5999984741211,71.5999984741211,71.5999984741211,6.0
2024-12-31 05:07:00+00:00,71.58999633789062,71.5999984741211,71.58999633789062,71.58999633789062,23.0
2024-12-31 05:08:00+00:00,71.5999984741211,71.61000061035156,71.58999633789062,71.58999633789062,15.0
2024-12-31 05:09:00+00:00,71.61000061035156,71.61000061035156,71.61000061035156,71.61000061035156,8.0
2024-12-31 05:11:00+00:00,71.5999984741211,71.62999725341797,71.5999984741211,71.61000061035156,123.0
2024-12-31 05:12:00+00:00,71.58000183105469,71.61000061035156,71.58000183105469,71.61000061035156,64.0
2024-12-31 05:13:00+00:00,71.5999984741211,71.61000061035156,71.58999633789062,71.58999633789062,66.0
2024-12-31 05:14:00+00:00,71.61000061035156,71.61000061035156,71.5999984741211,71.5999984741211,78.0
2024-12-31 05:15:00+00:00,71.62999725341797,71.62999725341797,71.62000274658203,71.62000274658203,20.0
2024-12-31 05:16:00+00:00,71.63999938964844,71.63999938964844,71.63999938964844,71.63999938964844,6.0
2024-12-31 05:17:00+00:00,71.63999938964844,71.63999938964844,71.62999725341797,71.62999725341797,26.0
2024-12-31 05:18:00+00:00,71.63999938964844,71.63999938964844,71.63999938964844,71.63999938964844,5.0
2024-12-31 05:19:00+00:00,71.62999725341797,71.6500015258789,71.62999725341797,71.63999938964844,52.0
2024-12-31 05:20:00+00:00,71.61000061035156,71.62000274658203,71.5999984741211,71.62000274658203,21.0
2024-12-31 05:21:00+00:00,71.61000061035156,71.61000061035156,71.5999984741211,71.5999984741211,2.0
2024-12-31 05:22:00+00:00,71.61000061035156,71.61000061035156,71.61000061035156,71.61000061035156,1.0
2024-12-31 05:23:00+00:00,71.62000274658203,71.62999725341797,71.62000274658203,71.62000274658203,6.0
2024-12-31 05:24:00+00:00,71.62000274658203,71.62000274658203,71.62000274658203,71.62000274658203,6.0
2024-12-31 05:25:00+00:00,71.61000061035156,71.62000274658203,71.61000061035156,71.62000274658203,6.0
2024-12-31 05:26:00+00:00,71.5999984741211,71.61000061035156,71.5999984741211,71.61000061035156,4.0
2024-12-31 05:30:00+00:00,71.58999633789062,71.61000061035156,71.56999969482422,71.5999984741211,69.0
2024-12-31 05:31:00+00:00,71.56999969482422,71.58999633789062,71.56999969482422,71.58999633789062,25.0
2024-12-31 05:32:00+00:00,71.58000183105469,71.58000183105469,71.56999969482422,71.56999969482422,12.0
2024-12-31 05:33:00+00:00,71.58000183105469,71.58999633789062,71.56999969482422,71.58000183105469,19.0
2024-12-31 05:34:00+00:00,71.5999984741211,71.5999984741211,71.56999969482422,71.58000183105469,14.0
2024-12-31 05:35:00+00:00,71.58999633789062,71.58999633789062,71.58999633789062,71.58999633789062,13.0
2024-12-31 05:37:00+00:00,71.5999984741211,71.5999984741211,71.5999984741211,71.5999984741211,10.0
2024-12-31 05:38:00+00:00,71.5999984741211,71.5999984741211,71.5999984741211,71.5999984741211,1.0
2024-12-31 05:39:00+00:00,71.5999984741211,71.61000061035156,71.5999984741211,71.5999984741211,7.0
2024-12-31 05:40:00+00:00,71.5999984741211,71.61000061035156,71.5999984741211,71.5999984741211,19.0
2024-12-31 05:41:00+00:00,71.58999633789062,71.61000061035156,71.58999633789062,71.61000061035156,12.0
2024-12-31 05:42:00+00:00,71.58999633789062,71.58999633789062,71.58999633789062,71.58999633789062,7.0
2024-12-31 05:43:00+00:00,71.5999984741211,71.5999984741211,71.58999633789062,71.58999633789062,25.0
2024-12-31 05:44:00+00:00,71.5999984741211,71.5999984741211,71.58999633789062,71.5999984741211,26.0
2024-12-31 05:46:00+00:00,71.62000274658203,71.62000274658203,71.61000061035156,71.61000061035156,7.0
2024-12-31 05:47:00+00:00,71.62000274658203,71.62999725341797,71.62000274658203,71.62999725341797,3.0
2024-12-31 05:50:00+00:00,71.61000061035156,71.61000061035156,71.5999984741211,71.61000061035156,10.0
2024-12-31 05:51:00+00:00,71.63999938964844,71.63999938964844,71.61000061035156,71.61000061035156,16.0
2024-12-31 05:52:00+00:00,71.66000366210938,71.66000366210938,71.63999938964844,71.63999938964844,22.0
2024-12-31 05:53:00+00:00,71.6500015258789,71.66999816894531,71.63999938964844,71.66999816894531,41.0
2024-12-31 05:54:00+00:00,71.62000274658203,71.63999938964844,71.61000061035156,71.63999938964844,21.0
2024-12-31 05:55:00+00:00,71.58999633789062,71.61000061035156,71.58999633789062,71.61000061035156,22.0
2024-12-31 05:56:00+00:00,71.5999984741211,71.5999984741211,71.55999755859375,71.58000183105469,31.0
2024-12-31 05:57:00+00:00,71.58999633789062,71.5999984741211,71.58999633789062,71.5999984741211,4.0
2024-12-31 05:58:00+00:00,71.5999984741211,71.5999984741211,71.5999984741211,71.5999984741211,13.0
2024-12-31 05:59:00+00:00,71.5999984741211,71.61000061035156,71.5999984741211,71.61000061035156,12.0
2024-12-31 06:00:00+00:00,71.58999633789062,71.61000061035156,71.58999633789062,71.5999984741211,40.0
2024-12-31 06:01:00+00:00,71.5999984741211,71.5999984741211,71.58999633789062,71.58999633789062,8.0
2024-12-31 06:02:00+00:00,71.62000274658203,71.62999725341797,71.61000061035156,71.61000061035156,19.0
2024-12-31 06:03:00+00:00,71.61000061035156,71.63999938964844,71.61000061035156,71.62000274658203,23.0
2024-12-31 06:04:00+00:00,71.66000366210938,71.66000366210938,71.62999725341797,71.62999725341797,26.0
2024-12-31 06:05:00+00:00,71.68000030517578,71.69000244140625,71.63999938964844,71.66000366210938,79.0
2024-12-31 06:06:00+00:00,71.68000030517578,71.69999694824219,71.68000030517578,71.69000244140625,50.0
2024-12-31 06:07:00+00:00,71.62999725341797,71.66999816894531,71.62999725341797,71.66999816894531,17.0
2024-12-31 06:08:00+00:00,71.6500015258789,71.6500015258789,71.62999725341797,71.62999725341797,9.0
2024-12-31 06:09:00+00:00,71.66000366210938,71.66000366210938,71.6500015258789,71.6500015258789,16.0
2024-12-31 06:10:00+00:00,71.66000366210938,71.66000366210938,71.66000366210938,71.66000366210938,6.0
2024-12-31 06:11:00+00:00,71.66000366210938,71.68000030517578,71.66000366210938,71.68000030517578,7.0
2024-12-31 06:12:00+00:00,71.69000244140625,71.69000244140625,71.66000366210938,71.66000366210938,38.0
2024-12-31 06:13:00+00:00,71.69000244140625,71.69000244140625,71.69000244140625,71.69000244140625,20.0
2024-12-31 06:14:00+00:00,71.68000030517578,71.69000244140625,71.68000030517578,71.69000244140625,19.0
2024-12-31 06:15:00+00:00,71.69000244140625,71.69000244140625,71.68000030517578,71.69000244140625,14.0
2024-12-31 06:16:00+00:00,71.69000244140625,71.69000244140625,71.69000244140625,71.69000244140625,1.0
2024-12-31 06:17:00+00:00,71.69000244140625,71.69000244140625,71.66999816894531,71.68000030517578,29.0
2024-12-31 06:18:00+00:00,71.68000030517578,71.69000244140625,71.66999816894531,71.69000244140625,10.0
2024-12-31 06:19:00+00:00,71.69000244140625,71.69000244140625,71.68000030517578,71.68000030517578,12.0
2024-12-31 06:20:00+00:00,71.68000030517578,71.69000244140625,71.66999816894531,71.68000030517578,77.0
2024-12-31 06:21:00+00:00,71.69999694824219,71.69999694824219,71.68000030517578,71.68000030517578,16.0
2024-12-31 06:22:00+00:00,71.69000244140625,71.69999694824219,71.68000030517578,71.69000244140625,76.0
2024-12-31 06:23:00+00:00,71.69000244140625,71.69999694824219,71.69000244140625,71.69999694824219,9.0
2024-12-31 06:24:00+00:00,71.68000030517578,71.72000122070312,71.68000030517578,71.69999694824219,82.0
2024-12-31 06:25:00+00:00,71.69000244140625,71.70999908447266,71.69000244140625,71.69000244140625,34.0
2024-12-31 06:26:00+00:00,71.66000366210938,71.68000030517578,71.66000366210938,71.68000030517578,24.0
2024-12-31 06:27:00+00:00,71.66999816894531,71.66999816894531,71.66999816894531,71.66999816894531,15.0
2024-12-31 06:28:00+00:00,71.69000244140625,71.69999694824219,71.68000030517578,71.68000030517578,45.0
2024-12-31 06:29:00+00:00,71.69000244140625,71.69000244140625,71.69000244140625,71.69000244140625,25.0
2024-12-31 06:31:00+00:00,71.69000244140625,71.69000244140625,71.69000244140625,71.69000244140625,8.0
2024-12-31 06:32:00+00:00,71.69000244140625,71.69000244140625,71.69000244140625,71.69000244140625,18.0
2024-12-31 06:33:00+00:00,71.69000244140625,71.69000244140625,71.68000030517578,71.69000244140625,19.0
2024-12-31 06:34:00+00:00,71.63999938964844,71.69999694824219,71.62000274658203,71.69000244140625,59.0
2024-12-31 06:35:00+00:00,71.6500015258789,71.6500015258789,71.63999938964844,71.63999938964844,13.0
2024-12-31 06:36:00+00:00,71.63999938964844,71.63999938964844,71.61000061035156,71.63999938964844,24.0
2024-12-31 06:37:00+00:00,71.66000366210938,71.66000366210938,71.63999938964844,71.63999938964844,12.0
2024-12-31 06:38:00+00:00,71.66000366210938,71.66000366210938,71.6500015258789,71.66000366210938,22.0
2024-12-31 06:39:00+00:00,71.6500015258789,71.6500015258789,71.6500015258789,71.6500015258789,2.0
2024-12-31 06:40:00+00:00,71.66999816894531,71.68000030517578,71.6500015258789,71.66000366210938,23.0
2024-12-31 06:41:00+00:00,71.69000244140625,71.69000244140625,71.68000030517578,71.68000030517578,17.0
2024-12-31 06:42:00+00:00,71.69000244140625,71.69999694824219,71.69000244140625,71.69000244140625,16.0
2024-12-31 06:43:00+00:00,71.69999694824219,71.72000122070312,71.69000244140625,71.69000244140625,105.0
2024-12-31 06:44:00+00:00,71.69000244140625,71.69999694824219,71.68000030517578,71.69999694824219,16.0
2024-12-31 06:45:00+00:00,71.72000122070312,71.7300033569336,71.69000244140625,71.69000244140625,27.0
2024-12-31 06:46:00+00:00,71.69999694824219,71.7300033569336,71.69000244140625,71.72000122070312,42.0
2024-12-31 06:47:00+00:00,71.69999694824219,71.69999694824219,71.68000030517578,71.69999694824219,21.0
2024-12-31 06:48:00+00:00,71.72000122070312,71.72000122070312,71.69999694824219,71.69999694824219,18.0
2024-12-31 06:49:00+00:00,71.72000122070312,71.72000122070312,71.69999694824219,71.72000122070312,21.0
2024-12-31 06:50:00+00:00,71.72000122070312,71.72000122070312,71.70999908447266,71.72000122070312,22.0
2024-12-31 06:51:00+00:00,71.70999908447266,71.72000122070312,71.70999908447266,71.72000122070312,12.0
2024-12-31 06:52:00+00:00,71.72000122070312,71.72000122070312,71.70999908447266,71.70999908447266,18.0
2024-12-31 06:53:00+00:00,71.7300033569336,71.73999786376953,71.72000122070312,71.72000122070312,27.0
2024-12-31 06:54:00+00:00,71.69999694824219,71.7300033569336,71.69999694824219,71.7300033569336,63.0
2024-12-31 06:55:00+00:00,71.69000244140625,71.72000122070312,71.69000244140625,71.70999908447266,19.0
2024-12-31 06:56:00+00:00,71.68000030517578,71.69999694824219,71.68000030517578,71.69000244140625,21.0
2024-12-31 06:57:00+00:00,71.69999694824219,71.69999694824219,71.6500015258789,71.66999816894531,41.0
2024-12-31 06:58:00+00:00,71.70999908447266,71.70999908447266,71.69000244140625,71.69000244140625,21.0
2024-12-31 06:59:00+00:00,71.70999908447266,71.7300033569336,71.70999908447266,71.72000122070312,19.0
2024-12-31 07:00:00+00:00,71.69999694824219,71.70999908447266,71.69000244140625,71.70999908447266,39.0
2024-12-31 07:01:00+00:00,71.66000366210938,71.69999694824219,71.66000366210938,71.69999694824219,20.0
2024-12-31 07:02:00+00:00,71.66000366210938,71.66999816894531,71.6500015258789,71.66000366210938,14.0
2024-12-31 07:03:00+00:00,71.62999725341797,71.6500015258789,71.62999725341797,71.6500015258789,16.0
2024-12-31 07:04:00+00:00,71.62999725341797,71.66000366210938,71.62999725341797,71.62999725341797,37.0
2024-12-31 07:05:00+00:00,71.66000366210938,71.66999816894531,71.62000274658203,71.62000274658203,37.0
2024-12-31 07:06:00+00:00,71.66000366210938,71.66999816894531,71.66000366210938,71.66999816894531,12.0
2024-12-31 07:07:00+00:00,71.66999816894531,71.66999816894531,71.66000366210938,71.66000366210938,20.0
2024-12-31 07:08:00+00:00,71.68000030517578,71.69000244140625,71.66999816894531,71.66999816894531,15.0
2024-12-31 07:09:00+00:00,71.68000030517578,71.69000244140625,71.66999816894531,71.68000030517578,33.0
2024-12-31 07:10:00+00:00,71.66999816894531,71.69000244140625,71.66999816894531,71.69000244140625,13.0
2024-12-31 07:11:00+00:00,71.6500015258789,71.66999816894531,71.6500015258789,71.6500015258789,35.0
2024-12-31 07:12:00+00:00,71.6500015258789,71.66000366210938,71.6500015258789,71.66000366210938,17.0
2024-12-31 07:13:00+00:00,71.6500015258789,71.6500015258789,71.6500015258789,71.6500015258789,8.0
2024-12-31 07:15:00+00:00,71.63999938964844,71.6500015258789,71.63999938964844,71.6500015258789,5.0
2024-12-31 07:16:00+00:00,71.63999938964844,71.6500015258789,71.62999725341797,71.6500015258789,16.0
2024-12-31 07:17:00+00:00,71.5999984741211,71.62000274658203,71.58999633789062,71.62000274658203,39.0
2024-12-31 07:18:00+00:00,71.61000061035156,71.61000061035156,71.5999984741211,71.5999984741211,47.0
2024-12-31 07:19:00+00:00,71.58000183105469,71.5999984741211,71.58000183105469,71.58000183105469,23.0
2024-12-31 07:20:00+00:00,71.58999633789062,71.58999633789062,71.58000183105469,71.58000183105469,10.0
2024-12-31 07:21:00+00:00,71.5999984741211,71.5999984741211,71.58999633789062,71.58999633789062,15.0
2024-12-31 07:22:00+00:00,71.61000061035156,71.61000061035156,71.61000061035156,71.61000061035156,13.0
2024-12-31 07:23:00+00:00,71.58999633789062,71.61000061035156,71.58000183105469,71.61000061035156,26.0
2024-12-31 07:24:00+00:00,71.58000183105469,71.58000183105469,71.56999969482422,71.58000183105469,20.0
2024-12-31 07:25:00+00:00,71.58999633789062,71.58999633789062,71.58000183105469,71.58999633789062,23.0
2024-12-31 07:26:00+00:00,71.58999633789062,71.58999633789062,71.58999633789062,71.58999633789062,3.0
2024-12-31 07:27:00+00:00,71.58000183105469,71.58999633789062,71.56999969482422,71.58999633789062,28.0
2024-12-31 07:28:00+00:00,71.56999969482422,71.58000183105469,71.56999969482422,71.58000183105469,22.0
2024-12-31 07:29:00+00:00,71.56999969482422,71.56999969482422,71.55999755859375,71.56999969482422,14.0
2024-12-31 07:30:00+00:00,71.58000183105469,71.58999633789062,71.56999969482422,71.58000183105469,43.0
2024-12-31 07:31:00+00:00,71.58000183105469,71.58000183105469,71.58000183105469,71.58000183105469,8.0
2024-12-31 07:32:00+00:00,71.58000183105469,71.58000183105469,71.58000183105469,71.58000183105469,1.0
2024-12-31 07:33:00+00:00,71.58999633789062,71.58999633789062,71.58000183105469,71.58000183105469,8.0
2024-12-31 07:34:00+00:00,71.58999633789062,71.5999984741211,71.58000183105469,71.58000183105469,32.0
2024-12-31 07:35:00+00:00,71.58999633789062,71.58999633789062,71.58000183105469,71.58000183105469,4.0
2024-12-31 07:36:00+00:00,71.5999984741211,71.61000061035156,71.58999633789062,71.58999633789062,70.0
2024-12-31 07:38:00+00:00,71.58999633789062,71.5999984741211,71.58999633789062,71.5999984741211,17.0
2024-12-31 07:39:00+00:00,71.58999633789062,71.58999633789062,71.58000183105469,71.58999633789062,14.0
2024-12-31 07:40:00+00:00,71.58999633789062,71.58999633789062,71.58999633789062,71.58999633789062,6.0
2024-12-31 07:41:00+00:00,71.58999633789062,71.58999633789062,71.58000183105469,71.58000183105469,3.0
2024-12-31 07:42:00+00:00,71.58000183105469,71.58999633789062,71.58000183105469,71.58999633789062,13.0
2024-12-31 07:43:00+00:00,71.58000183105469,71.58000183105469,71.58000183105469,71.58000183105469,2.0
2024-12-31 07:44:00+00:00,71.58000183105469,71.58999633789062,71.58000183105469,71.58999633789062,30.0
2024-12-31 07:45:00+00:00,71.58999633789062,71.58999633789062,71.58000183105469,71.58999633789062,15.0
2024-12-31 07:47:00+00:00,71.58999633789062,71.58999633789062,71.56999969482422,71.58000183105469,19.0
2024-12-31 07:48:00+00:00,71.58000183105469,71.58999633789062,71.58000183105469,71.58000183105469,16.0
2024-12-31 07:49:00+00:00,71.55999755859375,71.58000183105469,71.55000305175781,71.58000183105469,24.0
2024-12-31 07:50:00+00:00,71.58000183105469,71.58999633789062,71.55999755859375,71.55999755859375,53.0
2024-12-31 07:51:00+00:00,71.58999633789062,71.61000061035156,71.58999633789062,71.58999633789062,51.0
2024-12-31 07:52:00+00:00,71.58000183105469,71.5999984741211,71.58000183105469,71.5999984741211,13.0
2024-12-31 07:53:00+00:00,71.58999633789062,71.5999984741211,71.58000183105469,71.58000183105469,21.0
2024-12-31 07:54:00+00:00,71.5999984741211,71.5999984741211,71.58999633789062,71.58999633789062,5.0
2024-12-31 07:55:00+00:00,71.5999984741211,71.5999984741211,71.5999984741211,71.5999984741211,3.0
2024-12-31 07:56:00+00:00,71.5999984741211,71.62000274658203,71.58000183105469,71.58000183105469,344.0
2024-12-31 07:57:00+00:00,71.58999633789062,71.61000061035156,71.58000183105469,71.61000061035156,93.0
2024-12-31 07:58:00+00:00,71.56999969482422,71.5999984741211,71.55999755859375,71.5999984741211,20.0
2024-12-31 07:59:00+00:00,71.56999969482422,71.58999633789062,71.56999969482422,71.56999969482422,26.0
2024-12-31 08:00:00+00:00,71.54000091552734,71.56999969482422,71.54000091552734,71.56999969482422,79.0
2024-12-31 08:01:00+00:00,71.51000213623047,71.52999877929688,71.48999786376953,71.5199966430664,124.0
2024-12-31 08:02:00+00:00,71.5,71.5199966430664,71.45999908447266,71.51000213623047,804.0
2024-12-31 08:03:00+00:00,71.51000213623047,71.51000213623047,71.48999786376953,71.5,42.0
2024-12-31 08:04:00+00:00,71.5,71.51000213623047,71.5,71.5,48.0
2024-12-31 08:05:00+00:00,71.5199966430664,71.52999877929688,71.4800033569336,71.4800033569336,58.0
2024-12-31 08:06:00+00:00,71.48999786376953,71.51000213623047,71.4800033569336,71.51000213623047,50.0
2024-12-31 08:07:00+00:00,71.5,71.5,71.4800033569336,71.4800033569336,15.0
2024-12-31 08:08:00+00:00,71.48999786376953,71.5,71.4800033569336,71.5,25.0
2024-12-31 08:09:00+00:00,71.5,71.5,71.48999786376953,71.48999786376953,43.0
2024-12-31 08:10:00+00:00,71.5,71.5,71.48999786376953,71.5,21.0
2024-12-31 08:11:00+00:00,71.51000213623047,71.51000213623047,71.5,71.5,23.0
2024-12-31 08:12:00+00:00,71.5199966430664,71.5199966430664,71.5,71.51000213623047,19.0
2024-12-31 08:13:00+00:00,71.5199966430664,71.5199966430664,71.51000213623047,71.5199966430664,66.0
2024-12-31 08:14:00+00:00,71.5199966430664,71.5199966430664,71.48999786376953,71.51000213623047,38.0
2024-12-31 08:15:00+00:00,71.5,71.5199966430664,71.5,71.5199966430664,32.0
2024-12-31 08:16:00+00:00,71.5,71.5,71.5,71.5,30.0
2024-12-31 08:17:00+00:00,71.4800033569336,71.48999786376953,71.47000122070312,71.48999786376953,49.0
2024-12-31 08:18:00+00:00,71.48999786376953,71.5,71.4800033569336,71.4800033569336,35.0
2024-12-31 08:19:00+00:00,71.51000213623047,71.51000213623047,71.4800033569336,71.4800033569336,17.0
2024-12-31 08:20:00+00:00,71.5199966430664,71.5199966430664,71.5,71.5,26.0
2024-12-31 08:21:00+00:00,71.51000213623047,71.51000213623047,71.51000213623047,71.51000213623047,11.0
2024-12-31 08:22:00+00:00,71.5199966430664,71.52999877929688,71.5,71.51000213623047,52.0
2024-12-31 08:23:00+00:00,71.52999877929688,71.54000091552734,71.5199966430664,71.5199966430664,37.0
2024-12-31 08:24:00+00:00,71.5,71.54000091552734,71.5,71.52999877929688,21.0
2024-12-31 08:25:00+00:00,71.5,71.51000213623047,71.48999786376953,71.48999786376953,36.0
2024-12-31 08:26:00+00:00,71.48999786376953,71.5,71.47000122070312,71.48999786376953,26.0
2024-12-31 08:27:00+00:00,71.48999786376953,71.48999786376953,71.47000122070312,71.4800033569336,25.0
2024-12-31 08:28:00+00:00,71.4800033569336,71.48999786376953,71.4800033569336,71.4800033569336,27.0
2024-12-31 08:29:00+00:00,71.44999694824219,71.48999786376953,71.44000244140625,71.4800033569336,143.0
2024-12-31 08:30:00+00:00,71.45999908447266,71.4800033569336,71.41999816894531,71.44000244140625,160.0
2024-12-31 08:31:00+00:00,71.44000244140625,71.45999908447266,71.44000244140625,71.44999694824219,67.0
2024-12-31 08:32:00+00:00,71.41000366210938,71.43000030517578,71.4000015258789,71.43000030517578,62.0
2024-12-31 08:33:00+00:00,71.44000244140625,71.44999694824219,71.41000366210938,71.41000366210938,38.0
2024-12-31 08:34:00+00:00,71.4000015258789,71.44999694824219,71.4000015258789,71.44999694824219,39.0
2024-12-31 08:35:00+00:00,71.41999816894531,71.43000030517578,71.41000366210938,71.41000366210938,38.0
2024-12-31 08:36:00+00:00,71.43000030517578,71.43000030517578,71.41999816894531,71.41999816894531,17.0
2024-12-31 08:37:00+00:00,71.44000244140625,71.44000244140625,71.44000244140625,71.44000244140625,19.0
2024-12-31 08:38:00+00:00,71.47000122070312,71.47000122070312,71.44000244140625,71.44000244140625,50.0
2024-12-31 08:39:00+00:00,71.4800033569336,71.48999786376953,71.47000122070312,71.47000122070312,39.0
2024-12-31 08:40:00+00:00,71.51000213623047,71.51000213623047,71.48999786376953,71.48999786376953,66.0
2024-12-31 08:41:00+00:00,71.55999755859375,71.55999755859375,71.48999786376953,71.5,104.0
2024-12-31 08:42:00+00:00,71.58000183105469,71.58999633789062,71.55000305175781,71.55999755859375,111.0
2024-12-31 08:43:00+00:00,71.58000183105469,71.58999633789062,71.56999969482422,71.58000183105469,34.0
2024-12-31 08:44:00+00:00,71.61000061035156,71.62000274658203,71.58000183105469,71.58000183105469,324.0
2024-12-31 08:45:00+00:00,71.58000183105469,71.5999984741211,71.58000183105469,71.5999984741211,71.0
2024-12-31 08:46:00+00:00,71.55999755859375,71.58000183105469,71.55000305175781,71.58000183105469,61.0
2024-12-31 08:47:00+00:00,71.5999984741211,71.5999984741211,71.56999969482422,71.56999969482422,35.0
2024-12-31 08:48:00+00:00,71.58999633789062,71.62000274658203,71.58000183105469,71.5999984741211,384.0
2024-12-31 08:49:00+00:00,71.48999786376953,71.5999984741211,71.48999786376953,71.58999633789062,205.0
2024-12-31 08:50:00+00:00,71.5199966430664,71.5199966430664,71.44999694824219,71.48999786376953,156.0
2024-12-31 08:51:00+00:00,71.52999877929688,71.54000091552734,71.51000213623047,71.5199966430664,85.0
2024-12-31 08:52:00+00:00,71.52999877929688,71.52999877929688,71.5,71.5199966430664,34.0
2024-12-31 08:53:00+00:00,71.55000305175781,71.55000305175781,71.5199966430664,71.52999877929688,16.0
2024-12-31 08:54:00+00:00,71.51000213623047,71.55000305175781,71.51000213623047,71.55000305175781,45.0
2024-12-31 08:55:00+00:00,71.52999877929688,71.52999877929688,71.5199966430664,71.5199966430664,17.0
2024-12-31 08:56:00+00:00,71.51000213623047,71.54000091552734,71.48999786376953,71.54000091552734,82.0
2024-12-31 08:57:00+00:00,71.5199966430664,71.52999877929688,71.5,71.51000213623047,28.0
2024-12-31 08:58:00+00:00,71.5199966430664,71.54000091552734,71.5199966430664,71.5199966430664,25.0
2024-12-31 08:59:00+00:00,71.5199966430664,71.52999877929688,71.5199966430664,71.52999877929688,10.0
2024-12-31 09:00:00+00:00,71.63999938964844,71.63999938964844,71.51000213623047,71.51000213623047,129.0
2024-12-31 09:01:00+00:00,71.5,71.63999938964844,71.47000122070312,71.62000274658203,249.0
2024-12-31 09:02:00+00:00,71.4800033569336,71.51000213623047,71.47000122070312,71.48999786376953,49.0
2024-12-31 09:03:00+00:00,71.5199966430664,71.5199966430664,71.47000122070312,71.48999786376953,39.0
2024-12-31 09:04:00+00:00,71.48999786376953,71.54000091552734,71.48999786376953,71.52999877929688,56.0
2024-12-31 09:05:00+00:00,71.44000244140625,71.48999786376953,71.44000244140625,71.4800033569336,61.0
2024-12-31 09:06:00+00:00,71.43000030517578,71.44999694824219,71.41000366210938,71.44000244140625,112.0
2024-12-31 09:07:00+00:00,71.47000122070312,71.47000122070312,71.44000244140625,71.44000244140625,32.0
2024-12-31 09:08:00+00:00,71.41999816894531,71.45999908447266,71.41999816894531,71.44999694824219,36.0
2024-12-31 09:09:00+00:00,71.41999816894531,71.44000244140625,71.41999816894531,71.44000244140625,54.0
2024-12-31 09:10:00+00:00,71.44000244140625,71.44000244140625,71.41999816894531,71.41999816894531,25.0
2024-12-31 09:11:00+00:00,71.44000244140625,71.44000244140625,71.41999816894531,71.43000030517578,18.0
2024-12-31 09:12:00+00:00,71.43000030517578,71.44999694824219,71.43000030517578,71.44000244140625,34.0
2024-12-31 09:13:00+00:00,71.41000366210938,71.44000244140625,71.41000366210938,71.43000030517578,39.0
2024-12-31 09:14:00+00:00,71.41000366210938,71.43000030517578,71.37999725341797,71.41999816894531,99.0
2024-12-31 09:15:00+00:00,71.43000030517578,71.43000030517578,71.41000366210938,71.41000366210938,33.0
2024-12-31 09:16:00+00:00,71.44000244140625,71.44000244140625,71.41999816894531,71.43000030517578,25.0
2024-12-31 09:17:00+00:00,71.44000244140625,71.44999694824219,71.43000030517578,71.44000244140625,25.0
2024-12-31 09:18:00+00:00,71.43000030517578,71.45999908447266,71.43000030517578,71.44000244140625,45.0
2024-12-31 09:19:00+00:00,71.41999816894531,71.43000030517578,71.41999816894531,71.43000030517578,26.0
2024-12-31 09:20:00+00:00,71.43000030517578,71.44000244140625,71.41000366210938,71.41999816894531,47.0
2024-12-31 09:21:00+00:00,71.44999694824219,71.44999694824219,71.43000030517578,71.44000244140625,57.0
2024-12-31 09:22:00+00:00,71.41999816894531,71.44999694824219,71.41000366210938,71.44999694824219,46.0
2024-12-31 09:23:00+00:00,71.41000366210938,71.41999816894531,71.4000015258789,71.41999816894531,30.0
2024-12-31 09:24:00+00:00,71.41000366210938,71.41999816894531,71.4000015258789,71.41000366210938,25.0
2024-12-31 09:25:00+00:00,71.41999816894531,71.41999816894531,71.41000366210938,71.41000366210938,10.0
2024-12-31 09:26:00+00:00,71.41999816894531,71.41999816894531,71.41999816894531,71.41999816894531,20.0
2024-12-31 09:27:00+00:00,71.41999816894531,71.44999694824219,71.41000366210938,71.41999816894531,90.0
2024-12-31 09:28:00+00:00,71.37999725341797,71.44000244140625,71.37999725341797,71.43000030517578,143.0
2024-12-31 09:29:00+00:00,71.4000015258789,71.4000015258789,71.36000061035156,71.37999725341797,135.0
2024-12-31 09:30:00+00:00,71.44000244140625,71.44000244140625,71.38999938964844,71.4000015258789,64.0
2024-12-31 09:31:00+00:00,71.41999816894531,71.44999694824219,71.41999816894531,71.44000244140625,19.0
2024-12-31 09:32:00+00:00,71.44000244140625,71.44000244140625,71.43000030517578,71.43000030517578,12.0
2024-12-31 09:33:00+00:00,71.44000244140625,71.45999908447266,71.44000244140625,71.44999694824219,20.0
2024-12-31 09:34:00+00:00,71.43000030517578,71.44000244140625,71.41999816894531,71.43000030517578,95.0
2024-12-31 09:35:00+00:00,71.41999816894531,71.44000244140625,71.41000366210938,71.43000030517578,23.0
2024-12-31 09:36:00+00:00,71.41000366210938,71.43000030517578,71.38999938964844,71.43000030517578,52.0
2024-12-31 09:37:00+00:00,71.38999938964844,71.41000366210938,71.37999725341797,71.41000366210938,32.0
2024-12-31 09:38:00+00:00,71.38999938964844,71.4000015258789,71.38999938964844,71.38999938964844,25.0
2024-12-31 09:39:00+00:00,71.37000274658203,71.38999938964844,71.37000274658203,71.38999938964844,41.0
2024-12-31 09:40:00+00:00,71.41000366210938,71.41999816894531,71.37000274658203,71.37999725341797,37.0
2024-12-31 09:41:00+00:00,71.43000030517578,71.44000244140625,71.41000366210938,71.41000366210938,22.0
2024-12-31 09:42:00+00:00,71.45999908447266,71.45999908447266,71.43000030517578,71.43000030517578,32.0
2024-12-31 09:43:00+00:00,71.45999908447266,71.45999908447266,71.45999908447266,71.45999908447266,11.0
2024-12-31 09:44:00+00:00,71.47000122070312,71.47000122070312,71.45999908447266,71.45999908447266,20.0
2024-12-31 09:45:00+00:00,71.44999694824219,71.47000122070312,71.44000244140625,71.45999908447266,55.0
2024-12-31 09:46:00+00:00,71.45999908447266,71.45999908447266,71.44999694824219,71.44999694824219,30.0
2024-12-31 09:47:00+00:00,71.44999694824219,71.4800033569336,71.44000244140625,71.47000122070312,111.0
2024-12-31 09:48:00+00:00,71.41999816894531,71.44999694824219,71.4000015258789,71.44999694824219,71.0
2024-12-31 09:49:00+00:00,71.4000015258789,71.41999816894531,71.38999938964844,71.41999816894531,67.0
2024-12-31 09:50:00+00:00,71.38999938964844,71.41000366210938,71.38999938964844,71.4000015258789,41.0
2024-12-31 09:51:00+00:00,71.4000015258789,71.41000366210938,71.38999938964844,71.4000015258789,40.0
2024-12-31 09:52:00+00:00,71.38999938964844,71.4000015258789,71.37999725341797,71.4000015258789,43.0
2024-12-31 09:53:00+00:00,71.37999725341797,71.38999938964844,71.36000061035156,71.38999938964844,60.0
2024-12-31 09:54:00+00:00,71.37999725341797,71.37999725341797,71.3499984741211,71.37000274658203,60.0
2024-12-31 09:56:00+00:00,71.4000015258789,71.4000015258789,71.37999725341797,71.37999725341797,22.0
2024-12-31 09:57:00+00:00,71.43000030517578,71.43000030517578,71.4000015258789,71.4000015258789,36.0
2024-12-31 09:58:00+00:00,71.4000015258789,71.41999816894531,71.38999938964844,71.41999816894531,45.0
2024-12-31 09:59:00+00:00,71.37999725341797,71.4000015258789,71.37999725341797,71.4000015258789,22.0
2024-12-31 10:00:00+00:00,71.36000061035156,71.37999725341797,71.36000061035156,71.37000274658203,32.0
2024-12-31 10:01:00+00:00,71.36000061035156,71.37000274658203,71.3499984741211,71.36000061035156,36.0
2024-12-31 10:02:00+00:00,71.37000274658203,71.41000366210938,71.3499984741211,71.3499984741211,38.0
2024-12-31 10:03:00+00:00,71.37000274658203,71.37000274658203,71.36000061035156,71.36000061035156,22.0
2024-12-31 10:04:00+00:00,71.36000061035156,71.37000274658203,71.36000061035156,71.36000061035156,21.0
2024-12-31 10:05:00+00:00,71.37000274658203,71.4000015258789,71.36000061035156,71.37000274658203,70.0
2024-12-31 10:06:00+00:00,71.37000274658203,71.37999725341797,71.37000274658203,71.37999725341797,8.0
2024-12-31 10:07:00+00:00,71.38999938964844,71.4000015258789,71.37000274658203,71.37000274658203,25.0
2024-12-31 10:08:00+00:00,71.41999816894531,71.41999816894531,71.38999938964844,71.38999938964844,29.0
2024-12-31 10:09:00+00:00,71.43000030517578,71.44999694824219,71.43000030517578,71.43000030517578,47.0
2024-12-31 10:10:00+00:00,71.43000030517578,71.44000244140625,71.43000030517578,71.44000244140625,17.0
2024-12-31 10:11:00+00:00,71.43000030517578,71.44999694824219,71.43000030517578,71.43000030517578,23.0
2024-12-31 10:12:00+00:00,71.41999816894531,71.45999908447266,71.41999816894531,71.44999694824219,43.0
2024-12-31 10:13:00+00:00,71.41999816894531,71.41999816894531,71.4000015258789,71.41999816894531,23.0
2024-12-31 10:14:00+00:00,71.44999694824219,71.45999908447266,71.41999816894531,71.41999816894531,50.0
2024-12-31 10:15:00+00:00,71.5,71.5,71.44000244140625,71.44999694824219,36.0
2024-12-31 10:16:00+00:00,71.5199966430664,71.52999877929688,71.5,71.5,36.0
2024-12-31 10:18:00+00:00,71.52999877929688,71.52999877929688,71.51000213623047,71.51000213623047,50.0
2024-12-31 10:19:00+00:00,71.48999786376953,71.52999877929688,71.48999786376953,71.5199966430664,16.0
2024-12-31 10:20:00+00:00,71.5199966430664,71.52999877929688,71.4800033569336,71.4800033569336,70.0
2024-12-31 10:21:00+00:00,71.5,71.5199966430664,71.5,71.5199966430664,20.0
2024-12-31 10:22:00+00:00,71.51000213623047,71.52999877929688,71.51000213623047,71.5199966430664,28.0
2024-12-31 10:23:00+00:00,71.5,71.52999877929688,71.5,71.5199966430664,46.0
2024-12-31 10:24:00+00:00,71.5,71.5,71.48999786376953,71.5,13.0
2024-12-31 10:25:00+00:00,71.5199966430664,71.52999877929688,71.5,71.5,21.0
2024-12-31 10:26:00+00:00,71.52999877929688,71.52999877929688,71.5199966430664,71.52999877929688,12.0
2024-12-31 10:27:00+00:00,71.48999786376953,71.55999755859375,71.48999786376953,71.54000091552734,108.0
2024-12-31 10:28:00+00:00,71.4800033569336,71.48999786376953,71.4800033569336,71.48999786376953,13.0
2024-12-31 10:29:00+00:00,71.48999786376953,71.5,71.47000122070312,71.4800033569336,27.0
2024-12-31 10:31:00+00:00,71.52999877929688,71.54000091552734,71.5199966430664,71.52999877929688,18.0
2024-12-31 10:32:00+00:00,71.55000305175781,71.55000305175781,71.54000091552734,71.54000091552734,19.0
2024-12-31 10:33:00+00:00,71.55000305175781,71.55000305175781,71.54000091552734,71.55000305175781,6.0
2024-12-31 10:34:00+00:00,71.54000091552734,71.55000305175781,71.54000091552734,71.55000305175781,12.0
2024-12-31 10:35:00+00:00,71.55999755859375,71.55999755859375,71.54000091552734,71.55000305175781,24.0
2024-12-31 10:36:00+00:00,71.55000305175781,71.55999755859375,71.55000305175781,71.55000305175781,15.0
2024-12-31 10:37:00+00:00,71.56999969482422,71.58999633789062,71.55000305175781,71.55000305175781,45.0
2024-12-31 10:38:00+00:00,71.55999755859375,71.58000183105469,71.55999755859375,71.58000183105469,9.0
2024-12-31 10:39:00+00:00,71.55000305175781,71.56999969482422,71.55000305175781,71.56999969482422,17.0
2024-12-31 10:40:00+00:00,71.5999984741211,71.5999984741211,71.55999755859375,71.55999755859375,28.0
2024-12-31 10:41:00+00:00,71.56999969482422,71.58999633789062,71.56999969482422,71.58999633789062,20.0
2024-12-31 10:42:00+00:00,71.56999969482422,71.58999633789062,71.56999969482422,71.58000183105469,29.0
2024-12-31 10:43:00+00:00,71.55999755859375,71.56999969482422,71.55999755859375,71.56999969482422,12.0
2024-12-31 10:44:00+00:00,71.55000305175781,71.55999755859375,71.55000305175781,71.55999755859375,16.0
2024-12-31 10:45:00+00:00,71.52999877929688,71.55000305175781,71.5199966430664,71.55000305175781,32.0
2024-12-31 10:46:00+00:00,71.5,71.52999877929688,71.5,71.52999877929688,41.0
2024-12-31 10:47:00+00:00,71.5,71.51000213623047,71.5,71.5,15.0
2024-12-31 10:48:00+00:00,71.5,71.51000213623047,71.48999786376953,71.51000213623047,25.0
2024-12-31 10:49:00+00:00,71.48999786376953,71.5199966430664,71.48999786376953,71.5,87.0
2024-12-31 10:50:00+00:00,71.47000122070312,71.48999786376953,71.47000122070312,71.4800033569336,20.0
2024-12-31 10:51:00+00:00,71.4800033569336,71.4800033569336,71.47000122070312,71.47000122070312,7.0
2024-12-31 10:52:00+00:00,71.44000244140625,71.4800033569336,71.41000366210938,71.4800033569336,382.0
2024-12-31 10:53:00+00:00,71.41000366210938,71.44000244140625,71.41000366210938,71.43000030517578,51.0
2024-12-31 10:54:00+00:00,71.41000366210938,71.41999816894531,71.41000366210938,71.41000366210938,15.0
2024-12-31 10:55:00+00:00,71.43000030517578,71.44999694824219,71.41000366210938,71.41999816894531,20.0
2024-12-31 10:56:00+00:00,71.45999908447266,71.45999908447266,71.41999816894531,71.43000030517578,31.0
2024-12-31 10:57:00+00:00,71.45999908447266,71.48999786376953,71.45999908447266,71.47000122070312,20.0
2024-12-31 10:58:00+00:00,71.4800033569336,71.4800033569336,71.45999908447266,71.45999908447266,12.0
2024-12-31 10:59:00+00:00,71.48999786376953,71.48999786376953,71.47000122070312,71.4800033569336,16.0
2024-12-31 11:00:00+00:00,71.51000213623047,71.51000213623047,71.4800033569336,71.48999786376953,34.0
2024-12-31 11:01:00+00:00,71.58999633789062,71.58999633789062,71.5199966430664,71.5199966430664,49.0
2024-12-31 11:02:00+00:00,71.58999633789062,71.58999633789062,71.55999755859375,71.58999633789062,42.0
2024-12-31 11:03:00+00:00,71.58000183105469,71.58999633789062,71.56999969482422,71.58999633789062,38.0
2024-12-31 11:04:00+00:00,71.54000091552734,71.58000183105469,71.54000091552734,71.58000183105469,31.0
2024-12-31 11:05:00+00:00,71.56999969482422,71.56999969482422,71.54000091552734,71.54000091552734,80.0
2024-12-31 11:06:00+00:00,71.54000091552734,71.56999969482422,71.54000091552734,71.56999969482422,11.0
2024-12-31 11:07:00+00:00,71.5999984741211,71.62000274658203,71.55000305175781,71.55000305175781,86.0
2024-12-31 11:08:00+00:00,71.61000061035156,71.61000061035156,71.5999984741211,71.5999984741211,7.0
2024-12-31 11:09:00+00:00,71.62999725341797,71.63999938964844,71.62000274658203,71.62999725341797,35.0
2024-12-31 11:10:00+00:00,71.6500015258789,71.66000366210938,71.62999725341797,71.62999725341797,28.0
2024-12-31 11:11:00+00:00,71.62999725341797,71.6500015258789,71.62000274658203,71.63999938964844,24.0
2024-12-31 11:12:00+00:00,71.6500015258789,71.66000366210938,71.62999725341797,71.62999725341797,42.0
2024-12-31 11:13:00+00:00,71.62999725341797,71.6500015258789,71.62000274658203,71.6500015258789,36.0
2024-12-31 11:14:00+00:00,71.63999938964844,71.66000366210938,71.62999725341797,71.63999938964844,122.0
2024-12-31 11:15:00+00:00,71.62999725341797,71.6500015258789,71.61000061035156,71.6500015258789,37.0
2024-12-31 11:16:00+00:00,71.62999725341797,71.62999725341797,71.62000274658203,71.62999725341797,16.0
2024-12-31 11:17:00+00:00,71.61000061035156,71.62000274658203,71.61000061035156,71.62000274658203,31.0
2024-12-31 11:18:00+00:00,71.56999969482422,71.61000061035156,71.56999969482422,71.61000061035156,58.0
2024-12-31 11:19:00+00:00,71.54000091552734,71.56999969482422,71.54000091552734,71.55000305175781,86.0
2024-12-31 11:20:00+00:00,71.51000213623047,71.54000091552734,71.5,71.54000091552734,64.0
2024-12-31 11:21:00+00:00,71.5199966430664,71.5199966430664,71.48999786376953,71.51000213623047,57.0
2024-12-31 11:22:00+00:00,71.5,71.54000091552734,71.5,71.5199966430664,39.0
2024-12-31 11:23:00+00:00,71.4800033569336,71.51000213623047,71.4800033569336,71.51000213623047,44.0
2024-12-31 11:24:00+00:00,71.4800033569336,71.5,71.4800033569336,71.48999786376953,81.0
2024-12-31 11:25:00+00:00,71.47000122070312,71.4800033569336,71.45999908447266,71.47000122070312,50.0
2024-12-31 11:26:00+00:00,71.47000122070312,71.47000122070312,71.44999694824219,71.45999908447266,61.0
2024-12-31 11:27:00+00:00,71.4800033569336,71.4800033569336,71.43000030517578,71.45999908447266,36.0
2024-12-31 11:28:00+00:00,71.44999694824219,71.48999786376953,71.44999694824219,71.48999786376953,38.0
2024-12-31 11:29:00+00:00,71.4800033569336,71.48999786376953,71.44999694824219,71.44999694824219,26.0
2024-12-31 11:30:00+00:00,71.51000213623047,71.5199966430664,71.4800033569336,71.4800033569336,38.0
2024-12-31 11:31:00+00:00,71.51000213623047,71.51000213623047,71.48999786376953,71.48999786376953,9.0
2024-12-31 11:32:00+00:00,71.5199966430664,71.5199966430664,71.5,71.5,23.0
2024-12-31 11:33:00+00:00,71.52999877929688,71.54000091552734,71.51000213623047,71.5199966430664,44.0
2024-12-31 11:34:00+00:00,71.5199966430664,71.52999877929688,71.5199966430664,71.52999877929688,23.0
2024-12-31 11:35:00+00:00,71.5199966430664,71.52999877929688,71.5,71.52999877929688,22.0
2024-12-31 11:36:00+00:00,71.52999877929688,71.52999877929688,71.5199966430664,71.52999877929688,6.0
2024-12-31 11:37:00+00:00,71.55999755859375,71.55999755859375,71.5199966430664,71.52999877929688,25.0
2024-12-31 11:38:00+00:00,71.55000305175781,71.55999755859375,71.55000305175781,71.55999755859375,17.0
2024-12-31 11:39:00+00:00,71.55999755859375,71.55999755859375,71.54000091552734,71.55000305175781,10.0
2024-12-31 11:40:00+00:00,71.55999755859375,71.55999755859375,71.54000091552734,71.55000305175781,35.0
2024-12-31 11:41:00+00:00,71.54000091552734,71.56999969482422,71.54000091552734,71.56999969482422,97.0
2024-12-31 11:42:00+00:00,71.52999877929688,71.54000091552734,71.52999877929688,71.54000091552734,14.0
2024-12-31 11:43:00+00:00,71.5,71.5199966430664,71.5,71.5199966430664,27.0
2024-12-31 11:44:00+00:00,71.5,71.51000213623047,71.48999786376953,71.51000213623047,36.0
2024-12-31 11:45:00+00:00,71.51000213623047,71.5199966430664,71.51000213623047,71.51000213623047,15.0
2024-12-31 11:46:00+00:00,71.5199966430664,71.52999877929688,71.51000213623047,71.51000213623047,12.0
2024-12-31 11:47:00+00:00,71.51000213623047,71.52999877929688,71.51000213623047,71.52999877929688,5.0
2024-12-31 11:48:00+00:00,71.54000091552734,71.54000091552734,71.5199966430664,71.5199966430664,13.0
2024-12-31 11:49:00+00:00,71.55000305175781,71.55000305175781,71.52999877929688,71.54000091552734,37.0
2024-12-31 11:50:00+00:00,71.56999969482422,71.58000183105469,71.55999755859375,71.55999755859375,44.0
2024-12-31 11:51:00+00:00,71.56999969482422,71.56999969482422,71.56999969482422,71.56999969482422,9.0
2024-12-31 11:52:00+00:00,71.58999633789062,71.5999984741211,71.58000183105469,71.58000183105469,23.0
2024-12-31 11:53:00+00:00,71.5999984741211,71.61000061035156,71.56999969482422,71.58000183105469,42.0
2024-12-31 11:54:00+00:00,71.61000061035156,71.62000274658203,71.61000061035156,71.61000061035156,28.0
2024-12-31 11:55:00+00:00,71.61000061035156,71.62000274658203,71.5999984741211,71.5999984741211,29.0
2024-12-31 11:56:00+00:00,71.62000274658203,71.62000274658203,71.58999633789062,71.61000061035156,26.0
2024-12-31 11:57:00+00:00,71.62000274658203,71.62999725341797,71.61000061035156,71.61000061035156,32.0
2024-12-31 11:58:00+00:00,71.58000183105469,71.61000061035156,71.58000183105469,71.61000061035156,22.0
2024-12-31 11:59:00+00:00,71.55999755859375,71.58000183105469,71.55000305175781,71.58000183105469,46.0
2024-12-31 12:00:00+00:00,71.54000091552734,71.55000305175781,71.54000091552734,71.55000305175781,22.0
2024-12-31 12:01:00+00:00,71.56999969482422,71.58000183105469,71.52999877929688,71.52999877929688,51.0
2024-12-31 12:02:00+00:00,71.55999755859375,71.58000183105469,71.55000305175781,71.56999969482422,18.0
2024-12-31 12:03:00+00:00,71.55999755859375,71.56999969482422,71.55999755859375,71.55999755859375,6.0
2024-12-31 12:04:00+00:00,71.54000091552734,71.55999755859375,71.54000091552734,71.55000305175781,57.0
2024-12-31 12:05:00+00:00,71.58000183105469,71.58000183105469,71.55000305175781,71.55000305175781,37.0
2024-12-31 12:06:00+00:00,71.58999633789062,71.58999633789062,71.58000183105469,71.58000183105469,41.0
2024-12-31 12:07:00+00:00,71.62000274658203,71.62000274658203,71.58999633789062,71.58999633789062,26.0
2024-12-31 12:08:00+00:00,71.61000061035156,71.62000274658203,71.61000061035156,71.62000274658203,16.0
2024-12-31 12:09:00+00:00,71.62999725341797,71.63999938964844,71.61000061035156,71.62000274658203,61.0
2024-12-31 12:10:00+00:00,71.63999938964844,71.6500015258789,71.62000274658203,71.62999725341797,48.0
2024-12-31 12:11:00+00:00,71.66999816894531,71.68000030517578,71.6500015258789,71.6500015258789,61.0
2024-12-31 12:12:00+00:00,71.69999694824219,71.69999694824219,71.66000366210938,71.66000366210938,145.0
2024-12-31 12:13:00+00:00,71.66999816894531,71.69000244140625,71.6500015258789,71.69000244140625,83.0
2024-12-31 12:14:00+00:00,71.63999938964844,71.6500015258789,71.62999725341797,71.6500015258789,45.0
2024-12-31 12:15:00+00:00,71.62999725341797,71.62999725341797,71.61000061035156,71.62999725341797,33.0
2024-12-31 12:16:00+00:00,71.58999633789062,71.62000274658203,71.58000183105469,71.62000274658203,107.0
2024-12-31 12:17:00+00:00,71.61000061035156,71.61000061035156,71.58000183105469,71.58999633789062,26.0
2024-12-31 12:18:00+00:00,71.5999984741211,71.62999725341797,71.5999984741211,71.61000061035156,94.0
2024-12-31 12:19:00+00:00,71.62999725341797,71.6500015258789,71.61000061035156,71.62999725341797,80.0
2024-12-31 12:20:00+00:00,71.62000274658203,71.6500015258789,71.5999984741211,71.63999938964844,226.0
2024-12-31 12:21:00+00:00,71.61000061035156,71.62000274658203,71.58999633789062,71.62000274658203,42.0
2024-12-31 12:22:00+00:00,71.62000274658203,71.62000274658203,71.5999984741211,71.5999984741211,14.0
2024-12-31 12:23:00+00:00,71.62000274658203,71.62999725341797,71.5999984741211,71.62000274658203,14.0
2024-12-31 12:24:00+00:00,71.56999969482422,71.63999938964844,71.55999755859375,71.63999938964844,48.0
2024-12-31 12:25:00+00:00,71.5999984741211,71.61000061035156,71.56999969482422,71.56999969482422,60.0
2024-12-31 12:26:00+00:00,71.55999755859375,71.5999984741211,71.55999755859375,71.5999984741211,53.0
2024-12-31 12:27:00+00:00,71.54000091552734,71.56999969482422,71.52999877929688,71.56999969482422,115.0
2024-12-31 12:28:00+00:00,71.55999755859375,71.55999755859375,71.52999877929688,71.55000305175781,34.0
2024-12-31 12:29:00+00:00,71.48999786376953,71.5999984741211,71.4800033569336,71.55000305175781,334.0
2024-12-31 12:30:00+00:00,71.43000030517578,71.4800033569336,71.4000015258789,71.47000122070312,486.0
2024-12-31 12:31:00+00:00,71.44000244140625,71.44000244140625,71.38999938964844,71.43000030517578,216.0
2024-12-31 12:32:00+00:00,71.4000015258789,71.43000030517578,71.38999938964844,71.43000030517578,97.0
2024-12-31 12:33:00+00:00,71.22000122070312,71.41000366210938,71.19999694824219,71.41000366210938,1101.0
2024-12-31 12:34:00+00:00,71.29000091552734,71.30000305175781,71.20999908447266,71.20999908447266,472.0
2024-12-31 12:35:00+00:00,71.29000091552734,71.30999755859375,71.27999877929688,71.29000091552734,189.0
2024-12-31 12:36:00+00:00,71.27999877929688,71.30999755859375,71.26000213623047,71.30000305175781,71.0
2024-12-31 12:37:00+00:00,71.20999908447266,71.29000091552734,71.20999908447266,71.27999877929688,91.0
2024-12-31 12:38:00+00:00,71.19000244140625,71.22000122070312,71.16999816894531,71.19999694824219,545.0
2024-12-31 12:39:00+00:00,71.26000213623047,71.2699966430664,71.18000030517578,71.19000244140625,240.0
2024-12-31 12:40:00+00:00,71.20999908447266,71.2699966430664,71.20999908447266,71.26000213623047,137.0
2024-12-31 12:41:00+00:00,71.20999908447266,71.22000122070312,71.20999908447266,71.20999908447266,47.0
2024-12-31 12:42:00+00:00,71.18000030517578,71.20999908447266,71.1500015258789,71.19999694824219,104.0
2024-12-31 12:43:00+00:00,71.19000244140625,71.19999694824219,71.16000366210938,71.16999816894531,68.0
2024-12-31 12:44:00+00:00,71.19999694824219,71.22000122070312,71.19000244140625,71.19999694824219,56.0
2024-12-31 12:45:00+00:00,71.16999816894531,71.19000244140625,71.16000366210938,71.19000244140625,80.0
2024-12-31 12:46:00+00:00,71.20999908447266,71.22000122070312,71.18000030517578,71.18000030517578,50.0
2024-12-31 12:47:00+00:00,71.19000244140625,71.20999908447266,71.18000030517578,71.20999908447266,46.0
2024-12-31 12:48:00+00:00,71.22000122070312,71.2300033569336,71.18000030517578,71.18000030517578,56.0
2024-12-31 12:49:00+00:00,71.22000122070312,71.2300033569336,71.19000244140625,71.20999908447266,44.0
2024-12-31 12:50:00+00:00,71.19000244140625,71.22000122070312,71.19000244140625,71.22000122070312,44.0
2024-12-31 12:51:00+00:00,71.1500015258789,71.19000244140625,71.1500015258789,71.18000030517578,76.0
2024-12-31 12:52:00+00:00,71.18000030517578,71.18000030517578,71.16000366210938,71.16999816894531,81.0
2024-12-31 12:53:00+00:00,71.0999984741211,71.16999816894531,71.0999984741211,71.16000366210938,483.0
2024-12-31 12:54:00+00:00,71.1500015258789,71.16000366210938,71.0999984741211,71.0999984741211,124.0
2024-12-31 12:55:00+00:00,71.08000183105469,71.16999816894531,71.05999755859375,71.1500015258789,400.0
2024-12-31 12:56:00+00:00,71.05999755859375,71.08000183105469,71.05000305175781,71.06999969482422,159.0
2024-12-31 12:57:00+00:00,71.02999877929688,71.05999755859375,71.01000213623047,71.05000305175781,419.0
2024-12-31 12:58:00+00:00,71.05000305175781,71.05000305175781,71.0199966430664,71.02999877929688,80.0
2024-12-31 12:59:00+00:00,70.97000122070312,71.05000305175781,70.95999908447266,71.05000305175781,417.0
2024-12-31 13:00:00+00:00,70.98999786376953,71.0,70.94999694824219,70.97000122070312,510.0
2024-12-31 13:01:00+00:00,70.94999694824219,70.9800033569336,70.94000244140625,70.9800033569336,310.0
2024-12-31 13:02:00+00:00,71.0,71.0,70.94000244140625,70.94999694824219,239.0
2024-12-31 13:03:00+00:00,70.97000122070312,71.02999877929688,70.97000122070312,71.0,192.0
2024-12-31 13:04:00+00:00,70.95999908447266,71.0,70.95999908447266,70.97000122070312,190.0
2024-12-31 13:05:00+00:00,71.0,71.01000213623047,70.91999816894531,70.94999694824219,453.0
2024-12-31 13:06:00+00:00,70.94999694824219,71.0199966430664,70.94000244140625,71.01000213623047,241.0
2024-12-31 13:07:00+00:00,70.95999908447266,70.97000122070312,70.94999694824219,70.94999694824219,206.0
2024-12-31 13:08:00+00:00,70.93000030517578,70.98999786376953,70.93000030517578,70.95999908447266,135.0
2024-12-31 13:09:00+00:00,70.91999816894531,70.94999694824219,70.91999816894531,70.94000244140625,169.0
2024-12-31 13:10:00+00:00,70.9800033569336,70.9800033569336,70.91999816894531,70.91999816894531,131.0
2024-12-31 13:11:00+00:00,70.94000244140625,70.9800033569336,70.94000244140625,70.9800033569336,136.0
2024-12-31 13:12:00+00:00,70.88999938964844,70.94000244140625,70.87000274658203,70.94000244140625,346.0
2024-12-31 13:13:00+00:00,70.9000015258789,70.91000366210938,70.87000274658203,70.88999938964844,201.0
2024-12-31 13:14:00+00:00,70.9000015258789,70.91999816894531,70.88999938964844,70.91000366210938,164.0
2024-12-31 13:15:00+00:00,70.94000244140625,70.94999694824219,70.88999938964844,70.9000015258789,218.0
2024-12-31 13:16:00+00:00,70.93000030517578,70.94000244140625,70.93000030517578,70.94000244140625,198.0
2024-12-31 13:17:00+00:00,70.91999816894531,70.94000244140625,70.9000015258789,70.93000030517578,93.0
2024-12-31 13:18:00+00:00,70.9000015258789,70.91999816894531,70.88999938964844,70.91999816894531,130.0
2024-12-31 13:19:00+00:00,70.91999816894531,70.91999816894531,70.9000015258789,70.9000015258789,130.0
2024-12-31 13:20:00+00:00,70.95999908447266,70.97000122070312,70.91000366210938,70.93000030517578,173.0
2024-12-31 13:21:00+00:00,70.97000122070312,70.9800033569336,70.94999694824219,70.94999694824219,110.0
2024-12-31 13:22:00+00:00,70.97000122070312,70.98999786376953,70.94999694824219,70.97000122070312,321.0
2024-12-31 13:23:00+00:00,70.9800033569336,70.98999786376953,70.97000122070312,70.97000122070312,111.0
2024-12-31 13:24:00+00:00,71.02999877929688,71.04000091552734,70.95999908447266,70.97000122070312,203.0
2024-12-31 13:25:00+00:00,71.0199966430664,71.06999969482422,71.0199966430664,71.02999877929688,455.0
2024-12-31 13:26:00+00:00,71.0199966430664,71.02999877929688,71.01000213623047,71.01000213623047,118.0
2024-12-31 13:27:00+00:00,71.05999755859375,71.05999755859375,71.0,71.0,161.0
2024-12-31 13:28:00+00:00,71.05000305175781,71.08000183105469,71.04000091552734,71.05000305175781,260.0
2024-12-31 13:29:00+00:00,71.0199966430664,71.05000305175781,71.0199966430664,71.05000305175781,176.0
2024-12-31 13:30:00+00:00,70.9800033569336,71.0199966430664,70.9800033569336,71.0199966430664,179.0
2024-12-31 13:31:00+00:00,71.04000091552734,71.04000091552734,70.9800033569336,70.98999786376953,117.0
2024-12-31 13:32:00+00:00,71.04000091552734,71.05999755859375,71.02999877929688,71.05000305175781,64.0
2024-12-31 13:33:00+00:00,71.05000305175781,71.06999969482422,71.04000091552734,71.04000091552734,82.0
2024-12-31 13:34:00+00:00,71.05000305175781,71.05000305175781,71.02999877929688,71.05000305175781,46.0
2024-12-31 13:36:00+00:00,71.0199966430664,71.04000091552734,71.0199966430664,71.04000091552734,68.0
2024-12-31 13:37:00+00:00,71.08999633789062,71.11000061035156,71.0199966430664,71.02999877929688,493.0
2024-12-31 13:38:00+00:00,71.04000091552734,71.08999633789062,71.04000091552734,71.08000183105469,137.0
2024-12-31 13:39:00+00:00,71.02999877929688,71.04000091552734,71.0199966430664,71.02999877929688,66.0
2024-12-31 13:40:00+00:00,71.02999877929688,71.04000091552734,71.0,71.0199966430664,152.0
2024-12-31 13:41:00+00:00,71.06999969482422,71.08000183105469,71.0199966430664,71.02999877929688,532.0
2024-12-31 13:42:00+00:00,71.02999877929688,71.06999969482422,71.02999877929688,71.06999969482422,48.0
2024-12-31 13:43:00+00:00,71.01000213623047,71.04000091552734,71.01000213623047,71.02999877929688,51.0
2024-12-31 13:44:00+00:00,71.0199966430664,71.02999877929688,71.01000213623047,71.01000213623047,114.0
2024-12-31 13:45:00+00:00,71.01000213623047,71.02999877929688,71.0,71.0199966430664,58.0
2024-12-31 13:46:00+00:00,71.0,71.0199966430664,70.9800033569336,71.01000213623047,103.0
2024-12-31 13:47:00+00:00,70.98999786376953,71.01000213623047,70.98999786376953,70.98999786376953,83.0
2024-12-31 13:48:00+00:00,70.98999786376953,71.0,70.9800033569336,70.98999786376953,41.0
2024-12-31 13:49:00+00:00,71.01000213623047,71.0199966430664,70.98999786376953,70.98999786376953,62.0
2024-12-31 13:50:00+00:00,71.0,71.01000213623047,70.98999786376953,71.0,77.0
2024-12-31 13:51:00+00:00,70.98999786376953,71.01000213623047,70.98999786376953,70.98999786376953,55.0
2024-12-31 13:52:00+00:00,71.01000213623047,71.01000213623047,70.98999786376953,70.98999786376953,117.0
2024-12-31 13:53:00+00:00,71.0199966430664,71.02999877929688,71.01000213623047,71.01000213623047,206.0
2024-12-31 13:54:00+00:00,71.01000213623047,71.02999877929688,71.01000213623047,71.02999877929688,35.0
2024-12-31 13:55:00+00:00,71.06999969482422,71.08000183105469,71.01000213623047,71.0199966430664,160.0
2024-12-31 13:56:00+00:00,71.08999633789062,71.08999633789062,71.06999969482422,71.06999969482422,227.0
2024-12-31 13:57:00+00:00,71.12999725341797,71.13999938964844,71.06999969482422,71.08000183105469,326.0
2024-12-31 13:58:00+00:00,71.1500015258789,71.18000030517578,71.12000274658203,71.12999725341797,416.0
2024-12-31 13:59:00+00:00,71.1500015258789,71.16999816894531,71.13999938964844,71.1500015258789,153.0
2024-12-31 14:00:00+00:00,71.20999908447266,71.2300033569336,71.1500015258789,71.1500015258789,496.0
2024-12-31 14:01:00+00:00,71.2300033569336,71.23999786376953,71.1500015258789,71.22000122070312,497.0
2024-12-31 14:02:00+00:00,71.2300033569336,71.25,71.22000122070312,71.2300033569336,265.0
2024-12-31 14:03:00+00:00,71.29000091552734,71.29000091552734,71.19999694824219,71.2300033569336,390.0
2024-12-31 14:04:00+00:00,71.27999877929688,71.30999755859375,71.2699966430664,71.29000091552734,289.0
2024-12-31 14:05:00+00:00,71.33000183105469,71.33000183105469,71.2300033569336,71.26000213623047,649.0
2024-12-31 14:06:00+00:00,71.37000274658203,71.37999725341797,71.30999755859375,71.31999969482422,741.0
2024-12-31 14:07:00+00:00,71.37000274658203,71.37999725341797,71.36000061035156,71.37000274658203,425.0
2024-12-31 14:08:00+00:00,71.44000244140625,71.44999694824219,71.36000061035156,71.37000274658203,1033.0
2024-12-31 14:09:00+00:00,71.44999694824219,71.45999908447266,71.43000030517578,71.44000244140625,350.0
2024-12-31 14:10:00+00:00,71.51000213623047,71.5199966430664,71.44000244140625,71.44999694824219,625.0
2024-12-31 14:11:00+00:00,71.51000213623047,71.52999877929688,71.4800033569336,71.51000213623047,380.0
2024-12-31 14:12:00+00:00,71.47000122070312,71.51000213623047,71.47000122070312,71.51000213623047,175.0
2024-12-31 14:13:00+00:00,71.48999786376953,71.5,71.44999694824219,71.47000122070312,141.0
2024-12-31 14:14:00+00:00,71.48999786376953,71.51000213623047,71.48999786376953,71.48999786376953,135.0
2024-12-31 14:15:00+00:00,71.5199966430664,71.54000091552734,71.47000122070312,71.48999786376953,556.0
2024-12-31 14:16:00+00:00,71.4800033569336,71.54000091552734,71.4800033569336,71.5199966430664,242.0
2024-12-31 14:17:00+00:00,71.43000030517578,71.4800033569336,71.43000030517578,71.47000122070312,787.0
2024-12-31 14:18:00+00:00,71.3499984741211,71.43000030517578,71.3499984741211,71.43000030517578,548.0
2024-12-31 14:19:00+00:00,71.36000061035156,71.37000274658203,71.30999755859375,71.3499984741211,269.0
2024-12-31 14:20:00+00:00,71.36000061035156,71.41000366210938,71.3499984741211,71.36000061035156,270.0
2024-12-31 14:21:00+00:00,71.37999725341797,71.38999938964844,71.3499984741211,71.36000061035156,102.0
2024-12-31 14:22:00+00:00,71.37000274658203,71.4000015258789,71.36000061035156,71.37999725341797,190.0
2024-12-31 14:23:00+00:00,71.38999938964844,71.38999938964844,71.3499984741211,71.36000061035156,108.0
2024-12-31 14:24:00+00:00,71.43000030517578,71.43000030517578,71.36000061035156,71.37999725341797,159.0
2024-12-31 14:25:00+00:00,71.48999786376953,71.5,71.43000030517578,71.44000244140625,331.0
2024-12-31 14:26:00+00:00,71.48999786376953,71.51000213623047,71.4800033569336,71.48999786376953,77.0
2024-12-31 14:27:00+00:00,71.54000091552734,71.55000305175781,71.48999786376953,71.48999786376953,198.0
2024-12-31 14:28:00+00:00,71.52999877929688,71.54000091552734,71.5199966430664,71.52999877929688,107.0
2024-12-31 14:29:00+00:00,71.54000091552734,71.55000305175781,71.5199966430664,71.52999877929688,110.0
2024-12-31 14:30:00+00:00,71.54000091552734,71.56999969482422,71.5199966430664,71.54000091552734,259.0
2024-12-31 14:31:00+00:00,71.5199966430664,71.58000183105469,71.5199966430664,71.56999969482422,389.0
2024-12-31 14:32:00+00:00,71.56999969482422,71.58999633789062,71.5,71.5199966430664,246.0
2024-12-31 14:33:00+00:00,71.54000091552734,71.58000183105469,71.54000091552734,71.56999969482422,161.0
2024-12-31 14:34:00+00:00,71.5,71.54000091552734,71.44999694824219,71.52999877929688,792.0
2024-12-31 14:35:00+00:00,71.4800033569336,71.51000213623047,71.45999908447266,71.51000213623047,405.0
2024-12-31 14:36:00+00:00,71.51000213623047,71.5199966430664,71.44000244140625,71.47000122070312,580.0
2024-12-31 14:37:00+00:00,71.44000244140625,71.51000213623047,71.44000244140625,71.51000213623047,155.0
2024-12-31 14:38:00+00:00,71.44999694824219,71.45999908447266,71.43000030517578,71.44999694824219,209.0
2024-12-31 14:39:00+00:00,71.44999694824219,71.45999908447266,71.41000366210938,71.45999908447266,123.0
2024-12-31 14:40:00+00:00,71.44000244140625,71.48999786376953,71.44000244140625,71.44999694824219,197.0
2024-12-31 14:41:00+00:00,71.44000244140625,71.47000122070312,71.43000030517578,71.44999694824219,105.0
2024-12-31 14:42:00+00:00,71.5,71.51000213623047,71.41000366210938,71.44000244140625,205.0
2024-12-31 14:43:00+00:00,71.5199966430664,71.52999877929688,71.48999786376953,71.51000213623047,162.0
2024-12-31 14:44:00+00:00,71.47000122070312,71.5199966430664,71.47000122070312,71.5199966430664,211.0
2024-12-31 14:45:00+00:00,71.41000366210938,71.48999786376953,71.38999938964844,71.47000122070312,1077.0
2024-12-31 14:46:00+00:00,71.41999816894531,71.41999816894531,71.38999938964844,71.41000366210938,102.0
2024-12-31 14:47:00+00:00,71.38999938964844,71.41000366210938,71.37999725341797,71.4000015258789,273.0
2024-12-31 14:48:00+00:00,71.37999725341797,71.4000015258789,71.37000274658203,71.38999938964844,221.0
2024-12-31 14:49:00+00:00,71.33000183105469,71.37999725341797,71.30000305175781,71.37000274658203,522.0
2024-12-31 14:50:00+00:00,71.31999969482422,71.33999633789062,71.2699966430664,71.31999969482422,366.0
2024-12-31 14:51:00+00:00,71.30999755859375,71.3499984741211,71.30999755859375,71.30999755859375,184.0
2024-12-31 14:52:00+00:00,71.30999755859375,71.33999633789062,71.27999877929688,71.30999755859375,320.0
2024-12-31 14:53:00+00:00,71.36000061035156,71.36000061035156,71.29000091552734,71.30000305175781,197.0
2024-12-31 14:54:00+00:00,71.33000183105469,71.36000061035156,71.33000183105469,71.3499984741211,168.0
2024-12-31 14:55:00+00:00,71.37999725341797,71.38999938964844,71.33000183105469,71.33000183105469,202.0
2024-12-31 14:56:00+00:00,71.44999694824219,71.45999908447266,71.37999725341797,71.38999938964844,231.0
2024-12-31 14:57:00+00:00,71.5,71.5,71.44999694824219,71.44999694824219,377.0
2024-12-31 14:58:00+00:00,71.51000213623047,71.5199966430664,71.44999694824219,71.48999786376953,261.0
2024-12-31 14:59:00+00:00,71.55999755859375,71.55999755859375,71.5199966430664,71.5199966430664,366.0
2024-12-31 15:00:00+00:00,71.5,71.66000366210938,71.48999786376953,71.55000305175781,924.0
2024-12-31 15:01:00+00:00,71.45999908447266,71.51000213623047,71.44999694824219,71.5,305.0
2024-12-31 15:02:00+00:00,71.44000244140625,71.44999694824219,71.41999816894531,71.44999694824219,250.0
2024-12-31 15:03:00+00:00,71.41999816894531,71.44000244140625,71.4000015258789,71.43000030517578,133.0
2024-12-31 15:04:00+00:00,71.41999816894531,71.41999816894531,71.4000015258789,71.41000366210938,137.0
2024-12-31 15:05:00+00:00,71.36000061035156,71.41999816894531,71.33000183105469,71.41000366210938,421.0
2024-12-31 15:06:00+00:00,71.38999938964844,71.41000366210938,71.33999633789062,71.36000061035156,118.0
2024-12-31 15:07:00+00:00,71.38999938964844,71.43000030517578,71.38999938964844,71.38999938964844,77.0
2024-12-31 15:08:00+00:00,71.44999694824219,71.44999694824219,71.38999938964844,71.38999938964844,102.0
2024-12-31 15:09:00+00:00,71.48999786376953,71.48999786376953,71.44999694824219,71.44999694824219,87.0
2024-12-31 15:10:00+00:00,71.48999786376953,71.5,71.45999908447266,71.48999786376953,249.0
2024-12-31 15:11:00+00:00,71.41999816894531,71.48999786376953,71.41999816894531,71.48999786376953,109.0
2024-12-31 15:12:00+00:00,71.48999786376953,71.48999786376953,71.41999816894531,71.41999816894531,115.0
2024-12-31 15:13:00+00:00,71.55000305175781,71.55999755859375,71.5,71.5,297.0
2024-12-31 15:14:00+00:00,71.55999755859375,71.56999969482422,71.54000091552734,71.56999969482422,127.0
2024-12-31 15:15:00+00:00,71.58999633789062,71.58999633789062,71.54000091552734,71.55999755859375,214.0
2024-12-31 15:16:00+00:00,71.5999984741211,71.5999984741211,71.56999969482422,71.58999633789062,168.0
2024-12-31 15:17:00+00:00,71.5999984741211,71.62999725341797,71.58999633789062,71.5999984741211,370.0
2024-12-31 15:18:00+00:00,71.62000274658203,71.6500015258789,71.5999984741211,71.5999984741211,258.0
2024-12-31 15:19:00+00:00,71.6500015258789,71.66000366210938,71.62000274658203,71.62000274658203,272.0
2024-12-31 15:20:00+00:00,71.62999725341797,71.66000366210938,71.61000061035156,71.6500015258789,154.0
2024-12-31 15:21:00+00:00,71.62999725341797,71.66000366210938,71.62000274658203,71.62999725341797,186.0
2024-12-31 15:22:00+00:00,71.63999938964844,71.6500015258789,71.62000274658203,71.62999725341797,113.0
2024-12-31 15:23:00+00:00,71.58999633789062,71.6500015258789,71.58000183105469,71.62999725341797,270.0
2024-12-31 15:24:00+00:00,71.61000061035156,71.62000274658203,71.56999969482422,71.58999633789062,153.0
2024-12-31 15:25:00+00:00,71.56999969482422,71.62000274658203,71.54000091552734,71.58999633789062,396.0
2024-12-31 15:26:00+00:00,71.52999877929688,71.56999969482422,71.52999877929688,71.56999969482422,190.0
2024-12-31 15:27:00+00:00,71.62999725341797,71.63999938964844,71.52999877929688,71.52999877929688,253.0
2024-12-31 15:28:00+00:00,71.62000274658203,71.62999725341797,71.58000183105469,71.62999725341797,158.0
2024-12-31 15:29:00+00:00,71.61000061035156,71.62000274658203,71.58000183105469,71.62000274658203,269.0
2024-12-31 15:30:00+00:00,71.63999938964844,71.63999938964844,71.61000061035156,71.61000061035156,136.0
2024-12-31 15:31:00+00:00,71.61000061035156,71.6500015258789,71.5999984741211,71.6500015258789,171.0
2024-12-31 15:32:00+00:00,71.54000091552734,71.62000274658203,71.54000091552734,71.5999984741211,263.0
2024-12-31 15:33:00+00:00,71.52999877929688,71.54000091552734,71.51000213623047,71.54000091552734,227.0
2024-12-31 15:34:00+00:00,71.5199966430664,71.56999969482422,71.51000213623047,71.5199966430664,96.0
2024-12-31 15:35:00+00:00,71.55999755859375,71.55999755859375,71.5199966430664,71.52999877929688,115.0
2024-12-31 15:36:00+00:00,71.5999984741211,71.61000061035156,71.56999969482422,71.56999969482422,233.0
2024-12-31 15:37:00+00:00,71.62999725341797,71.62999725341797,71.5999984741211,71.5999984741211,135.0
2024-12-31 15:38:00+00:00,71.62000274658203,71.63999938964844,71.61000061035156,71.62000274658203,88.0
2024-12-31 15:39:00+00:00,71.61000061035156,71.62999725341797,71.5999984741211,71.62999725341797,88.0
2024-12-31 15:40:00+00:00,71.61000061035156,71.62999725341797,71.61000061035156,71.61000061035156,84.0
2024-12-31 15:41:00+00:00,71.62000274658203,71.63999938964844,71.62000274658203,71.62000274658203,68.0
2024-12-31 15:42:00+00:00,71.62999725341797,71.63999938964844,71.62000274658203,71.62000274658203,93.0
2024-12-31 15:43:00+00:00,71.62999725341797,71.6500015258789,71.61000061035156,71.62999725341797,161.0
2024-12-31 15:44:00+00:00,71.6500015258789,71.68000030517578,71.62999725341797,71.63999938964844,426.0
2024-12-31 15:45:00+00:00,71.58000183105469,71.66999816894531,71.56999969482422,71.6500015258789,277.0
2024-12-31 15:46:00+00:00,71.58000183105469,71.62000274658203,71.58000183105469,71.58999633789062,477.0
2024-12-31 15:47:00+00:00,71.58000183105469,71.58999633789062,71.56999969482422,71.58000183105469,92.0
2024-12-31 15:48:00+00:00,71.56999969482422,71.58999633789062,71.56999969482422,71.58999633789062,108.0
2024-12-31 15:49:00+00:00,71.58999633789062,71.62999725341797,71.58000183105469,71.58000183105469,112.0
2024-12-31 15:50:00+00:00,71.63999938964844,71.63999938964844,71.58999633789062,71.58999633789062,61.0
2024-12-31 15:51:00+00:00,71.66000366210938,71.66999816894531,71.6500015258789,71.66000366210938,111.0
2024-12-31 15:52:00+00:00,71.66000366210938,71.68000030517578,71.66000366210938,71.66000366210938,83.0
2024-12-31 15:53:00+00:00,71.68000030517578,71.68000030517578,71.6500015258789,71.66000366210938,88.0
2024-12-31 15:54:00+00:00,71.6500015258789,71.68000030517578,71.6500015258789,71.66999816894531,162.0
2024-12-31 15:55:00+00:00,71.66999816894531,71.66999816894531,71.6500015258789,71.6500015258789,80.0
2024-12-31 15:56:00+00:00,71.6500015258789,71.68000030517578,71.63999938964844,71.66999816894531,150.0
2024-12-31 15:57:00+00:00,71.69999694824219,71.69999694824219,71.63999938964844,71.66000366210938,174.0
2024-12-31 15:58:00+00:00,71.69000244140625,71.73999786376953,71.68000030517578,71.69999694824219,537.0
2024-12-31 15:59:00+00:00,71.66000366210938,71.68000030517578,71.6500015258789,71.68000030517578,151.0
2024-12-31 16:00:00+00:00,71.62999725341797,71.66999816894531,71.62999725341797,71.66000366210938,159.0
2024-12-31 16:01:00+00:00,71.5999984741211,71.6500015258789,71.58000183105469,71.62000274658203,271.0
2024-12-31 16:02:00+00:00,71.62000274658203,71.62999725341797,71.58000183105469,71.5999984741211,137.0
2024-12-31 16:03:00+00:00,71.63999938964844,71.6500015258789,71.61000061035156,71.61000061035156,108.0
2024-12-31 16:04:00+00:00,71.6500015258789,71.6500015258789,71.62999725341797,71.63999938964844,70.0
2024-12-31 16:05:00+00:00,71.7300033569336,71.73999786376953,71.66000366210938,71.66000366210938,306.0
2024-12-31 16:06:00+00:00,71.7300033569336,71.77999877929688,71.72000122070312,71.73999786376953,1006.0
2024-12-31 16:07:00+00:00,71.7699966430664,71.80000305175781,71.70999908447266,71.72000122070312,291.0
2024-12-31 16:08:00+00:00,71.7699966430664,71.80000305175781,71.7699966430664,71.77999877929688,290.0
2024-12-31 16:09:00+00:00,71.7699966430664,71.79000091552734,71.76000213623047,71.77999877929688,142.0
2024-12-31 16:10:00+00:00,71.73999786376953,71.77999877929688,71.72000122070312,71.77999877929688,244.0
2024-12-31 16:11:00+00:00,71.7300033569336,71.73999786376953,71.70999908447266,71.7300033569336,247.0
2024-12-31 16:12:00+00:00,71.69999694824219,71.73999786376953,71.69999694824219,71.73999786376953,138.0
2024-12-31 16:13:00+00:00,71.72000122070312,71.7300033569336,71.69000244140625,71.69999694824219,104.0
2024-12-31 16:14:00+00:00,71.7300033569336,71.7300033569336,71.69999694824219,71.7300033569336,93.0
2024-12-31 16:15:00+00:00,71.7699966430664,71.77999877929688,71.7300033569336,71.7300033569336,254.0
2024-12-31 16:16:00+00:00,71.76000213623047,71.80000305175781,71.76000213623047,71.7699966430664,218.0
2024-12-31 16:17:00+00:00,71.80999755859375,71.80999755859375,71.72000122070312,71.75,280.0
2024-12-31 16:18:00+00:00,71.77999877929688,71.80999755859375,71.7699966430664,71.80999755859375,173.0
2024-12-31 16:19:00+00:00,71.75,71.77999877929688,71.7300033569336,71.77999877929688,164.0
2024-12-31 16:20:00+00:00,71.75,71.75,71.7300033569336,71.75,91.0
2024-12-31 16:21:00+00:00,71.7699966430664,71.77999877929688,71.76000213623047,71.76000213623047,116.0
2024-12-31 16:22:00+00:00,71.73999786376953,71.7699966430664,71.73999786376953,71.7699966430664,92.0
2024-12-31 16:23:00+00:00,71.76000213623047,71.76000213623047,71.7300033569336,71.76000213623047,99.0
2024-12-31 16:24:00+00:00,71.73999786376953,71.76000213623047,71.7300033569336,71.76000213623047,105.0
2024-12-31 16:25:00+00:00,71.76000213623047,71.76000213623047,71.70999908447266,71.73999786376953,188.0
2024-12-31 16:26:00+00:00,71.79000091552734,71.79000091552734,71.76000213623047,71.76000213623047,236.0
2024-12-31 16:27:00+00:00,71.77999877929688,71.79000091552734,71.76000213623047,71.77999877929688,106.0
2024-12-31 16:28:00+00:00,71.77999877929688,71.79000091552734,71.76000213623047,71.77999877929688,123.0
2024-12-31 16:29:00+00:00,71.79000091552734,71.80999755859375,71.7699966430664,71.7699966430664,274.0
2024-12-31 16:30:00+00:00,71.80000305175781,71.80999755859375,71.77999877929688,71.79000091552734,263.0
2024-12-31 16:31:00+00:00,71.80999755859375,71.81999969482422,71.79000091552734,71.80000305175781,429.0
2024-12-31 16:32:00+00:00,71.80000305175781,71.81999969482422,71.7699966430664,71.80000305175781,253.0
2024-12-31 16:33:00+00:00,71.79000091552734,71.80000305175781,71.7699966430664,71.80000305175781,234.0
2024-12-31 16:34:00+00:00,71.77999877929688,71.79000091552734,71.7699966430664,71.77999877929688,96.0
2024-12-31 16:35:00+00:00,71.79000091552734,71.80000305175781,71.76000213623047,71.79000091552734,148.0
2024-12-31 16:36:00+00:00,71.80999755859375,71.81999969482422,71.79000091552734,71.79000091552734,298.0
2024-12-31 16:37:00+00:00,71.76000213623047,71.83999633789062,71.75,71.80999755859375,294.0
2024-12-31 16:38:00+00:00,71.7300033569336,71.7699966430664,71.7300033569336,71.76000213623047,244.0
2024-12-31 16:39:00+00:00,71.7300033569336,71.75,71.7300033569336,71.7300033569336,103.0
2024-12-31 16:40:00+00:00,71.7300033569336,71.7699966430664,71.7300033569336,71.73999786376953,164.0
2024-12-31 16:41:00+00:00,71.70999908447266,71.73999786376953,71.70999908447266,71.7300033569336,189.0
2024-12-31 16:42:00+00:00,71.73999786376953,71.75,71.70999908447266,71.70999908447266,111.0
2024-12-31 16:43:00+00:00,71.72000122070312,71.73999786376953,71.72000122070312,71.73999786376953,72.0
2024-12-31 16:44:00+00:00,71.72000122070312,71.73999786376953,71.72000122070312,71.7300033569336,61.0
2024-12-31 16:45:00+00:00,71.7300033569336,71.7300033569336,71.70999908447266,71.72000122070312,54.0
2024-12-31 16:46:00+00:00,71.68000030517578,71.73999786376953,71.66000366210938,71.7300033569336,209.0
2024-12-31 16:47:00+00:00,71.68000030517578,71.69000244140625,71.66000366210938,71.68000030517578,461.0
2024-12-31 16:48:00+00:00,71.69999694824219,71.69999694824219,71.66999816894531,71.68000030517578,157.0
2024-12-31 16:49:00+00:00,71.73999786376953,71.73999786376953,71.70999908447266,71.70999908447266,120.0
2024-12-31 16:50:00+00:00,71.80999755859375,71.80999755859375,71.75,71.75,233.0
2024-12-31 16:51:00+00:00,71.76000213623047,71.83000183105469,71.76000213623047,71.80999755859375,339.0
2024-12-31 16:52:00+00:00,71.77999877929688,71.80000305175781,71.75,71.76000213623047,204.0
2024-12-31 16:53:00+00:00,71.7699966430664,71.77999877929688,71.75,71.7699966430664,111.0
2024-12-31 16:54:00+00:00,71.79000091552734,71.80000305175781,71.76000213623047,71.7699966430664,215.0
2024-12-31 16:55:00+00:00,71.77999877929688,71.79000091552734,71.76000213623047,71.77999877929688,1555.0
2024-12-31 16:56:00+00:00,71.7699966430664,71.79000091552734,71.76000213623047,71.79000091552734,81.0
2024-12-31 16:57:00+00:00,71.7699966430664,71.77999877929688,71.76000213623047,71.7699966430664,91.0
2024-12-31 16:58:00+00:00,71.75,71.79000091552734,71.75,71.7699966430664,196.0
2024-12-31 16:59:00+00:00,71.72000122070312,71.75,71.70999908447266,71.73999786376953,173.0
2024-12-31 17:00:00+00:00,71.69999694824219,71.72000122070312,71.68000030517578,71.72000122070312,215.0
2024-12-31 17:01:00+00:00,71.6500015258789,71.70999908447266,71.62999725341797,71.69999694824219,1052.0
2024-12-31 17:02:00+00:00,71.6500015258789,71.66000366210938,71.63999938964844,71.6500015258789,326.0
2024-12-31 17:03:00+00:00,71.66999816894531,71.66999816894531,71.6500015258789,71.6500015258789,183.0
2024-12-31 17:04:00+00:00,71.68000030517578,71.69999694824219,71.66000366210938,71.66999816894531,183.0
2024-12-31 17:05:00+00:00,71.68000030517578,71.68000030517578,71.66999816894531,71.66999816894531,93.0
2024-12-31 17:06:00+00:00,71.68000030517578,71.69000244140625,71.66999816894531,71.69000244140625,105.0
2024-12-31 17:07:00+00:00,71.69999694824219,71.70999908447266,71.68000030517578,71.69000244140625,120.0
2024-12-31 17:08:00+00:00,71.68000030517578,71.69000244140625,71.66000366210938,71.69000244140625,156.0
2024-12-31 17:09:00+00:00,71.68000030517578,71.68000030517578,71.66999816894531,71.68000030517578,28.0
2024-12-31 17:10:00+00:00,71.69000244140625,71.69999694824219,71.66999816894531,71.66999816894531,196.0
2024-12-31 17:11:00+00:00,71.66000366210938,71.68000030517578,71.66000366210938,71.68000030517578,112.0
2024-12-31 17:12:00+00:00,71.68000030517578,71.69000244140625,71.58999633789062,71.6500015258789,508.0
2024-12-31 17:13:00+00:00,71.69000244140625,71.69000244140625,71.66000366210938,71.66999816894531,87.0
2024-12-31 17:14:00+00:00,71.69000244140625,71.69999694824219,71.68000030517578,71.69000244140625,189.0
2024-12-31 17:15:00+00:00,71.69000244140625,71.69999694824219,71.68000030517578,71.69000244140625,135.0
2024-12-31 17:16:00+00:00,71.72000122070312,71.7300033569336,71.69000244140625,71.69000244140625,342.0
2024-12-31 17:17:00+00:00,71.70999908447266,71.72000122070312,71.69000244140625,71.70999908447266,122.0
2024-12-31 17:18:00+00:00,71.69999694824219,71.69999694824219,71.68000030517578,71.69999694824219,90.0
2024-12-31 17:19:00+00:00,71.79000091552734,71.79000091552734,71.69999694824219,71.69999694824219,524.0
2024-12-31 17:20:00+00:00,71.7699966430664,71.80000305175781,71.7699966430664,71.79000091552734,155.0
2024-12-31 17:21:00+00:00,71.7699966430664,71.77999877929688,71.76000213623047,71.77999877929688,79.0
2024-12-31 17:22:00+00:00,71.77999877929688,71.79000091552734,71.7699966430664,71.7699966430664,182.0
2024-12-31 17:23:00+00:00,71.73999786376953,71.77999877929688,71.73999786376953,71.7699966430664,164.0
2024-12-31 17:24:00+00:00,71.77999877929688,71.79000091552734,71.73999786376953,71.73999786376953,101.0
2024-12-31 17:25:00+00:00,71.80000305175781,71.80999755859375,71.77999877929688,71.79000091552734,50.0
2024-12-31 17:26:00+00:00,71.83000183105469,71.83000183105469,71.80000305175781,71.80999755859375,131.0
2024-12-31 17:27:00+00:00,71.77999877929688,71.83000183105469,71.77999877929688,71.81999969482422,93.0
2024-12-31 17:28:00+00:00,71.77999877929688,71.79000091552734,71.76000213623047,71.77999877929688,215.0
2024-12-31 17:29:00+00:00,71.7699966430664,71.77999877929688,71.75,71.7699966430664,88.0
2024-12-31 17:30:00+00:00,71.75,71.7699966430664,71.75,71.7699966430664,90.0
2024-12-31 17:31:00+00:00,71.80000305175781,71.80000305175781,71.76000213623047,71.76000213623047,103.0
2024-12-31 17:32:00+00:00,71.77999877929688,71.80999755859375,71.7699966430664,71.80000305175781,193.0
2024-12-31 17:33:00+00:00,71.77999877929688,71.80000305175781,71.77999877929688,71.79000091552734,84.0
2024-12-31 17:34:00+00:00,71.80999755859375,71.81999969482422,71.77999877929688,71.79000091552734,199.0
2024-12-31 17:35:00+00:00,71.80000305175781,71.81999969482422,71.77999877929688,71.81999969482422,257.0
2024-12-31 17:36:00+00:00,71.80999755859375,71.80999755859375,71.80000305175781,71.80000305175781,77.0
2024-12-31 17:37:00+00:00,71.80000305175781,71.80999755859375,71.80000305175781,71.80999755859375,141.0
2024-12-31 17:38:00+00:00,71.80999755859375,71.80999755859375,71.80000305175781,71.80999755859375,47.0
2024-12-31 17:39:00+00:00,71.81999969482422,71.83000183105469,71.80000305175781,71.80999755859375,114.0
2024-12-31 17:40:00+00:00,71.81999969482422,71.83999633789062,71.80999755859375,71.80999755859375,110.0
2024-12-31 17:41:00+00:00,71.80999755859375,71.83000183105469,71.80999755859375,71.81999969482422,70.0
2024-12-31 17:42:00+00:00,71.80999755859375,71.81999969482422,71.80000305175781,71.80000305175781,98.0
2024-12-31 17:43:00+00:00,71.81999969482422,71.83999633789062,71.80999755859375,71.81999969482422,105.0
2024-12-31 17:44:00+00:00,71.81999969482422,71.83000183105469,71.80999755859375,71.81999969482422,81.0
2024-12-31 17:45:00+00:00,71.80999755859375,71.83000183105469,71.80999755859375,71.81999969482422,24.0
2024-12-31 17:46:00+00:00,71.79000091552734,71.81999969482422,71.79000091552734,71.80999755859375,187.0
2024-12-31 17:47:00+00:00,71.77999877929688,71.79000091552734,71.7699966430664,71.77999877929688,154.0
2024-12-31 17:48:00+00:00,71.76000213623047,71.77999877929688,71.76000213623047,71.77999877929688,182.0
2024-12-31 17:49:00+00:00,71.79000091552734,71.79000091552734,71.75,71.76000213623047,336.0
2024-12-31 17:50:00+00:00,71.81999969482422,71.83000183105469,71.79000091552734,71.79000091552734,124.0
2024-12-31 17:51:00+00:00,71.80000305175781,71.81999969482422,71.77999877929688,71.80999755859375,549.0
2024-12-31 17:52:00+00:00,71.80000305175781,71.81999969482422,71.79000091552734,71.80000305175781,144.0
2024-12-31 17:53:00+00:00,71.79000091552734,71.80999755859375,71.79000091552734,71.80000305175781,134.0
2024-12-31 17:54:00+00:00,71.80000305175781,71.80000305175781,71.79000091552734,71.80000305175781,151.0
2024-12-31 17:55:00+00:00,71.81999969482422,71.81999969482422,71.77999877929688,71.79000091552734,274.0
2024-12-31 17:56:00+00:00,71.79000091552734,71.81999969482422,71.77999877929688,71.81999969482422,57.0
2024-12-31 17:57:00+00:00,71.79000091552734,71.80000305175781,71.7699966430664,71.79000091552734,115.0
2024-12-31 17:58:00+00:00,71.79000091552734,71.80000305175781,71.77999877929688,71.79000091552734,31.0
2024-12-31 17:59:00+00:00,71.80000305175781,71.80999755859375,71.79000091552734,71.79000091552734,63.0
2024-12-31 18:00:00+00:00,71.80000305175781,71.80000305175781,71.79000091552734,71.79000091552734,53.0
2024-12-31 18:01:00+00:00,71.83000183105469,71.83000183105469,71.80000305175781,71.80000305175781,48.0
2024-12-31 18:02:00+00:00,71.86000061035156,71.86000061035156,71.81999969482422,71.81999969482422,140.0
2024-12-31 18:03:00+00:00,71.86000061035156,71.87000274658203,71.83999633789062,71.8499984741211,191.0
2024-12-31 18:04:00+00:00,71.9000015258789,71.91000366210938,71.8499984741211,71.87000274658203,826.0
2024-12-31 18:05:00+00:00,71.93000030517578,71.93000030517578,71.9000015258789,71.9000015258789,442.0
2024-12-31 18:06:00+00:00,71.94000244140625,71.94000244140625,71.88999938964844,71.91999816894531,323.0
2024-12-31 18:07:00+00:00,71.91999816894531,71.94999694824219,71.91999816894531,71.93000030517578,74.0
2024-12-31 18:08:00+00:00,71.94000244140625,71.94000244140625,71.93000030517578,71.93000030517578,111.0
2024-12-31 18:09:00+00:00,71.94000244140625,71.94000244140625,71.93000030517578,71.94000244140625,139.0
2024-12-31 18:10:00+00:00,71.94999694824219,71.94999694824219,71.91999816894531,71.93000030517578,197.0
2024-12-31 18:11:00+00:00,71.95999908447266,71.95999908447266,71.94000244140625,71.94999694824219,182.0
2024-12-31 18:12:00+00:00,71.95999908447266,71.97000122070312,71.94999694824219,71.94999694824219,203.0
2024-12-31 18:13:00+00:00,71.94999694824219,71.97000122070312,71.94000244140625,71.94999694824219,231.0
2024-12-31 18:14:00+00:00,71.97000122070312,71.97000122070312,71.94999694824219,71.94999694824219,109.0
2024-12-31 18:15:00+00:00,71.95999908447266,71.97000122070312,71.95999908447266,71.97000122070312,115.0
2024-12-31 18:16:00+00:00,71.94999694824219,71.9800033569336,71.94999694824219,71.95999908447266,173.0
2024-12-31 18:17:00+00:00,71.98999786376953,72.0,71.94999694824219,71.94999694824219,513.0
2024-12-31 18:18:00+00:00,71.9800033569336,72.0,71.9800033569336,71.98999786376953,100.0
2024-12-31 18:19:00+00:00,71.95999908447266,71.9800033569336,71.94999694824219,71.9800033569336,124.0
2024-12-31 18:20:00+00:00,71.98999786376953,72.0199966430664,71.95999908447266,71.95999908447266,508.0
2024-12-31 18:21:00+00:00,72.0,72.0,71.9800033569336,71.9800033569336,240.0
2024-12-31 18:22:00+00:00,71.9800033569336,72.0,71.97000122070312,71.98999786376953,300.0
2024-12-31 18:23:00+00:00,72.0,72.0,71.95999908447266,71.9800033569336,195.0
2024-12-31 18:24:00+00:00,72.0,72.0,71.9800033569336,71.98999786376953,181.0
2024-12-31 18:25:00+00:00,71.98999786376953,72.0,71.9800033569336,71.98999786376953,111.0
2024-12-31 18:26:00+00:00,71.97000122070312,71.98999786376953,71.97000122070312,71.98999786376953,121.0
2024-12-31 18:27:00+00:00,71.94999694824219,71.97000122070312,71.94999694824219,71.97000122070312,147.0
2024-12-31 18:28:00+00:00,71.94999694824219,71.95999908447266,71.93000030517578,71.95999908447266,228.0
2024-12-31 18:29:00+00:00,71.93000030517578,71.94000244140625,71.91999816894531,71.94000244140625,119.0
2024-12-31 18:30:00+00:00,71.9000015258789,71.93000030517578,71.88999938964844,71.93000030517578,269.0
2024-12-31 18:31:00+00:00,71.88999938964844,71.91000366210938,71.87999725341797,71.9000015258789,191.0
2024-12-31 18:32:00+00:00,71.87999725341797,71.88999938964844,71.87000274658203,71.88999938964844,208.0
2024-12-31 18:33:00+00:00,71.88999938964844,71.88999938964844,71.87000274658203,71.87000274658203,115.0
2024-12-31 18:34:00+00:00,71.87999725341797,71.9000015258789,71.87000274658203,71.88999938964844,130.0
2024-12-31 18:35:00+00:00,71.83999633789062,71.88999938964844,71.83000183105469,71.88999938964844,246.0
2024-12-31 18:36:00+00:00,71.81999969482422,71.83999633789062,71.81999969482422,71.83999633789062,126.0
2024-12-31 18:37:00+00:00,71.81999969482422,71.83000183105469,71.79000091552734,71.81999969482422,180.0
2024-12-31 18:38:00+00:00,71.83000183105469,71.83000183105469,71.80000305175781,71.81999969482422,269.0
2024-12-31 18:39:00+00:00,71.8499984741211,71.8499984741211,71.83000183105469,71.83999633789062,120.0
2024-12-31 18:40:00+00:00,71.83000183105469,71.8499984741211,71.80999755859375,71.83999633789062,122.0
2024-12-31 18:41:00+00:00,71.80999755859375,71.83000183105469,71.79000091552734,71.81999969482422,185.0
2024-12-31 18:42:00+00:00,71.7699966430664,71.80000305175781,71.76000213623047,71.80000305175781,780.0
2024-12-31 18:43:00+00:00,71.77999877929688,71.79000091552734,71.76000213623047,71.7699966430664,79.0
2024-12-31 18:44:00+00:00,71.80000305175781,71.80000305175781,71.7699966430664,71.77999877929688,45.0
2024-12-31 18:45:00+00:00,71.79000091552734,71.80000305175781,71.79000091552734,71.80000305175781,141.0
2024-12-31 18:46:00+00:00,71.79000091552734,71.80000305175781,71.77999877929688,71.77999877929688,47.0
2024-12-31 18:47:00+00:00,71.79000091552734,71.80000305175781,71.77999877929688,71.79000091552734,168.0
2024-12-31 18:48:00+00:00,71.81999969482422,71.83000183105469,71.80000305175781,71.80000305175781,643.0
2024-12-31 18:49:00+00:00,71.80000305175781,71.80999755859375,71.77999877929688,71.80999755859375,152.0
2024-12-31 18:50:00+00:00,71.81999969482422,71.83000183105469,71.80999755859375,71.80999755859375,130.0
2024-12-31 18:51:00+00:00,71.80000305175781,71.81999969482422,71.79000091552734,71.81999969482422,97.0
2024-12-31 18:52:00+00:00,71.79000091552734,71.83000183105469,71.79000091552734,71.79000091552734,470.0
2024-12-31 18:53:00+00:00,71.77999877929688,71.80999755859375,71.77999877929688,71.79000091552734,269.0
2024-12-31 18:54:00+00:00,71.80000305175781,71.80000305175781,71.7699966430664,71.77999877929688,155.0
2024-12-31 18:55:00+00:00,71.86000061035156,71.87000274658203,71.80000305175781,71.80000305175781,1182.0
2024-12-31 18:56:00+00:00,71.87999725341797,71.91000366210938,71.86000061035156,71.86000061035156,277.0
2024-12-31 18:57:00+00:00,71.86000061035156,71.87999725341797,71.83999633789062,71.87999725341797,156.0
2024-12-31 18:58:00+00:00,71.83999633789062,71.86000061035156,71.83000183105469,71.86000061035156,123.0
2024-12-31 18:59:00+00:00,71.8499984741211,71.8499984741211,71.83999633789062,71.83999633789062,79.0
2024-12-31 19:00:00+00:00,71.83000183105469,71.83999633789062,71.81999969482422,71.83999633789062,128.0
2024-12-31 19:01:00+00:00,71.86000061035156,71.87000274658203,71.83000183105469,71.83000183105469,69.0
2024-12-31 19:02:00+00:00,71.81999969482422,71.87000274658203,71.81999969482422,71.8499984741211,354.0
2024-12-31 19:03:00+00:00,71.83000183105469,71.83000183105469,71.81999969482422,71.83000183105469,96.0
2024-12-31 19:04:00+00:00,71.8499984741211,71.86000061035156,71.83000183105469,71.83000183105469,73.0
2024-12-31 19:05:00+00:00,71.83999633789062,71.87000274658203,71.83999633789062,71.8499984741211,136.0
2024-12-31 19:06:00+00:00,71.81999969482422,71.8499984741211,71.81999969482422,71.83999633789062,67.0
2024-12-31 19:07:00+00:00,71.80999755859375,71.83999633789062,71.80000305175781,71.81999969482422,166.0
2024-12-31 19:08:00+00:00,71.80000305175781,71.80999755859375,71.80000305175781,71.80999755859375,80.0
2024-12-31 19:09:00+00:00,71.77999877929688,71.79000091552734,71.75,71.77999877929688,222.0
2024-12-31 19:10:00+00:00,71.80999755859375,71.83999633789062,71.76000213623047,71.77999877929688,234.0
2024-12-31 19:11:00+00:00,71.81999969482422,71.83999633789062,71.80999755859375,71.81999969482422,76.0
2024-12-31 19:12:00+00:00,71.83000183105469,71.83999633789062,71.81999969482422,71.83000183105469,255.0
2024-12-31 19:13:00+00:00,71.83000183105469,71.83999633789062,71.81999969482422,71.83000183105469,63.0
2024-12-31 19:14:00+00:00,71.8499984741211,71.86000061035156,71.83000183105469,71.83000183105469,143.0
2024-12-31 19:15:00+00:00,71.80999755859375,71.8499984741211,71.80000305175781,71.8499984741211,277.0
2024-12-31 19:16:00+00:00,71.83000183105469,71.83999633789062,71.80999755859375,71.80999755859375,137.0
2024-12-31 19:17:00+00:00,71.83000183105469,71.8499984741211,71.81999969482422,71.83000183105469,129.0
2024-12-31 19:18:00+00:00,71.87999725341797,71.88999938964844,71.83999633789062,71.83999633789062,228.0
2024-12-31 19:19:00+00:00,71.91000366210938,71.91000366210938,71.87000274658203,71.87999725341797,109.0
2024-12-31 19:20:00+00:00,71.9000015258789,71.91000366210938,71.87999725341797,71.91000366210938,282.0
2024-12-31 19:21:00+00:00,71.9000015258789,71.93000030517578,71.9000015258789,71.9000015258789,245.0
2024-12-31 19:22:00+00:00,71.91000366210938,71.91000366210938,71.9000015258789,71.91000366210938,205.0
2024-12-31 19:23:00+00:00,71.83000183105469,71.91999816894531,71.81999969482422,71.91000366210938,553.0
2024-12-31 19:24:00+00:00,71.83000183105469,71.8499984741211,71.81999969482422,71.83000183105469,450.0
2024-12-31 19:25:00+00:00,71.80000305175781,71.81999969482422,71.77999877929688,71.81999969482422,1261.0
2024-12-31 19:26:00+00:00,71.7699966430664,71.80999755859375,71.7699966430664,71.80000305175781,666.0
2024-12-31 19:27:00+00:00,71.80999755859375,71.80999755859375,71.7699966430664,71.7699966430664,338.0
2024-12-31 19:28:00+00:00,71.69000244140625,71.81999969482422,71.66999816894531,71.81999969482422,3801.0
2024-12-31 19:29:00+00:00,71.73999786376953,71.73999786376953,71.69000244140625,71.69000244140625,3024.0
2024-12-31 19:30:00+00:00,71.76000213623047,71.7699966430664,71.72000122070312,71.73999786376953,507.0
2024-12-31 19:31:00+00:00,71.76000213623047,71.7699966430664,71.7300033569336,71.76000213623047,480.0
2024-12-31 19:32:00+00:00,71.7699966430664,71.7699966430664,71.75,71.7699966430664,188.0
2024-12-31 19:33:00+00:00,71.79000091552734,71.80999755859375,71.76000213623047,71.7699966430664,285.0
2024-12-31 19:34:00+00:00,71.80999755859375,71.80999755859375,71.79000091552734,71.79000091552734,162.0
2024-12-31 19:35:00+00:00,71.80000305175781,71.80999755859375,71.80000305175781,71.80999755859375,228.0
2024-12-31 19:36:00+00:00,71.80000305175781,71.80000305175781,71.80000305175781,71.80000305175781,37.0
2024-12-31 19:37:00+00:00,71.79000091552734,71.80999755859375,71.79000091552734,71.80000305175781,87.0
2024-12-31 19:38:00+00:00,71.81999969482422,71.81999969482422,71.79000091552734,71.79000091552734,365.0
2024-12-31 19:39:00+00:00,71.83000183105469,71.83000183105469,71.80999755859375,71.81999969482422,74.0
2024-12-31 19:40:00+00:00,71.83999633789062,71.8499984741211,71.81999969482422,71.83000183105469,410.0
2024-12-31 19:41:00+00:00,71.83999633789062,71.8499984741211,71.83000183105469,71.83999633789062,148.0
2024-12-31 19:42:00+00:00,71.83999633789062,71.8499984741211,71.83999633789062,71.8499984741211,54.0
2024-12-31 19:43:00+00:00,71.83000183105469,71.83999633789062,71.83000183105469,71.83999633789062,68.0
2024-12-31 19:44:00+00:00,71.8499984741211,71.8499984741211,71.83000183105469,71.83000183105469,53.0
2024-12-31 19:45:00+00:00,71.83000183105469,71.8499984741211,71.83000183105469,71.8499984741211,121.0
2024-12-31 19:46:00+00:00,71.81999969482422,71.83999633789062,71.81999969482422,71.83000183105469,101.0
2024-12-31 19:47:00+00:00,71.80999755859375,71.81999969482422,71.80999755859375,71.81999969482422,39.0
2024-12-31 19:48:00+00:00,71.81999969482422,71.81999969482422,71.81999969482422,71.81999969482422,17.0
2024-12-31 19:49:00+00:00,71.83000183105469,71.83000183105469,71.81999969482422,71.81999969482422,30.0
2024-12-31 19:50:00+00:00,71.8499984741211,71.86000061035156,71.83000183105469,71.83000183105469,68.0
2024-12-31 19:51:00+00:00,71.83999633789062,71.83999633789062,71.83999633789062,71.83999633789062,23.0
2024-12-31 19:52:00+00:00,71.87999725341797,71.87999725341797,71.83999633789062,71.83999633789062,92.0
2024-12-31 19:53:00+00:00,71.88999938964844,71.88999938964844,71.87999725341797,71.87999725341797,30.0
2024-12-31 19:54:00+00:00,71.87999725341797,71.88999938964844,71.87000274658203,71.88999938964844,58.0
2024-12-31 19:55:00+00:00,71.88999938964844,71.91000366210938,71.86000061035156,71.87999725341797,123.0
2024-12-31 19:56:00+00:00,71.9000015258789,71.91000366210938,71.88999938964844,71.9000015258789,81.0
2024-12-31 19:57:00+00:00,71.91000366210938,71.91000366210938,71.9000015258789,71.9000015258789,64.0
2024-12-31 19:58:00+00:00,71.93000030517578,71.93000030517578,71.91000366210938,71.91000366210938,104.0
2024-12-31 19:59:00+00:00,71.91000366210938,71.93000030517578,71.91000366210938,71.93000030517578,80.0
2024-12-31 20:00:00+00:00,71.91999816894531,71.94000244140625,71.91000366210938,71.94000244140625,120.0
2024-12-31 20:01:00+00:00,71.9000015258789,71.91000366210938,71.9000015258789,71.91000366210938,25.0
2024-12-31 20:02:00+00:00,71.91000366210938,71.91000366210938,71.9000015258789,71.9000015258789,16.0
2024-12-31 20:03:00+00:00,71.9000015258789,71.91000366210938,71.9000015258789,71.91000366210938,22.0
2024-12-31 20:04:00+00:00,71.9000015258789,71.9000015258789,71.9000015258789,71.9000015258789,3.0
2024-12-31 20:05:00+00:00,71.9000015258789,71.91000366210938,71.88999938964844,71.9000015258789,7.0
2024-12-31 20:06:00+00:00,71.9000015258789,71.9000015258789,71.9000015258789,71.9000015258789,14.0
2024-12-31 20:07:00+00:00,71.88999938964844,71.9000015258789,71.88999938964844,71.9000015258789,20.0
2024-12-31 20:08:00+00:00,71.88999938964844,71.88999938964844,71.87999725341797,71.88999938964844,15.0
2024-12-31 20:09:00+00:00,71.88999938964844,71.88999938964844,71.87999725341797,71.88999938964844,18.0
2024-12-31 20:10:00+00:00,71.87000274658203,71.87999725341797,71.87000274658203,71.87999725341797,20.0
2024-12-31 20:11:00+00:00,71.86000061035156,71.87000274658203,71.86000061035156,71.87000274658203,14.0
2024-12-31 20:12:00+00:00,71.86000061035156,71.87999725341797,71.86000061035156,71.87999725341797,16.0
2024-12-31 20:13:00+00:00,71.83999633789062,71.86000061035156,71.83999633789062,71.8499984741211,32.0
2024-12-31 20:14:00+00:00,71.86000061035156,71.86000061035156,71.83000183105469,71.83000183105469,63.0
2024-12-31 20:15:00+00:00,71.83999633789062,71.86000061035156,71.83999633789062,71.8499984741211,38.0
2024-12-31 20:16:00+00:00,71.8499984741211,71.86000061035156,71.8499984741211,71.86000061035156,19.0
2024-12-31 20:17:00+00:00,71.8499984741211,71.86000061035156,71.8499984741211,71.8499984741211,10.0
2024-12-31 20:18:00+00:00,71.86000061035156,71.87000274658203,71.8499984741211,71.8499984741211,21.0
2024-12-31 20:19:00+00:00,71.8499984741211,71.87000274658203,71.8499984741211,71.86000061035156,9.0
2024-12-31 20:20:00+00:00,71.86000061035156,71.86000061035156,71.86000061035156,71.86000061035156,8.0
2024-12-31 20:21:00+00:00,71.86000061035156,71.87000274658203,71.8499984741211,71.87000274658203,19.0
2024-12-31 20:22:00+00:00,71.8499984741211,71.86000061035156,71.8499984741211,71.8499984741211,11.0
2024-12-31 20:23:00+00:00,71.86000061035156,71.86000061035156,71.8499984741211,71.8499984741211,24.0
2024-12-31 20:24:00+00:00,71.86000061035156,71.86000061035156,71.8499984741211,71.8499984741211,11.0
2024-12-31 20:25:00+00:00,71.86000061035156,71.86000061035156,71.8499984741211,71.86000061035156,6.0
2024-12-31 20:26:00+00:00,71.87999725341797,71.88999938964844,71.8499984741211,71.8499984741211,60.0
2024-12-31 20:27:00+00:00,71.87000274658203,71.88999938964844,71.86000061035156,71.87999725341797,22.0
2024-12-31 20:28:00+00:00,71.87000274658203,71.87999725341797,71.86000061035156,71.86000061035156,17.0
2024-12-31 20:29:00+00:00,71.86000061035156,71.86000061035156,71.83999633789062,71.86000061035156,54.0
2024-12-31 20:30:00+00:00,71.86000061035156,71.87999725341797,71.8499984741211,71.87000274658203,24.0
2024-12-31 20:31:00+00:00,71.83000183105469,71.86000061035156,71.83000183105469,71.86000061035156,26.0
2024-12-31 20:32:00+00:00,71.83000183105469,71.8499984741211,71.83000183105469,71.83999633789062,38.0
2024-12-31 20:33:00+00:00,71.83999633789062,71.83999633789062,71.81999969482422,71.83999633789062,14.0
2024-12-31 20:34:00+00:00,71.83000183105469,71.83999633789062,71.81999969482422,71.83999633789062,20.0
2024-12-31 20:35:00+00:00,71.83999633789062,71.83999633789062,71.81999969482422,71.83000183105469,85.0
2024-12-31 20:36:00+00:00,71.83999633789062,71.83999633789062,71.83000183105469,71.83999633789062,48.0
2024-12-31 20:37:00+00:00,71.83000183105469,71.83999633789062,71.83000183105469,71.83000183105469,19.0
2024-12-31 20:38:00+00:00,71.81999969482422,71.83000183105469,71.81999969482422,71.83000183105469,3.0
2024-12-31 20:39:00+00:00,71.80999755859375,71.81999969482422,71.80999755859375,71.81999969482422,23.0
2024-12-31 20:40:00+00:00,71.81999969482422,71.81999969482422,71.80999755859375,71.81999969482422,27.0
2024-12-31 20:41:00+00:00,71.80000305175781,71.80999755859375,71.79000091552734,71.80999755859375,47.0
2024-12-31 20:42:00+00:00,71.80999755859375,71.81999969482422,71.79000091552734,71.79000091552734,43.0
2024-12-31 20:43:00+00:00,71.80000305175781,71.80000305175781,71.79000091552734,71.80000305175781,24.0
2024-12-31 20:44:00+00:00,71.80999755859375,71.80999755859375,71.79000091552734,71.80000305175781,11.0
2024-12-31 20:45:00+00:00,71.80999755859375,71.81999969482422,71.80999755859375,71.80999755859375,56.0
2024-12-31 20:46:00+00:00,71.80999755859375,71.81999969482422,71.80999755859375,71.81999969482422,10.0
2024-12-31 20:47:00+00:00,71.80999755859375,71.80999755859375,71.80000305175781,71.80999755859375,7.0
2024-12-31 20:48:00+00:00,71.80999755859375,71.81999969482422,71.80999755859375,71.80999755859375,15.0
2024-12-31 20:49:00+00:00,71.79000091552734,71.80000305175781,71.79000091552734,71.80000305175781,22.0
2024-12-31 20:50:00+00:00,71.77999877929688,71.77999877929688,71.77999877929688,71.77999877929688,18.0
2024-12-31 20:51:00+00:00,71.80000305175781,71.80999755859375,71.77999877929688,71.77999877929688,73.0
2024-12-31 20:52:00+00:00,71.79000091552734,71.80000305175781,71.77999877929688,71.80000305175781,25.0
2024-12-31 20:53:00+00:00,71.80000305175781,71.80000305175781,71.79000091552734,71.79000091552734,7.0
2024-12-31 20:54:00+00:00,71.79000091552734,71.80999755859375,71.79000091552734,71.80999755859375,31.0
2024-12-31 20:55:00+00:00,71.80000305175781,71.80000305175781,71.79000091552734,71.79000091552734,49.0
2024-12-31 20:56:00+00:00,71.80000305175781,71.80000305175781,71.80000305175781,71.80000305175781,6.0
2024-12-31 20:57:00+00:00,71.79000091552734,71.79000091552734,71.7699966430664,71.79000091552734,40.0
2024-12-31 20:58:00+00:00,71.80000305175781,71.80999755859375,71.79000091552734,71.79000091552734,76.0
2024-12-31 20:59:00+00:00,71.77999877929688,71.80999755859375,71.77999877929688,71.80000305175781,98.0
2024-12-31 21:00:00+00:00,71.79000091552734,71.80000305175781,71.77999877929688,71.77999877929688,68.0
2024-12-31 21:01:00+00:00,71.77999877929688,71.79000091552734,71.77999877929688,71.77999877929688,3.0
2024-12-31 21:02:00+00:00,71.7699966430664,71.79000091552734,71.7699966430664,71.79000091552734,15.0
2024-12-31 21:03:00+00:00,71.76000213623047,71.77999877929688,71.75,71.77999877929688,25.0
2024-12-31 21:04:00+00:00,71.75,71.76000213623047,71.75,71.76000213623047,15.0
2024-12-31 21:05:00+00:00,71.75,71.75,71.73999786376953,71.75,30.0
2024-12-31 21:06:00+00:00,71.76000213623047,71.76000213623047,71.75,71.76000213623047,15.0
2024-12-31 21:07:00+00:00,71.75,71.76000213623047,71.73999786376953,71.76000213623047,38.0
2024-12-31 21:08:00+00:00,71.75,71.76000213623047,71.75,71.75,11.0
2024-12-31 21:09:00+00:00,71.7699966430664,71.7699966430664,71.76000213623047,71.76000213623047,9.0
2024-12-31 21:10:00+00:00,71.7699966430664,71.7699966430664,71.76000213623047,71.7699966430664,16.0
2024-12-31 21:11:00+00:00,71.7699966430664,71.7699966430664,71.76000213623047,71.7699966430664,24.0
2024-12-31 21:13:00+00:00,71.7699966430664,71.7699966430664,71.7699966430664,71.7699966430664,5.0
2024-12-31 21:14:00+00:00,71.75,71.77999877929688,71.75,71.77999877929688,23.0
2024-12-31 21:15:00+00:00,71.75,71.75,71.73999786376953,71.75,50.0
2024-12-31 21:16:00+00:00,71.75,71.75,71.73999786376953,71.73999786376953,47.0
2024-12-31 21:17:00+00:00,71.75,71.75,71.73999786376953,71.75,5.0
2024-12-31 21:18:00+00:00,71.76000213623047,71.76000213623047,71.76000213623047,71.76000213623047,2.0
2024-12-31 21:19:00+00:00,71.76000213623047,71.76000213623047,71.75,71.76000213623047,17.0
2024-12-31 21:20:00+00:00,71.75,71.75,71.75,71.75,2.0
2024-12-31 21:21:00+00:00,71.76000213623047,71.76000213623047,71.75,71.75,11.0
2024-12-31 21:22:00+00:00,71.76000213623047,71.76000213623047,71.76000213623047,71.76000213623047,5.0
2024-12-31 21:23:00+00:00,71.77999877929688,71.77999877929688,71.7699966430664,71.7699966430664,10.0
2024-12-31 21:25:00+00:00,71.7699966430664,71.7699966430664,71.7699966430664,71.7699966430664,23.0
2024-12-31 21:26:00+00:00,71.77999877929688,71.77999877929688,71.7699966430664,71.77999877929688,33.0
2024-12-31 21:27:00+00:00,71.79000091552734,71.79000091552734,71.77999877929688,71.77999877929688,47.0
2024-12-31 21:28:00+00:00,71.79000091552734,71.79000091552734,71.79000091552734,71.79000091552734,6.0
2024-12-31 21:29:00+00:00,71.79000091552734,71.80000305175781,71.79000091552734,71.79000091552734,24.0
2024-12-31 21:30:00+00:00,71.75,71.80000305175781,71.72000122070312,71.79000091552734,127.0
2024-12-31 21:31:00+00:00,71.76000213623047,71.79000091552734,71.73999786376953,71.76000213623047,41.0
2024-12-31 21:32:00+00:00,71.7699966430664,71.7699966430664,71.76000213623047,71.76000213623047,2.0
2024-12-31 21:33:00+00:00,71.77999877929688,71.77999877929688,71.7699966430664,71.7699966430664,8.0
2024-12-31 21:34:00+00:00,71.80000305175781,71.80000305175781,71.7699966430664,71.7699966430664,17.0
2024-12-31 21:35:00+00:00,71.81999969482422,71.81999969482422,71.7699966430664,71.80000305175781,31.0
2024-12-31 21:36:00+00:00,71.80999755859375,71.81999969482422,71.80000305175781,71.80000305175781,11.0
2024-12-31 21:37:00+00:00,71.81999969482422,71.81999969482422,71.80999755859375,71.81999969482422,8.0
2024-12-31 21:38:00+00:00,71.81999969482422,71.81999969482422,71.81999969482422,71.81999969482422,1.0
2024-12-31 21:39:00+00:00,71.80000305175781,71.83000183105469,71.77999877929688,71.81999969482422,37.0
2024-12-31 21:40:00+00:00,71.80999755859375,71.80999755859375,71.79000091552734,71.79000091552734,56.0
2024-12-31 21:41:00+00:00,71.83999633789062,71.83999633789062,71.80000305175781,71.80999755859375,240.0
2024-12-31 21:42:00+00:00,71.8499984741211,71.8499984741211,71.81999969482422,71.83000183105469,55.0
2024-12-31 21:43:00+00:00,71.8499984741211,71.8499984741211,71.83999633789062,71.8499984741211,7.0
2024-12-31 21:44:00+00:00,71.80999755859375,71.8499984741211,71.80999755859375,71.8499984741211,13.0
2024-12-31 21:45:00+00:00,71.81999969482422,71.81999969482422,71.80000305175781,71.80000305175781,14.0
2024-12-31 21:46:00+00:00,71.80999755859375,71.81999969482422,71.80999755859375,71.80999755859375,10.0
2024-12-31 21:47:00+00:00,71.80000305175781,71.81999969482422,71.80000305175781,71.81999969482422,12.0
2024-12-31 21:48:00+00:00,71.80999755859375,71.80999755859375,71.80000305175781,71.80000305175781,3.0
2024-12-31 21:49:00+00:00,71.81999969482422,71.83999633789062,71.80999755859375,71.80999755859375,18.0
2024-12-31 21:50:00+00:00,71.83000183105469,71.83000183105469,71.80999755859375,71.81999969482422,17.0
2024-12-31 21:51:00+00:00,71.83999633789062,71.83999633789062,71.83000183105469,71.83999633789062,10.0
2024-12-31 21:52:00+00:00,71.83999633789062,71.83999633789062,71.83999633789062,71.83999633789062,3.0
2024-12-31 21:53:00+00:00,71.8499984741211,71.8499984741211,71.83999633789062,71.83999633789062,33.0
2024-12-31 21:54:00+00:00,71.8499984741211,71.8499984741211,71.83999633789062,71.83999633789062,9.0
2024-12-31 21:55:00+00:00,71.8499984741211,71.86000061035156,71.8499984741211,71.8499984741211,8.0
2024-12-31 21:57:00+00:00,71.87000274658203,71.87000274658203,71.86000061035156,71.86000061035156,7.0
2024-12-31 21:59:00+00:00,71.87000274658203,71.9000015258789,71.86000061035156,71.87000274658203,134177.0
2025-01-01 23:00:00+00:00,71.81999969482422,71.97000122070312,71.80000305175781,71.94000244140625,0.0
2025-01-01 23:01:00+00:00,71.80999755859375,71.83999633789062,71.80999755859375,71.83000183105469,103.0
2025-01-01 23:02:00+00:00,71.9000015258789,71.9000015258789,71.81999969482422,71.81999969482422,45.0
2025-01-01 23:03:00+00:00,71.91999816894531,71.94999694824219,71.88999938964844,71.88999938964844,87.0
2025-01-01 23:04:00+00:00,71.94000244140625,71.94000244140625,71.88999938964844,71.88999938964844,71.0
2025-01-01 23:05:00+00:00,71.94000244140625,71.94999694824219,71.91000366210938,71.94000244140625,38.0
2025-01-01 23:06:00+00:00,71.91999816894531,71.94000244140625,71.91999816894531,71.94000244140625,22.0
2025-01-01 23:07:00+00:00,71.93000030517578,71.93000030517578,71.91999816894531,71.91999816894531,4.0
2025-01-01 23:08:00+00:00,71.95999908447266,71.95999908447266,71.93000030517578,71.93000030517578,15.0
2025-01-01 23:09:00+00:00,71.9800033569336,71.9800033569336,71.94999694824219,71.95999908447266,53.0
2025-01-01 23:10:00+00:00,71.98999786376953,71.98999786376953,71.9800033569336,71.9800033569336,4.0
2025-01-01 23:11:00+00:00,71.9800033569336,72.01000213623047,71.97000122070312,71.9800033569336,70.0
2025-01-01 23:12:00+00:00,71.98999786376953,71.98999786376953,71.9800033569336,71.9800033569336,11.0
2025-01-01 23:13:00+00:00,71.98999786376953,72.0,71.9800033569336,72.0,26.0
2025-01-01 23:14:00+00:00,71.9800033569336,72.0,71.9800033569336,72.0,26.0
2025-01-01 23:15:00+00:00,71.97000122070312,71.9800033569336,71.97000122070312,71.97000122070312,8.0
2025-01-01 23:16:00+00:00,71.95999908447266,71.97000122070312,71.95999908447266,71.97000122070312,12.0
2025-01-01 23:17:00+00:00,71.95999908447266,71.95999908447266,71.95999908447266,71.95999908447266,3.0
2025-01-01 23:18:00+00:00,71.95999908447266,71.95999908447266,71.95999908447266,71.95999908447266,7.0
2025-01-01 23:19:00+00:00,71.93000030517578,71.95999908447266,71.91000366210938,71.95999908447266,46.0
2025-01-01 23:20:00+00:00,71.91000366210938,71.93000030517578,71.91000366210938,71.93000030517578,10.0
2025-01-01 23:21:00+00:00,71.9000015258789,71.91000366210938,71.88999938964844,71.91000366210938,14.0
2025-01-01 23:22:00+00:00,71.91999816894531,71.91999816894531,71.9000015258789,71.9000015258789,15.0
2025-01-01 23:23:00+00:00,71.91999816894531,71.93000030517578,71.91000366210938,71.91000366210938,14.0
2025-01-01 23:24:00+00:00,71.94000244140625,71.94000244140625,71.91999816894531,71.93000030517578,16.0
2025-01-01 23:25:00+00:00,71.91000366210938,71.94999694824219,71.91000366210938,71.94999694824219,23.0
2025-01-01 23:26:00+00:00,71.91999816894531,71.91999816894531,71.9000015258789,71.91000366210938,183.0
2025-01-01 23:27:00+00:00,71.93000030517578,71.93000030517578,71.91999816894531,71.93000030517578,60.0
2025-01-01 23:28:00+00:00,71.94000244140625,71.94000244140625,71.91999816894531,71.91999816894531,17.0
2025-01-01 23:29:00+00:00,71.95999908447266,71.95999908447266,71.94999694824219,71.94999694824219,5.0
2025-01-01 23:30:00+00:00,71.94999694824219,71.97000122070312,71.94000244140625,71.95999908447266,33.0
2025-01-01 23:31:00+00:00,71.94000244140625,71.94999694824219,71.94000244140625,71.94999694824219,8.0
2025-01-01 23:32:00+00:00,71.93000030517578,71.94000244140625,71.91999816894531,71.94000244140625,5.0
2025-01-01 23:33:00+00:00,71.94000244140625,71.94000244140625,71.91999816894531,71.94000244140625,5.0
2025-01-01 23:34:00+00:00,71.93000030517578,71.93000030517578,71.93000030517578,71.93000030517578,6.0
2025-01-01 23:35:00+00:00,71.93000030517578,71.93000030517578,71.91999816894531,71.93000030517578,5.0
2025-01-01 23:36:00+00:00,71.97000122070312,71.97000122070312,71.94000244140625,71.94000244140625,12.0
2025-01-01 23:37:00+00:00,71.97000122070312,71.97000122070312,71.95999908447266,71.95999908447266,14.0
2025-01-01 23:38:00+00:00,71.97000122070312,71.97000122070312,71.97000122070312,71.97000122070312,14.0
2025-01-01 23:39:00+00:00,71.94999694824219,71.97000122070312,71.94000244140625,71.97000122070312,35.0
2025-01-01 23:40:00+00:00,71.94000244140625,71.94000244140625,71.94000244140625,71.94000244140625,4.0
2025-01-01 23:41:00+00:00,71.93000030517578,71.94000244140625,71.93000030517578,71.94000244140625,22.0
2025-01-01 23:42:00+00:00,71.93000030517578,71.94000244140625,71.93000030517578,71.93000030517578,13.0
2025-01-01 23:43:00+00:00,71.93000030517578,71.93000030517578,71.93000030517578,71.93000030517578,2.0
2025-01-01 23:44:00+00:00,71.93000030517578,71.93000030517578,71.91999816894531,71.93000030517578,7.0
2025-01-01 23:45:00+00:00,71.93000030517578,71.93000030517578,71.93000030517578,71.93000030517578,5.0
2025-01-01 23:46:00+00:00,71.91999816894531,71.93000030517578,71.91999816894531,71.93000030517578,2.0
2025-01-01 23:47:00+00:00,71.93000030517578,71.93000030517578,71.93000030517578,71.93000030517578,8.0
2025-01-01 23:48:00+00:00,71.94000244140625,71.94999694824219,71.94000244140625,71.94000244140625,14.0
2025-01-01 23:49:00+00:00,71.95999908447266,71.95999908447266,71.94999694824219,71.94999694824219,6.0
2025-01-01 23:50:00+00:00,71.97000122070312,71.97000122070312,71.95999908447266,71.95999908447266,3.0
2025-01-01 23:52:00+00:00,71.9800033569336,71.9800033569336,71.97000122070312,71.97000122070312,27.0
2025-01-01 23:53:00+00:00,71.98999786376953,71.98999786376953,71.9800033569336,71.9800033569336,5.0
2025-01-01 23:54:00+00:00,71.98999786376953,71.98999786376953,71.98999786376953,71.98999786376953,1.0
2025-01-01 23:55:00+00:00,71.9800033569336,72.0,71.9800033569336,71.98999786376953,9.0
2025-01-01 23:56:00+00:00,71.9800033569336,71.98999786376953,71.9800033569336,71.9800033569336,6.0
2025-01-01 23:57:00+00:00,71.98999786376953,71.98999786376953,71.98999786376953,71.98999786376953,2.0
2025-01-01 23:58:00+00:00,71.98999786376953,71.98999786376953,71.98999786376953,71.98999786376953,9.0
2025-01-01 23:59:00+00:00,72.05999755859375,72.06999969482422,71.98999786376953,71.98999786376953,145.0
2025-01-02 00:00:00+00:00,72.0199966430664,72.08000183105469,72.0199966430664,72.05999755859375,44.0
2025-01-02 00:01:00+00:00,72.0199966430664,72.02999877929688,72.0199966430664,72.0199966430664,19.0
2025-01-02 00:02:00+00:00,72.0,72.04000091552734,72.0,72.02999877929688,24.0
2025-01-02 00:03:00+00:00,72.0,72.01000213623047,71.98999786376953,71.98999786376953,27.0
2025-01-02 00:04:00+00:00,71.9800033569336,72.0,71.9800033569336,72.0,17.0
2025-01-02 00:05:00+00:00,71.98999786376953,71.98999786376953,71.9800033569336,71.9800033569336,7.0
2025-01-02 00:06:00+00:00,71.9800033569336,71.9800033569336,71.9800033569336,71.9800033569336,8.0
2025-01-02 00:07:00+00:00,71.95999908447266,71.98999786376953,71.95999908447266,71.9800033569336,15.0
2025-01-02 00:08:00+00:00,72.02999877929688,72.04000091552734,71.97000122070312,71.97000122070312,36.0
2025-01-02 00:09:00+00:00,72.06999969482422,72.06999969482422,72.02999877929688,72.02999877929688,58.0
2025-01-02 00:10:00+00:00,72.02999877929688,72.08000183105469,72.02999877929688,72.06999969482422,46.0
2025-01-02 00:11:00+00:00,72.02999877929688,72.04000091552734,72.02999877929688,72.04000091552734,10.0
2025-01-02 00:12:00+00:00,72.0199966430664,72.02999877929688,72.0199966430664,72.02999877929688,21.0
2025-01-02 00:13:00+00:00,72.01000213623047,72.01000213623047,71.98999786376953,72.0,46.0
2025-01-02 00:14:00+00:00,72.02999877929688,72.05999755859375,72.01000213623047,72.01000213623047,14.0
2025-01-02 00:15:00+00:00,72.04000091552734,72.06999969482422,72.0199966430664,72.0199966430664,43.0
2025-01-02 00:16:00+00:00,72.0199966430664,72.04000091552734,72.0199966430664,72.04000091552734,11.0
2025-01-02 00:17:00+00:00,72.0199966430664,72.04000091552734,72.01000213623047,72.0199966430664,33.0
2025-01-02 00:18:00+00:00,72.0199966430664,72.02999877929688,72.01000213623047,72.0199966430664,15.0
2025-01-02 00:19:00+00:00,72.0199966430664,72.0199966430664,72.01000213623047,72.01000213623047,4.0
2025-01-02 00:20:00+00:00,72.01000213623047,72.0199966430664,72.01000213623047,72.01000213623047,11.0
2025-01-02 00:21:00+00:00,72.01000213623047,72.0199966430664,72.01000213623047,72.01000213623047,12.0
2025-01-02 00:22:00+00:00,72.0199966430664,72.0199966430664,72.01000213623047,72.01000213623047,5.0
2025-01-02 00:23:00+00:00,72.05000305175781,72.05000305175781,72.0199966430664,72.0199966430664,28.0
2025-01-02 00:24:00+00:00,72.05000305175781,72.05000305175781,72.04000091552734,72.05000305175781,11.0
2025-01-02 00:25:00+00:00,72.04000091552734,72.04000091552734,72.04000091552734,72.04000091552734,1.0
2025-01-02 00:26:00+00:00,72.04000091552734,72.05000305175781,72.04000091552734,72.05000305175781,8.0
2025-01-02 00:28:00+00:00,72.0199966430664,72.04000091552734,72.0199966430664,72.04000091552734,24.0
2025-01-02 00:29:00+00:00,71.98999786376953,72.0199966430664,71.98999786376953,72.0199966430664,31.0
2025-01-02 00:30:00+00:00,71.97000122070312,71.98999786376953,71.95999908447266,71.98999786376953,57.0
2025-01-02 00:31:00+00:00,71.97000122070312,71.97000122070312,71.97000122070312,71.97000122070312,3.0
2025-01-02 00:32:00+00:00,71.97000122070312,71.97000122070312,71.97000122070312,71.97000122070312,1.0
2025-01-02 00:33:00+00:00,71.9800033569336,71.9800033569336,71.97000122070312,71.9800033569336,21.0
2025-01-02 00:34:00+00:00,71.98999786376953,71.98999786376953,71.9800033569336,71.9800033569336,14.0
2025-01-02 00:35:00+00:00,71.98999786376953,72.0,71.98999786376953,72.0,7.0
2025-01-02 00:37:00+00:00,71.9800033569336,71.98999786376953,71.9800033569336,71.98999786376953,3.0
2025-01-02 00:38:00+00:00,71.98999786376953,71.98999786376953,71.98999786376953,71.98999786376953,5.0
2025-01-02 00:39:00+00:00,71.97000122070312,71.9800033569336,71.97000122070312,71.9800033569336,19.0
2025-01-02 00:40:00+00:00,71.9800033569336,71.9800033569336,71.9800033569336,71.9800033569336,3.0
2025-01-02 00:41:00+00:00,71.9800033569336,71.9800033569336,71.9800033569336,71.9800033569336,2.0
2025-01-02 00:43:00+00:00,71.9800033569336,71.9800033569336,71.97000122070312,71.9800033569336,5.0
2025-01-02 00:44:00+00:00,72.0,72.0,71.98999786376953,71.98999786376953,18.0
2025-01-02 00:45:00+00:00,72.01000213623047,72.01000213623047,71.98999786376953,72.0,31.0
2025-01-02 00:46:00+00:00,72.04000091552734,72.04000091552734,72.0199966430664,72.0199966430664,21.0
2025-01-02 00:47:00+00:00,72.05000305175781,72.05000305175781,72.04000091552734,72.04000091552734,27.0
2025-01-02 00:48:00+00:00,72.0199966430664,72.05000305175781,72.0199966430664,72.05000305175781,22.0
2025-01-02 00:49:00+00:00,72.02999877929688,72.02999877929688,72.0199966430664,72.0199966430664,9.0
2025-01-02 00:51:00+00:00,72.02999877929688,72.02999877929688,72.02999877929688,72.02999877929688,3.0
2025-01-02 00:52:00+00:00,72.02999877929688,72.02999877929688,72.0199966430664,72.0199966430664,10.0
2025-01-02 00:53:00+00:00,72.05999755859375,72.05999755859375,72.02999877929688,72.02999877929688,13.0
2025-01-02 00:54:00+00:00,72.05000305175781,72.05000305175781,72.04000091552734,72.05000305175781,9.0
2025-01-02 00:55:00+00:00,72.05000305175781,72.05000305175781,72.04000091552734,72.05000305175781,8.0
2025-01-02 00:56:00+00:00,72.05000305175781,72.05000305175781,72.05000305175781,72.05000305175781,10.0
2025-01-02 00:57:00+00:00,72.04000091552734,72.05000305175781,72.04000091552734,72.05000305175781,9.0
2025-01-02 00:58:00+00:00,72.05000305175781,72.05000305175781,72.05000305175781,72.05000305175781,4.0
2025-01-02 00:59:00+00:00,72.06999969482422,72.08000183105469,72.05999755859375,72.05999755859375,27.0
2025-01-02 01:00:00+00:00,72.20999908447266,72.23999786376953,72.0199966430664,72.08000183105469,1102.0
2025-01-02 01:01:00+00:00,72.11000061035156,72.22000122070312,72.08000183105469,72.20999908447266,224.0
2025-01-02 01:02:00+00:00,72.0999984741211,72.13999938964844,72.0999984741211,72.12000274658203,65.0
2025-01-02 01:03:00+00:00,72.16999816894531,72.18000030517578,72.12000274658203,72.12000274658203,101.0
2025-01-02 01:04:00+00:00,72.19000244140625,72.19999694824219,72.1500015258789,72.16999816894531,140.0
2025-01-02 01:05:00+00:00,72.16999816894531,72.20999908447266,72.16000366210938,72.18000030517578,63.0
2025-01-02 01:06:00+00:00,72.1500015258789,72.16999816894531,72.1500015258789,72.16000366210938,25.0
2025-01-02 01:07:00+00:00,72.19999694824219,72.20999908447266,72.1500015258789,72.16000366210938,173.0
2025-01-02 01:08:00+00:00,72.19000244140625,72.22000122070312,72.16000366210938,72.19000244140625,148.0
2025-01-02 01:09:00+00:00,72.18000030517578,72.22000122070312,72.18000030517578,72.19999694824219,57.0
2025-01-02 01:10:00+00:00,72.16000366210938,72.19000244140625,72.16000366210938,72.18000030517578,42.0
2025-01-02 01:11:00+00:00,72.16999816894531,72.16999816894531,72.1500015258789,72.16999816894531,22.0
2025-01-02 01:12:00+00:00,72.11000061035156,72.16999816894531,72.11000061035156,72.16000366210938,62.0
2025-01-02 01:13:00+00:00,72.12000274658203,72.12000274658203,72.0999984741211,72.0999984741211,34.0
2025-01-02 01:14:00+00:00,72.13999938964844,72.13999938964844,72.12000274658203,72.12000274658203,15.0
2025-01-02 01:15:00+00:00,72.16000366210938,72.16000366210938,72.13999938964844,72.13999938964844,10.0
2025-01-02 01:16:00+00:00,72.16999816894531,72.16999816894531,72.16000366210938,72.16000366210938,18.0
2025-01-02 01:17:00+00:00,72.18000030517578,72.19000244140625,72.16999816894531,72.18000030517578,41.0
2025-01-02 01:18:00+00:00,72.18000030517578,72.18000030517578,72.16000366210938,72.16999816894531,22.0
2025-01-02 01:19:00+00:00,72.16000366210938,72.16999816894531,72.1500015258789,72.16999816894531,38.0
2025-01-02 01:20:00+00:00,72.16999816894531,72.19000244140625,72.1500015258789,72.1500015258789,12.0
2025-01-02 01:21:00+00:00,72.18000030517578,72.19000244140625,72.16000366210938,72.16999816894531,12.0
2025-01-02 01:22:00+00:00,72.18000030517578,72.18000030517578,72.16999816894531,72.18000030517578,14.0
2025-01-02 01:23:00+00:00,72.20999908447266,72.20999908447266,72.16999816894531,72.18000030517578,23.0
2025-01-02 01:24:00+00:00,72.19999694824219,72.20999908447266,72.19000244140625,72.19999694824219,12.0
2025-01-02 01:25:00+00:00,72.19999694824219,72.22000122070312,72.19000244140625,72.19000244140625,56.0
2025-01-02 01:26:00+00:00,72.19000244140625,72.19999694824219,72.18000030517578,72.19999694824219,22.0
2025-01-02 01:27:00+00:00,72.18000030517578,72.19000244140625,72.16999816894531,72.18000030517578,11.0
2025-01-02 01:28:00+00:00,72.20999908447266,72.20999908447266,72.19000244140625,72.19000244140625,6.0
2025-01-02 01:29:00+00:00,72.19999694824219,72.19999694824219,72.19000244140625,72.19000244140625,31.0
2025-01-02 01:30:00+00:00,72.2300033569336,72.2300033569336,72.19999694824219,72.19999694824219,67.0
2025-01-02 01:31:00+00:00,72.2699966430664,72.29000091552734,72.22000122070312,72.2300033569336,147.0
2025-01-02 01:32:00+00:00,72.23999786376953,72.27999877929688,72.23999786376953,72.2699966430664,62.0
2025-01-02 01:33:00+00:00,72.19999694824219,72.2300033569336,72.18000030517578,72.2300033569336,29.0
2025-01-02 01:34:00+00:00,72.19999694824219,72.19999694824219,72.18000030517578,72.19999694824219,21.0
2025-01-02 01:35:00+00:00,72.16000366210938,72.19000244140625,72.13999938964844,72.19000244140625,81.0
2025-01-02 01:36:00+00:00,72.19999694824219,72.19999694824219,72.16999816894531,72.16999816894531,23.0
2025-01-02 01:37:00+00:00,72.22000122070312,72.23999786376953,72.19999694824219,72.19999694824219,35.0
2025-01-02 01:38:00+00:00,72.25,72.26000213623047,72.2300033569336,72.2300033569336,28.0
2025-01-02 01:39:00+00:00,72.20999908447266,72.26000213623047,72.20999908447266,72.25,55.0
2025-01-02 01:40:00+00:00,72.20999908447266,72.20999908447266,72.19999694824219,72.20999908447266,19.0
2025-01-02 01:41:00+00:00,72.22000122070312,72.22000122070312,72.19000244140625,72.20999908447266,23.0
2025-01-02 01:42:00+00:00,72.2300033569336,72.23999786376953,72.19999694824219,72.2300033569336,11.0
2025-01-02 01:43:00+00:00,72.22000122070312,72.25,72.22000122070312,72.2300033569336,36.0
2025-01-02 01:44:00+00:00,72.23999786376953,72.23999786376953,72.22000122070312,72.2300033569336,28.0
2025-01-02 01:45:00+00:00,72.2300033569336,72.26000213623047,72.2300033569336,72.25,55.0
2025-01-02 01:46:00+00:00,72.20999908447266,72.23999786376953,72.20999908447266,72.2300033569336,8.0
2025-01-02 01:47:00+00:00,72.16000366210938,72.19999694824219,72.1500015258789,72.19999694824219,56.0
2025-01-02 01:48:00+00:00,72.19000244140625,72.19999694824219,72.18000030517578,72.18000030517578,23.0
2025-01-02 01:49:00+00:00,72.19000244140625,72.19999694824219,72.19000244140625,72.19000244140625,36.0
2025-01-02 01:50:00+00:00,72.16000366210938,72.19999694824219,72.1500015258789,72.19999694824219,29.0
2025-01-02 01:51:00+00:00,72.19000244140625,72.19000244140625,72.16999816894531,72.16999816894531,38.0
2025-01-02 01:52:00+00:00,72.19000244140625,72.19000244140625,72.18000030517578,72.19000244140625,14.0
2025-01-02 01:53:00+00:00,72.18000030517578,72.18000030517578,72.16999816894531,72.18000030517578,22.0
2025-01-02 01:54:00+00:00,72.19000244140625,72.19000244140625,72.18000030517578,72.19000244140625,13.0
2025-01-02 01:55:00+00:00,72.20999908447266,72.20999908447266,72.19000244140625,72.19000244140625,11.0
2025-01-02 01:56:00+00:00,72.18000030517578,72.19999694824219,72.16999816894531,72.19999694824219,65.0
2025-01-02 01:57:00+00:00,72.1500015258789,72.18000030517578,72.1500015258789,72.18000030517578,11.0
2025-01-02 01:58:00+00:00,72.13999938964844,72.1500015258789,72.13999938964844,72.1500015258789,12.0
2025-01-02 01:59:00+00:00,72.16000366210938,72.16000366210938,72.12000274658203,72.12999725341797,52.0
2025-01-02 02:00:00+00:00,72.1500015258789,72.16999816894531,72.12999725341797,72.1500015258789,21.0
2025-01-02 02:01:00+00:00,72.18000030517578,72.19000244140625,72.13999938964844,72.1500015258789,27.0
2025-01-02 02:02:00+00:00,72.1500015258789,72.16999816894531,72.1500015258789,72.16999816894531,19.0
2025-01-02 02:03:00+00:00,72.11000061035156,72.1500015258789,72.11000061035156,72.1500015258789,51.0
2025-01-02 02:04:00+00:00,72.08999633789062,72.11000061035156,72.08000183105469,72.0999984741211,46.0
2025-01-02 02:05:00+00:00,72.11000061035156,72.11000061035156,72.08999633789062,72.08999633789062,17.0
2025-01-02 02:06:00+00:00,72.13999938964844,72.13999938964844,72.0999984741211,72.0999984741211,23.0
2025-01-02 02:07:00+00:00,72.12999725341797,72.13999938964844,72.12000274658203,72.13999938964844,15.0
2025-01-02 02:08:00+00:00,72.1500015258789,72.1500015258789,72.12000274658203,72.1500015258789,127.0
2025-01-02 02:09:00+00:00,72.16999816894531,72.18000030517578,72.16000366210938,72.16000366210938,47.0
2025-01-02 02:10:00+00:00,72.1500015258789,72.16000366210938,72.1500015258789,72.16000366210938,12.0
2025-01-02 02:11:00+00:00,72.1500015258789,72.1500015258789,72.12999725341797,72.12999725341797,16.0
2025-01-02 02:12:00+00:00,72.12999725341797,72.16999816894531,72.12999725341797,72.16000366210938,32.0
2025-01-02 02:13:00+00:00,72.12000274658203,72.12999725341797,72.11000061035156,72.12000274658203,21.0
2025-01-02 02:14:00+00:00,72.12000274658203,72.12999725341797,72.11000061035156,72.12000274658203,14.0
2025-01-02 02:15:00+00:00,72.08000183105469,72.12000274658203,72.08000183105469,72.12000274658203,20.0
2025-01-02 02:16:00+00:00,72.06999969482422,72.08999633789062,72.06999969482422,72.08999633789062,47.0
2025-01-02 02:17:00+00:00,72.06999969482422,72.08000183105469,72.05999755859375,72.05999755859375,30.0
2025-01-02 02:18:00+00:00,72.06999969482422,72.06999969482422,72.05999755859375,72.06999969482422,18.0
2025-01-02 02:19:00+00:00,72.08000183105469,72.08999633789062,72.06999969482422,72.06999969482422,11.0
2025-01-02 02:20:00+00:00,72.08999633789062,72.08999633789062,72.08000183105469,72.08000183105469,5.0
2025-01-02 02:21:00+00:00,72.08999633789062,72.08999633789062,72.08999633789062,72.08999633789062,7.0
2025-01-02 02:22:00+00:00,72.08000183105469,72.0999984741211,72.08000183105469,72.08999633789062,16.0
2025-01-02 02:23:00+00:00,72.06999969482422,72.08000183105469,72.05999755859375,72.08000183105469,19.0
2025-01-02 02:24:00+00:00,72.05999755859375,72.08000183105469,72.05999755859375,72.06999969482422,49.0
2025-01-02 02:26:00+00:00,72.08999633789062,72.08999633789062,72.06999969482422,72.08000183105469,10.0
2025-01-02 02:27:00+00:00,72.11000061035156,72.12000274658203,72.08999633789062,72.08999633789062,53.0
2025-01-02 02:28:00+00:00,72.11000061035156,72.11000061035156,72.0999984741211,72.0999984741211,13.0
2025-01-02 02:29:00+00:00,72.0999984741211,72.11000061035156,72.08999633789062,72.11000061035156,76.0
2025-01-02 02:31:00+00:00,72.08000183105469,72.11000061035156,72.08000183105469,72.08999633789062,42.0
2025-01-02 02:32:00+00:00,72.08000183105469,72.08999633789062,72.05000305175781,72.08000183105469,70.0
2025-01-02 02:33:00+00:00,72.08000183105469,72.08000183105469,72.05000305175781,72.08000183105469,53.0
2025-01-02 02:34:00+00:00,72.06999969482422,72.08000183105469,72.06999969482422,72.08000183105469,24.0
2025-01-02 02:35:00+00:00,72.06999969482422,72.08999633789062,72.06999969482422,72.06999969482422,34.0
2025-01-02 02:36:00+00:00,72.05000305175781,72.08000183105469,72.02999877929688,72.08000183105469,51.0
2025-01-02 02:37:00+00:00,72.05000305175781,72.06999969482422,72.05000305175781,72.05000305175781,27.0
2025-01-02 02:38:00+00:00,72.05999755859375,72.05999755859375,72.05000305175781,72.05000305175781,8.0
2025-01-02 02:39:00+00:00,72.06999969482422,72.08000183105469,72.05000305175781,72.05000305175781,21.0
2025-01-02 02:40:00+00:00,72.06999969482422,72.08000183105469,72.06999969482422,72.08000183105469,11.0
2025-01-02 02:41:00+00:00,72.05999755859375,72.06999969482422,72.05000305175781,72.06999969482422,9.0
2025-01-02 02:42:00+00:00,72.05999755859375,72.05999755859375,72.05999755859375,72.05999755859375,8.0
2025-01-02 02:43:00+00:00,72.06999969482422,72.06999969482422,72.05999755859375,72.05999755859375,9.0
2025-01-02 02:44:00+00:00,72.06999969482422,72.08000183105469,72.06999969482422,72.08000183105469,9.0
2025-01-02 02:45:00+00:00,72.08000183105469,72.08000183105469,72.08000183105469,72.08000183105469,1.0
2025-01-02 02:46:00+00:00,72.08999633789062,72.08999633789062,72.08000183105469,72.08000183105469,31.0
2025-01-02 02:47:00+00:00,72.0999984741211,72.0999984741211,72.08999633789062,72.08999633789062,11.0
2025-01-02 02:48:00+00:00,72.0999984741211,72.0999984741211,72.0999984741211,72.0999984741211,22.0
2025-01-02 02:49:00+00:00,72.08000183105469,72.11000061035156,72.08000183105469,72.11000061035156,63.0
2025-01-02 02:50:00+00:00,72.08999633789062,72.08999633789062,72.08000183105469,72.08000183105469,6.0
2025-01-02 02:51:00+00:00,72.0999984741211,72.0999984741211,72.0999984741211,72.0999984741211,11.0
2025-01-02 02:52:00+00:00,72.11000061035156,72.11000061035156,72.0999984741211,72.11000061035156,24.0
2025-01-02 02:53:00+00:00,72.0999984741211,72.11000061035156,72.0999984741211,72.11000061035156,34.0
2025-01-02 02:54:00+00:00,72.11000061035156,72.11000061035156,72.0999984741211,72.11000061035156,6.0
2025-01-02 02:55:00+00:00,72.16000366210938,72.16000366210938,72.11000061035156,72.11000061035156,67.0
2025-01-02 02:56:00+00:00,72.16000366210938,72.16999816894531,72.13999938964844,72.1500015258789,48.0
2025-01-02 02:57:00+00:00,72.12999725341797,72.1500015258789,72.12999725341797,72.13999938964844,22.0
2025-01-02 02:58:00+00:00,72.1500015258789,72.1500015258789,72.12999725341797,72.12999725341797,13.0
2025-01-02 02:59:00+00:00,72.1500015258789,72.1500015258789,72.1500015258789,72.1500015258789,11.0
2025-01-02 03:00:00+00:00,72.12999725341797,72.1500015258789,72.12999725341797,72.1500015258789,12.0
2025-01-02 03:01:00+00:00,72.11000061035156,72.12999725341797,72.11000061035156,72.12999725341797,9.0
2025-01-02 03:02:00+00:00,72.08999633789062,72.11000061035156,72.08999633789062,72.11000061035156,16.0
2025-01-02 03:03:00+00:00,72.0999984741211,72.0999984741211,72.08000183105469,72.08000183105469,10.0
2025-01-02 03:04:00+00:00,72.12000274658203,72.12000274658203,72.0999984741211,72.0999984741211,6.0
2025-01-02 03:05:00+00:00,72.11000061035156,72.12000274658203,72.11000061035156,72.12000274658203,14.0
2025-01-02 03:06:00+00:00,72.0999984741211,72.12000274658203,72.0999984741211,72.11000061035156,14.0
2025-01-02 03:07:00+00:00,72.08999633789062,72.0999984741211,72.06999969482422,72.08999633789062,24.0
2025-01-02 03:08:00+00:00,72.06999969482422,72.08999633789062,72.06999969482422,72.08999633789062,23.0
2025-01-02 03:09:00+00:00,72.08000183105469,72.08000183105469,72.06999969482422,72.06999969482422,12.0
2025-01-02 03:10:00+00:00,72.0999984741211,72.0999984741211,72.08999633789062,72.08999633789062,8.0
2025-01-02 03:11:00+00:00,72.06999969482422,72.08999633789062,72.06999969482422,72.08999633789062,12.0
2025-01-02 03:12:00+00:00,72.08000183105469,72.08000183105469,72.06999969482422,72.06999969482422,6.0
2025-01-02 03:13:00+00:00,72.06999969482422,72.08000183105469,72.06999969482422,72.08000183105469,7.0
2025-01-02 03:14:00+00:00,72.05999755859375,72.05999755859375,72.05999755859375,72.05999755859375,14.0
2025-01-02 03:15:00+00:00,72.06999969482422,72.08000183105469,72.05999755859375,72.05999755859375,45.0
2025-01-02 03:16:00+00:00,72.06999969482422,72.06999969482422,72.05999755859375,72.06999969482422,14.0
2025-01-02 03:17:00+00:00,72.08000183105469,72.08999633789062,72.06999969482422,72.06999969482422,10.0
2025-01-02 03:18:00+00:00,72.08000183105469,72.08999633789062,72.08000183105469,72.08000183105469,46.0
2025-01-02 03:19:00+00:00,72.08999633789062,72.08999633789062,72.08999633789062,72.08999633789062,3.0
2025-01-02 03:20:00+00:00,72.08000183105469,72.08000183105469,72.08000183105469,72.08000183105469,2.0
2025-01-02 03:21:00+00:00,72.05999755859375,72.06999969482422,72.05999755859375,72.05999755859375,9.0
2025-01-02 03:22:00+00:00,72.06999969482422,72.06999969482422,72.06999969482422,72.06999969482422,2.0
2025-01-02 03:23:00+00:00,72.04000091552734,72.06999969482422,72.0199966430664,72.05999755859375,60.0
2025-01-02 03:24:00+00:00,72.02999877929688,72.05000305175781,72.02999877929688,72.05000305175781,13.0
2025-01-02 03:25:00+00:00,72.0199966430664,72.04000091552734,72.0,72.02999877929688,52.0
2025-01-02 03:26:00+00:00,72.0199966430664,72.02999877929688,72.0,72.02999877929688,70.0
2025-01-02 03:27:00+00:00,72.04000091552734,72.04000091552734,72.02999877929688,72.02999877929688,10.0
2025-01-02 03:29:00+00:00,72.04000091552734,72.06999969482422,72.04000091552734,72.06999969482422,23.0
2025-01-02 03:30:00+00:00,72.05999755859375,72.06999969482422,72.02999877929688,72.04000091552734,22.0
2025-01-02 03:32:00+00:00,72.06999969482422,72.06999969482422,72.06999969482422,72.06999969482422,7.0
2025-01-02 03:33:00+00:00,72.08999633789062,72.08999633789062,72.06999969482422,72.06999969482422,12.0
2025-01-02 03:34:00+00:00,72.08000183105469,72.08999633789062,72.08000183105469,72.08999633789062,6.0
2025-01-02 03:35:00+00:00,72.0999984741211,72.0999984741211,72.08000183105469,72.08999633789062,26.0
2025-01-02 03:36:00+00:00,72.11000061035156,72.11000061035156,72.0999984741211,72.11000061035156,7.0
2025-01-02 03:37:00+00:00,72.08999633789062,72.0999984741211,72.06999969482422,72.08000183105469,40.0
2025-01-02 03:38:00+00:00,72.05999755859375,72.06999969482422,72.05999755859375,72.06999969482422,10.0
2025-01-02 03:41:00+00:00,72.05000305175781,72.05000305175781,72.05000305175781,72.05000305175781,1.0
2025-01-02 03:42:00+00:00,72.05000305175781,72.05999755859375,72.05000305175781,72.05000305175781,3.0
2025-01-02 03:43:00+00:00,72.04000091552734,72.05000305175781,72.04000091552734,72.05000305175781,30.0
2025-01-02 03:44:00+00:00,72.04000091552734,72.05000305175781,72.04000091552734,72.05000305175781,15.0
2025-01-02 03:45:00+00:00,72.04000091552734,72.04000091552734,72.02999877929688,72.04000091552734,8.0
2025-01-02 03:46:00+00:00,72.04000091552734,72.04000091552734,72.04000091552734,72.04000091552734,2.0
2025-01-02 03:48:00+00:00,72.06999969482422,72.06999969482422,72.05000305175781,72.05000305175781,11.0
2025-01-02 03:49:00+00:00,72.05999755859375,72.05999755859375,72.05999755859375,72.05999755859375,3.0
2025-01-02 03:50:00+00:00,72.05999755859375,72.05999755859375,72.05000305175781,72.05999755859375,6.0
2025-01-02 03:53:00+00:00,72.05000305175781,72.05999755859375,72.05000305175781,72.05000305175781,16.0
2025-01-02 03:54:00+00:00,72.05000305175781,72.05999755859375,72.05000305175781,72.05000305175781,6.0
2025-01-02 03:55:00+00:00,72.05000305175781,72.05999755859375,72.05000305175781,72.05000305175781,11.0
2025-01-02 03:56:00+00:00,72.05000305175781,72.05999755859375,72.05000305175781,72.05000305175781,40.0
2025-01-02 03:58:00+00:00,72.02999877929688,72.05000305175781,72.02999877929688,72.05000305175781,35.0
2025-01-02 03:59:00+00:00,72.04000091552734,72.04000091552734,72.02999877929688,72.02999877929688,17.0
2025-01-02 04:00:00+00:00,72.0199966430664,72.04000091552734,72.0199966430664,72.04000091552734,17.0
2025-01-02 04:01:00+00:00,72.01000213623047,72.0199966430664,72.01000213623047,72.0199966430664,11.0
2025-01-02 04:02:00+00:00,72.01000213623047,72.0199966430664,72.01000213623047,72.0199966430664,10.0
2025-01-02 04:03:00+00:00,72.01000213623047,72.0199966430664,72.0,72.0199966430664,30.0
2025-01-02 04:04:00+00:00,72.01000213623047,72.01000213623047,72.01000213623047,72.01000213623047,1.0
2025-01-02 04:05:00+00:00,71.98999786376953,72.01000213623047,71.9800033569336,72.01000213623047,60.0
2025-01-02 04:06:00+00:00,72.0,72.0,71.98999786376953,71.98999786376953,8.0
2025-01-02 04:07:00+00:00,72.01000213623047,72.01000213623047,72.0,72.0,54.0
2025-01-02 04:08:00+00:00,72.01000213623047,72.0199966430664,72.0,72.0199966430664,12.0
2025-01-02 04:10:00+00:00,72.0199966430664,72.0199966430664,72.01000213623047,72.01000213623047,8.0
2025-01-02 04:11:00+00:00,72.0199966430664,72.02999877929688,72.0199966430664,72.0199966430664,13.0
2025-01-02 04:12:00+00:00,72.0199966430664,72.0199966430664,72.0199966430664,72.0199966430664,4.0
2025-01-02 04:13:00+00:00,72.0,72.02999877929688,71.98999786376953,72.02999877929688,48.0
2025-01-02 04:14:00+00:00,72.0,72.0,72.0,72.0,16.0
2025-01-02 04:15:00+00:00,71.98999786376953,72.0,71.98999786376953,71.98999786376953,22.0
2025-01-02 04:16:00+00:00,71.98999786376953,71.98999786376953,71.98999786376953,71.98999786376953,16.0
2025-01-02 04:17:00+00:00,71.97000122070312,71.98999786376953,71.97000122070312,71.98999786376953,29.0
2025-01-02 04:18:00+00:00,71.95999908447266,71.97000122070312,71.94000244140625,71.97000122070312,43.0
2025-01-02 04:19:00+00:00,71.94999694824219,71.97000122070312,71.94999694824219,71.95999908447266,20.0
2025-01-02 04:20:00+00:00,71.94999694824219,71.94999694824219,71.94999694824219,71.94999694824219,3.0
2025-01-02 04:21:00+00:00,71.94999694824219,71.95999908447266,71.94999694824219,71.94999694824219,25.0
2025-01-02 04:22:00+00:00,71.94999694824219,71.95999908447266,71.94999694824219,71.94999694824219,9.0
2025-01-02 04:24:00+00:00,71.94999694824219,71.94999694824219,71.94000244140625,71.94000244140625,103.0
2025-01-02 04:26:00+00:00,71.94999694824219,71.94999694824219,71.94999694824219,71.94999694824219,2.0
2025-01-02 04:27:00+00:00,71.95999908447266,71.95999908447266,71.95999908447266,71.95999908447266,5.0
2025-01-02 04:29:00+00:00,71.94000244140625,71.94999694824219,71.94000244140625,71.94999694824219,7.0
2025-01-02 04:30:00+00:00,71.93000030517578,71.94000244140625,71.93000030517578,71.94000244140625,16.0
2025-01-02 04:31:00+00:00,71.94000244140625,71.94000244140625,71.93000030517578,71.93000030517578,10.0
2025-01-02 04:32:00+00:00,71.94000244140625,71.94999694824219,71.94000244140625,71.94000244140625,13.0
2025-01-02 04:33:00+00:00,71.94000244140625,71.94000244140625,71.94000244140625,71.94000244140625,3.0
2025-01-02 04:34:00+00:00,71.94000244140625,71.94000244140625,71.94000244140625,71.94000244140625,7.0
2025-01-02 04:35:00+00:00,71.94999694824219,71.94999694824219,71.94000244140625,71.94000244140625,5.0
2025-01-02 04:36:00+00:00,71.94999694824219,71.94999694824219,71.94999694824219,71.94999694824219,1.0
2025-01-02 04:37:00+00:00,71.94000244140625,71.94999694824219,71.94000244140625,71.94999694824219,3.0
2025-01-02 04:38:00+00:00,71.94000244140625,71.94999694824219,71.94000244140625,71.94999694824219,2.0
2025-01-02 04:39:00+00:00,71.93000030517578,71.94999694824219,71.93000030517578,71.94999694824219,24.0
2025-01-02 04:40:00+00:00,71.94000244140625,71.94999694824219,71.93000030517578,71.93000030517578,7.0
2025-01-02 04:41:00+00:00,71.94999694824219,71.94999694824219,71.94000244140625,71.94000244140625,9.0
2025-01-02 04:42:00+00:00,71.94000244140625,71.94999694824219,71.94000244140625,71.94999694824219,5.0
2025-01-02 04:44:00+00:00,71.93000030517578,71.94000244140625,71.93000030517578,71.94000244140625,12.0
2025-01-02 04:45:00+00:00,71.91999816894531,71.93000030517578,71.91999816894531,71.91999816894531,20.0
2025-01-02 04:46:00+00:00,71.91000366210938,71.91000366210938,71.91000366210938,71.91000366210938,2.0
2025-01-02 04:48:00+00:00,71.9000015258789,71.91000366210938,71.9000015258789,71.91000366210938,13.0
2025-01-02 04:49:00+00:00,71.91999816894531,71.91999816894531,71.9000015258789,71.91000366210938,10.0
2025-01-02 04:50:00+00:00,71.93000030517578,71.93000030517578,71.91999816894531,71.91999816894531,6.0
2025-01-02 04:51:00+00:00,71.94000244140625,71.94999694824219,71.93000030517578,71.93000030517578,40.0
2025-01-02 04:52:00+00:00,71.94000244140625,71.94000244140625,71.93000030517578,71.93000030517578,13.0
2025-01-02 04:53:00+00:00,71.94000244140625,71.94000244140625,71.94000244140625,71.94000244140625,6.0
2025-01-02 04:54:00+00:00,71.94000244140625,71.94000244140625,71.94000244140625,71.94000244140625,1.0
2025-01-02 04:55:00+00:00,71.94000244140625,71.94000244140625,71.93000030517578,71.93000030517578,5.0
2025-01-02 04:56:00+00:00,71.94999694824219,71.94999694824219,71.94999694824219,71.94999694824219,6.0
2025-01-02 04:57:00+00:00,71.95999908447266,71.95999908447266,71.94999694824219,71.94999694824219,14.0
2025-01-02 04:58:00+00:00,71.94999694824219,71.97000122070312,71.94999694824219,71.94999694824219,18.0
2025-01-02 05:00:00+00:00,71.94000244140625,71.95999908447266,71.94000244140625,71.94999694824219,16.0
2025-01-02 05:01:00+00:00,71.94000244140625,71.94999694824219,71.94000244140625,71.94999694824219,13.0
2025-01-02 05:02:00+00:00,71.95999908447266,71.95999908447266,71.94999694824219,71.94999694824219,118.0
2025-01-02 05:03:00+00:00,71.94999694824219,71.95999908447266,71.94999694824219,71.95999908447266,24.0
2025-01-02 05:04:00+00:00,71.94999694824219,71.95999908447266,71.94000244140625,71.94000244140625,168.0
2025-01-02 05:06:00+00:00,71.94000244140625,71.94000244140625,71.94000244140625,71.94000244140625,9.0
2025-01-02 05:07:00+00:00,71.94000244140625,71.94999694824219,71.94000244140625,71.94000244140625,12.0
2025-01-02 05:10:00+00:00,71.94999694824219,71.94999694824219,71.94000244140625,71.94000244140625,7.0
2025-01-02 05:11:00+00:00,71.94999694824219,71.97000122070312,71.94999694824219,71.95999908447266,27.0
2025-01-02 05:12:00+00:00,71.94999694824219,71.95999908447266,71.94999694824219,71.95999908447266,17.0
2025-01-02 05:13:00+00:00,71.95999908447266,71.95999908447266,71.94999694824219,71.95999908447266,4.0
2025-01-02 05:14:00+00:00,71.95999908447266,71.97000122070312,71.95999908447266,71.97000122070312,6.0
2025-01-02 05:15:00+00:00,71.94000244140625,71.94999694824219,71.94000244140625,71.94999694824219,26.0
2025-01-02 05:16:00+00:00,71.94000244140625,71.94000244140625,71.93000030517578,71.93000030517578,6.0
2025-01-02 05:17:00+00:00,71.94999694824219,71.94999694824219,71.94000244140625,71.94000244140625,2.0
2025-01-02 05:18:00+00:00,71.94999694824219,71.94999694824219,71.94000244140625,71.94999694824219,7.0
2025-01-02 05:21:00+00:00,71.95999908447266,71.95999908447266,71.95999908447266,71.95999908447266,2.0
2025-01-02 05:22:00+00:00,71.95999908447266,71.95999908447266,71.94999694824219,71.94999694824219,13.0
2025-01-02 05:23:00+00:00,71.94999694824219,71.95999908447266,71.94999694824219,71.95999908447266,7.0
2025-01-02 05:24:00+00:00,71.93000030517578,71.94000244140625,71.93000030517578,71.94000244140625,19.0
2025-01-02 05:25:00+00:00,71.93000030517578,71.94999694824219,71.93000030517578,71.94000244140625,7.0
2025-01-02 05:26:00+00:00,71.93000030517578,71.93000030517578,71.93000030517578,71.93000030517578,4.0
2025-01-02 05:30:00+00:00,71.93000030517578,71.94999694824219,71.93000030517578,71.94999694824219,29.0
2025-01-02 05:31:00+00:00,71.91999816894531,71.93000030517578,71.91000366210938,71.93000030517578,9.0
2025-01-02 05:32:00+00:00,71.93000030517578,71.93000030517578,71.91999816894531,71.91999816894531,10.0
2025-01-02 05:33:00+00:00,71.91000366210938,71.91999816894531,71.91000366210938,71.91999816894531,9.0
2025-01-02 05:34:00+00:00,71.91000366210938,71.91999816894531,71.9000015258789,71.91000366210938,20.0
2025-01-02 05:35:00+00:00,71.91000366210938,71.91999816894531,71.91000366210938,71.91000366210938,12.0
2025-01-02 05:36:00+00:00,71.9000015258789,71.91000366210938,71.9000015258789,71.91000366210938,8.0
2025-01-02 05:37:00+00:00,71.91000366210938,71.91000366210938,71.9000015258789,71.91000366210938,7.0
2025-01-02 05:38:00+00:00,71.91000366210938,71.91000366210938,71.9000015258789,71.91000366210938,11.0
2025-01-02 05:39:00+00:00,71.91000366210938,71.91000366210938,71.91000366210938,71.91000366210938,1.0
2025-01-02 05:40:00+00:00,71.91999816894531,71.93000030517578,71.91999816894531,71.91999816894531,11.0
2025-01-02 05:41:00+00:00,71.91000366210938,71.91000366210938,71.9000015258789,71.91000366210938,6.0
2025-01-02 05:42:00+00:00,71.91999816894531,71.91999816894531,71.91999816894531,71.91999816894531,5.0
2025-01-02 05:43:00+00:00,71.91999816894531,71.93000030517578,71.91999816894531,71.91999816894531,6.0
2025-01-02 05:44:00+00:00,71.91000366210938,71.91000366210938,71.91000366210938,71.91000366210938,10.0
2025-01-02 05:45:00+00:00,71.9000015258789,71.91000366210938,71.88999938964844,71.91000366210938,25.0
2025-01-02 05:46:00+00:00,71.91000366210938,71.91000366210938,71.88999938964844,71.9000015258789,5.0
2025-01-02 05:47:00+00:00,71.91000366210938,71.91000366210938,71.91000366210938,71.91000366210938,4.0
2025-01-02 05:48:00+00:00,71.91000366210938,71.91000366210938,71.91000366210938,71.91000366210938,3.0
2025-01-02 05:49:00+00:00,71.9000015258789,71.91000366210938,71.9000015258789,71.9000015258789,33.0
2025-01-02 05:51:00+00:00,71.91000366210938,71.91000366210938,71.91000366210938,71.91000366210938,7.0
2025-01-02 05:52:00+00:00,71.91999816894531,71.91999816894531,71.91999816894531,71.91999816894531,31.0
2025-01-02 05:53:00+00:00,71.91999816894531,71.91999816894531,71.91999816894531,71.91999816894531,3.0
2025-01-02 05:55:00+00:00,71.91000366210938,71.91999816894531,71.9000015258789,71.91999816894531,13.0
2025-01-02 05:56:00+00:00,71.9000015258789,71.91000366210938,71.9000015258789,71.9000015258789,9.0
2025-01-02 05:59:00+00:00,71.91999816894531,71.91999816894531,71.91999816894531,71.91999816894531,10.0
2025-01-02 06:00:00+00:00,71.9000015258789,71.91999816894531,71.9000015258789,71.91000366210938,19.0
2025-01-02 06:02:00+00:00,71.91000366210938,71.91000366210938,71.9000015258789,71.91000366210938,5.0
2025-01-02 06:03:00+00:00,71.91999816894531,71.91999816894531,71.91999816894531,71.91999816894531,6.0
2025-01-02 06:04:00+00:00,71.91000366210938,71.91000366210938,71.9000015258789,71.9000015258789,9.0
2025-01-02 06:05:00+00:00,71.9000015258789,71.9000015258789,71.9000015258789,71.9000015258789,5.0
2025-01-02 06:06:00+00:00,71.9000015258789,71.9000015258789,71.9000015258789,71.9000015258789,7.0
2025-01-02 06:08:00+00:00,71.9000015258789,71.91000366210938,71.88999938964844,71.9000015258789,8.0
2025-01-02 06:09:00+00:00,71.91000366210938,71.91000366210938,71.9000015258789,71.9000015258789,4.0
2025-01-02 06:10:00+00:00,71.9000015258789,71.9000015258789,71.9000015258789,71.9000015258789,13.0
2025-01-02 06:11:00+00:00,71.88999938964844,71.9000015258789,71.88999938964844,71.9000015258789,38.0
2025-01-02 06:12:00+00:00,71.87000274658203,71.88999938964844,71.87000274658203,71.87999725341797,37.0
2025-01-02 06:13:00+00:00,71.88999938964844,71.88999938964844,71.8499984741211,71.87000274658203,81.0
2025-01-02 06:14:00+00:00,71.87999725341797,71.9000015258789,71.87999725341797,71.9000015258789,27.0
2025-01-02 06:15:00+00:00,71.87999725341797,71.88999938964844,71.87999725341797,71.88999938964844,14.0
2025-01-02 06:16:00+00:00,71.87000274658203,71.87000274658203,71.87000274658203,71.87000274658203,5.0
2025-01-02 06:17:00+00:00,71.8499984741211,71.87000274658203,71.8499984741211,71.86000061035156,16.0
2025-01-02 06:18:00+00:00,71.87000274658203,71.87000274658203,71.86000061035156,71.86000061035156,6.0
2025-01-02 06:19:00+00:00,71.87000274658203,71.87000274658203,71.8499984741211,71.86000061035156,22.0
2025-01-02 06:20:00+00:00,71.87000274658203,71.87000274658203,71.87000274658203,71.87000274658203,8.0
2025-01-02 06:21:00+00:00,71.87000274658203,71.87000274658203,71.8499984741211,71.87000274658203,10.0
2025-01-02 06:22:00+00:00,71.83999633789062,71.83999633789062,71.83999633789062,71.83999633789062,10.0
2025-01-02 06:23:00+00:00,71.83000183105469,71.83999633789062,71.83000183105469,71.83000183105469,33.0
2025-01-02 06:24:00+00:00,71.83999633789062,71.83999633789062,71.81999969482422,71.81999969482422,29.0
2025-01-02 06:25:00+00:00,71.83999633789062,71.83999633789062,71.83000183105469,71.83999633789062,28.0
2025-01-02 06:26:00+00:00,71.87999725341797,71.87999725341797,71.8499984741211,71.8499984741211,10.0
2025-01-02 06:27:00+00:00,71.88999938964844,71.91000366210938,71.87000274658203,71.87999725341797,60.0
2025-01-02 06:28:00+00:00,71.87999725341797,71.9000015258789,71.87000274658203,71.9000015258789,82.0
2025-01-02 06:29:00+00:00,71.87999725341797,71.87999725341797,71.87999725341797,71.87999725341797,16.0
2025-01-02 06:30:00+00:00,71.87000274658203,71.87000274658203,71.8499984741211,71.87000274658203,20.0
2025-01-02 06:31:00+00:00,71.87999725341797,71.87999725341797,71.87000274658203,71.87000274658203,10.0
2025-01-02 06:32:00+00:00,71.88999938964844,71.88999938964844,71.88999938964844,71.88999938964844,6.0
2025-01-02 06:33:00+00:00,71.87000274658203,71.87999725341797,71.86000061035156,71.87999725341797,16.0
2025-01-02 06:34:00+00:00,71.83999633789062,71.86000061035156,71.83000183105469,71.86000061035156,22.0
2025-01-02 06:35:00+00:00,71.83999633789062,71.83999633789062,71.83999633789062,71.83999633789062,12.0
2025-01-02 06:36:00+00:00,71.8499984741211,71.8499984741211,71.83999633789062,71.83999633789062,17.0
2025-01-02 06:37:00+00:00,71.86000061035156,71.86000061035156,71.83999633789062,71.8499984741211,16.0
2025-01-02 06:38:00+00:00,71.86000061035156,71.86000061035156,71.86000061035156,71.86000061035156,7.0
2025-01-02 06:39:00+00:00,71.8499984741211,71.86000061035156,71.8499984741211,71.86000061035156,7.0
2025-01-02 06:40:00+00:00,71.86000061035156,71.86000061035156,71.86000061035156,71.86000061035156,2.0
2025-01-02 06:41:00+00:00,71.87999725341797,71.87999725341797,71.87000274658203,71.87000274658203,11.0
2025-01-02 06:42:00+00:00,71.9000015258789,71.9000015258789,71.87999725341797,71.88999938964844,24.0
2025-01-02 06:43:00+00:00,71.9000015258789,71.9000015258789,71.88999938964844,71.9000015258789,4.0
2025-01-02 06:44:00+00:00,71.88999938964844,71.9000015258789,71.87999725341797,71.9000015258789,42.0
2025-01-02 06:45:00+00:00,71.9000015258789,71.91000366210938,71.88999938964844,71.88999938964844,15.0
2025-01-02 06:46:00+00:00,71.91000366210938,71.91000366210938,71.9000015258789,71.9000015258789,37.0
2025-01-02 06:47:00+00:00,71.93000030517578,71.93000030517578,71.9000015258789,71.9000015258789,24.0
2025-01-02 06:48:00+00:00,71.91000366210938,71.94000244140625,71.91000366210938,71.91999816894531,33.0
2025-01-02 06:50:00+00:00,71.94999694824219,71.94999694824219,71.93000030517578,71.93000030517578,8.0
2025-01-02 06:51:00+00:00,71.94999694824219,71.94999694824219,71.94000244140625,71.94000244140625,6.0
2025-01-02 06:52:00+00:00,71.94000244140625,71.94999694824219,71.94000244140625,71.94000244140625,18.0
2025-01-02 06:53:00+00:00,71.9800033569336,71.98999786376953,71.93000030517578,71.93000030517578,45.0
2025-01-02 06:54:00+00:00,71.97000122070312,71.9800033569336,71.95999908447266,71.9800033569336,10.0
2025-01-02 06:55:00+00:00,71.97000122070312,71.97000122070312,71.97000122070312,71.97000122070312,4.0
2025-01-02 06:56:00+00:00,71.97000122070312,71.97000122070312,71.95999908447266,71.95999908447266,5.0
2025-01-02 06:57:00+00:00,71.97000122070312,71.97000122070312,71.95999908447266,71.97000122070312,15.0
2025-01-02 06:58:00+00:00,71.94000244140625,71.9800033569336,71.94000244140625,71.9800033569336,15.0
2025-01-02 06:59:00+00:00,71.94000244140625,71.94000244140625,71.93000030517578,71.93000030517578,38.0
2025-01-02 07:00:00+00:00,71.93000030517578,71.94999694824219,71.93000030517578,71.94000244140625,30.0
2025-01-02 07:01:00+00:00,71.94999694824219,71.95999908447266,71.93000030517578,71.94000244140625,39.0
2025-01-02 07:02:00+00:00,71.95999908447266,71.95999908447266,71.94000244140625,71.94000244140625,32.0
2025-01-02 07:03:00+00:00,71.9800033569336,71.98999786376953,71.94000244140625,71.95999908447266,207.0
2025-01-02 07:04:00+00:00,71.97000122070312,71.98999786376953,71.97000122070312,71.9800033569336,69.0
2025-01-02 07:06:00+00:00,72.0199966430664,72.0199966430664,71.98999786376953,72.0,58.0
2025-01-02 07:07:00+00:00,72.05000305175781,72.06999969482422,72.0199966430664,72.0199966430664,127.0
2025-01-02 07:08:00+00:00,72.04000091552734,72.05999755859375,72.04000091552734,72.05000305175781,59.0
2025-01-02 07:09:00+00:00,72.05000305175781,72.05000305175781,72.02999877929688,72.04000091552734,27.0
2025-01-02 07:10:00+00:00,72.08000183105469,72.08999633789062,72.05000305175781,72.05000305175781,100.0
2025-01-02 07:11:00+00:00,72.08999633789062,72.0999984741211,72.08000183105469,72.08000183105469,54.0
2025-01-02 07:12:00+00:00,72.08000183105469,72.08999633789062,72.05999755859375,72.08999633789062,31.0
2025-01-02 07:13:00+00:00,72.05999755859375,72.08000183105469,72.05000305175781,72.06999969482422,29.0
2025-01-02 07:14:00+00:00,72.05000305175781,72.06999969482422,72.02999877929688,72.06999969482422,30.0
2025-01-02 07:15:00+00:00,72.06999969482422,72.06999969482422,72.05000305175781,72.05000305175781,30.0
2025-01-02 07:16:00+00:00,72.06999969482422,72.08000183105469,72.05000305175781,72.05000305175781,51.0
2025-01-02 07:17:00+00:00,72.05000305175781,72.06999969482422,72.05000305175781,72.06999969482422,23.0
2025-01-02 07:18:00+00:00,72.05000305175781,72.05999755859375,72.05000305175781,72.05000305175781,12.0
2025-01-02 07:19:00+00:00,72.05000305175781,72.06999969482422,72.04000091552734,72.04000091552734,20.0
2025-01-02 07:20:00+00:00,72.04000091552734,72.05999755859375,72.04000091552734,72.05000305175781,32.0
2025-01-02 07:21:00+00:00,72.0199966430664,72.02999877929688,72.0199966430664,72.02999877929688,26.0
2025-01-02 07:22:00+00:00,72.04000091552734,72.04000091552734,72.0199966430664,72.0199966430664,27.0
2025-01-02 07:23:00+00:00,72.02999877929688,72.04000091552734,72.02999877929688,72.04000091552734,6.0
2025-01-02 07:24:00+00:00,72.04000091552734,72.04000091552734,72.02999877929688,72.04000091552734,11.0
2025-01-02 07:25:00+00:00,72.05000305175781,72.05000305175781,72.04000091552734,72.04000091552734,25.0
2025-01-02 07:26:00+00:00,72.05000305175781,72.05999755859375,72.05000305175781,72.05999755859375,14.0
2025-01-02 07:27:00+00:00,72.08999633789062,72.08999633789062,72.05000305175781,72.05999755859375,46.0
2025-01-02 07:28:00+00:00,72.0999984741211,72.12000274658203,72.08000183105469,72.08000183105469,83.0
2025-01-02 07:29:00+00:00,72.08999633789062,72.0999984741211,72.08000183105469,72.0999984741211,18.0
2025-01-02 07:30:00+00:00,72.0999984741211,72.0999984741211,72.06999969482422,72.08999633789062,29.0
2025-01-02 07:31:00+00:00,72.05999755859375,72.08999633789062,72.05999755859375,72.08999633789062,28.0
2025-01-02 07:32:00+00:00,72.06999969482422,72.06999969482422,72.05000305175781,72.05999755859375,23.0
2025-01-02 07:33:00+00:00,72.06999969482422,72.06999969482422,72.06999969482422,72.06999969482422,8.0
2025-01-02 07:34:00+00:00,72.05999755859375,72.06999969482422,72.05999755859375,72.05999755859375,63.0
2025-01-02 07:35:00+00:00,72.08000183105469,72.08000183105469,72.05000305175781,72.05999755859375,92.0
2025-01-02 07:36:00+00:00,72.08000183105469,72.08999633789062,72.08000183105469,72.08000183105469,17.0
2025-01-02 07:37:00+00:00,72.0999984741211,72.0999984741211,72.06999969482422,72.06999969482422,70.0
2025-01-02 07:38:00+00:00,72.08999633789062,72.08999633789062,72.08999633789062,72.08999633789062,39.0
2025-01-02 07:39:00+00:00,72.05999755859375,72.08999633789062,72.05999755859375,72.08999633789062,60.0
2025-01-02 07:40:00+00:00,72.01000213623047,72.05999755859375,72.01000213623047,72.05000305175781,81.0
2025-01-02 07:41:00+00:00,72.01000213623047,72.0199966430664,72.01000213623047,72.01000213623047,25.0
2025-01-02 07:42:00+00:00,72.01000213623047,72.0199966430664,72.01000213623047,72.0199966430664,31.0
2025-01-02 07:43:00+00:00,72.01000213623047,72.01000213623047,71.98999786376953,72.01000213623047,45.0
2025-01-02 07:44:00+00:00,72.0,72.02999877929688,72.0,72.01000213623047,105.0
2025-01-02 07:45:00+00:00,71.97000122070312,72.01000213623047,71.97000122070312,72.0,104.0
2025-01-02 07:46:00+00:00,71.9800033569336,72.0,71.97000122070312,71.9800033569336,29.0
2025-01-02 07:47:00+00:00,71.9800033569336,71.98999786376953,71.97000122070312,71.98999786376953,326.0
2025-01-02 07:48:00+00:00,71.9800033569336,71.98999786376953,71.97000122070312,71.98999786376953,22.0
2025-01-02 07:49:00+00:00,71.9800033569336,71.98999786376953,71.97000122070312,71.9800033569336,22.0
2025-01-02 07:50:00+00:00,72.0,72.0,71.98999786376953,71.98999786376953,11.0
2025-01-02 07:51:00+00:00,71.98999786376953,72.0,71.98999786376953,72.0,15.0
2025-01-02 07:52:00+00:00,72.0,72.0,71.9800033569336,71.98999786376953,14.0
2025-01-02 07:53:00+00:00,71.9800033569336,71.98999786376953,71.9800033569336,71.98999786376953,6.0
2025-01-02 07:54:00+00:00,71.97000122070312,71.9800033569336,71.97000122070312,71.9800033569336,24.0
2025-01-02 07:55:00+00:00,71.98999786376953,71.98999786376953,71.9800033569336,71.9800033569336,122.0
2025-01-02 07:56:00+00:00,72.0,72.0,71.98999786376953,71.98999786376953,29.0
2025-01-02 07:57:00+00:00,71.97000122070312,71.98999786376953,71.95999908447266,71.98999786376953,29.0
2025-01-02 07:58:00+00:00,71.9800033569336,71.9800033569336,71.94000244140625,71.97000122070312,46.0
2025-01-02 07:59:00+00:00,71.94999694824219,71.95999908447266,71.94000244140625,71.95999908447266,20.0
2025-01-02 08:00:00+00:00,71.95999908447266,71.95999908447266,71.91999816894531,71.94999694824219,65.0
2025-01-02 08:01:00+00:00,71.94000244140625,71.97000122070312,71.91000366210938,71.95999908447266,143.0
2025-01-02 08:02:00+00:00,71.94000244140625,71.94000244140625,71.91000366210938,71.94000244140625,48.0
2025-01-02 08:03:00+00:00,71.94000244140625,71.94999694824219,71.94000244140625,71.94999694824219,44.0
2025-01-02 08:04:00+00:00,71.94999694824219,71.95999908447266,71.94000244140625,71.94000244140625,89.0
2025-01-02 08:05:00+00:00,72.01000213623047,72.01000213623047,71.94000244140625,71.94999694824219,430.0
2025-01-02 08:06:00+00:00,72.05000305175781,72.05000305175781,72.0,72.0,87.0
2025-01-02 08:07:00+00:00,72.05000305175781,72.05999755859375,72.04000091552734,72.05000305175781,60.0
2025-01-02 08:08:00+00:00,72.01000213623047,72.05000305175781,72.01000213623047,72.05000305175781,61.0
2025-01-02 08:09:00+00:00,72.01000213623047,72.0199966430664,71.98999786376953,72.0,49.0
2025-01-02 08:10:00+00:00,72.0199966430664,72.0199966430664,72.01000213623047,72.01000213623047,19.0
2025-01-02 08:11:00+00:00,71.97000122070312,72.05999755859375,71.97000122070312,72.0199966430664,708.0
2025-01-02 08:12:00+00:00,71.9800033569336,72.0,71.95999908447266,71.9800033569336,110.0
2025-01-02 08:13:00+00:00,72.0,72.0,71.95999908447266,71.9800033569336,36.0
2025-01-02 08:14:00+00:00,72.0,72.0199966430664,71.98999786376953,71.98999786376953,38.0
2025-01-02 08:15:00+00:00,72.01000213623047,72.0199966430664,72.0,72.01000213623047,92.0
2025-01-02 08:16:00+00:00,72.01000213623047,72.0199966430664,72.0,72.0199966430664,76.0
2025-01-02 08:17:00+00:00,72.0199966430664,72.02999877929688,72.0,72.0,46.0
2025-01-02 08:18:00+00:00,72.01000213623047,72.04000091552734,71.9800033569336,72.02999877929688,122.0
2025-01-02 08:19:00+00:00,71.9800033569336,72.01000213623047,71.97000122070312,72.01000213623047,52.0
2025-01-02 08:20:00+00:00,71.94999694824219,71.9800033569336,71.93000030517578,71.9800033569336,180.0
2025-01-02 08:21:00+00:00,71.95999908447266,71.98999786376953,71.95999908447266,71.95999908447266,551.0
2025-01-02 08:22:00+00:00,71.94999694824219,71.97000122070312,71.94999694824219,71.97000122070312,18.0
2025-01-02 08:23:00+00:00,71.91000366210938,71.94999694824219,71.9000015258789,71.94999694824219,96.0
2025-01-02 08:24:00+00:00,71.87999725341797,71.91999816894531,71.87999725341797,71.9000015258789,67.0
2025-01-02 08:25:00+00:00,71.88999938964844,71.9000015258789,71.87999725341797,71.87999725341797,119.0
2025-01-02 08:26:00+00:00,71.87000274658203,71.88999938964844,71.87000274658203,71.88999938964844,103.0
2025-01-02 08:27:00+00:00,71.9000015258789,71.93000030517578,71.8499984741211,71.86000061035156,63.0
2025-01-02 08:28:00+00:00,71.88999938964844,71.9000015258789,71.87999725341797,71.88999938964844,56.0
2025-01-02 08:29:00+00:00,71.87000274658203,71.9000015258789,71.87000274658203,71.88999938964844,126.0
2025-01-02 08:30:00+00:00,71.86000061035156,71.9000015258789,71.8499984741211,71.87000274658203,161.0
2025-01-02 08:31:00+00:00,71.87000274658203,71.88999938964844,71.81999969482422,71.86000061035156,242.0
2025-01-02 08:32:00+00:00,71.87000274658203,71.88999938964844,71.86000061035156,71.87999725341797,51.0
2025-01-02 08:33:00+00:00,71.91000366210938,71.93000030517578,71.87999725341797,71.88999938964844,75.0
2025-01-02 08:34:00+00:00,71.94999694824219,71.95999908447266,71.91999816894531,71.91999816894531,63.0
2025-01-02 08:35:00+00:00,71.94999694824219,71.95999908447266,71.93000030517578,71.94999694824219,336.0
2025-01-02 08:36:00+00:00,71.98999786376953,71.98999786376953,71.94999694824219,71.94999694824219,97.0
2025-01-02 08:37:00+00:00,71.9800033569336,72.0,71.9800033569336,71.9800033569336,55.0
2025-01-02 08:38:00+00:00,71.91999816894531,71.9800033569336,71.91999816894531,71.9800033569336,36.0
2025-01-02 08:39:00+00:00,71.87000274658203,71.93000030517578,71.86000061035156,71.91999816894531,121.0
2025-01-02 08:40:00+00:00,71.86000061035156,71.88999938964844,71.8499984741211,71.87999725341797,34.0
2025-01-02 08:41:00+00:00,71.83999633789062,71.87000274658203,71.83999633789062,71.87000274658203,19.0
2025-01-02 08:42:00+00:00,71.83999633789062,71.88999938964844,71.83999633789062,71.86000061035156,74.0
2025-01-02 08:43:00+00:00,71.81999969482422,71.83999633789062,71.81999969482422,71.83999633789062,92.0
2025-01-02 08:44:00+00:00,71.80999755859375,71.83000183105469,71.80000305175781,71.81999969482422,136.0
2025-01-02 08:45:00+00:00,71.80999755859375,71.81999969482422,71.79000091552734,71.80999755859375,194.0
2025-01-02 08:46:00+00:00,71.83000183105469,71.83000183105469,71.80999755859375,71.81999969482422,128.0
2025-01-02 08:47:00+00:00,71.91999816894531,71.94000244140625,71.83000183105469,71.83000183105469,187.0
2025-01-02 08:48:00+00:00,71.94999694824219,71.94999694824219,71.91000366210938,71.91999816894531,54.0
2025-01-02 08:49:00+00:00,71.95999908447266,71.97000122070312,71.94999694824219,71.94999694824219,102.0
2025-01-02 08:50:00+00:00,71.9800033569336,71.9800033569336,71.94000244140625,71.95999908447266,75.0
2025-01-02 08:51:00+00:00,71.94000244140625,71.9800033569336,71.94000244140625,71.97000122070312,43.0
2025-01-02 08:52:00+00:00,71.95999908447266,71.95999908447266,71.91999816894531,71.94000244140625,40.0
2025-01-02 08:53:00+00:00,71.94999694824219,71.97000122070312,71.93000030517578,71.95999908447266,63.0
2025-01-02 08:54:00+00:00,71.9800033569336,71.98999786376953,71.94999694824219,71.94999694824219,53.0
2025-01-02 08:55:00+00:00,71.95999908447266,71.98999786376953,71.94999694824219,71.98999786376953,36.0
2025-01-02 08:56:00+00:00,71.97000122070312,71.98999786376953,71.97000122070312,71.97000122070312,125.0
2025-01-02 08:57:00+00:00,71.97000122070312,71.97000122070312,71.94999694824219,71.97000122070312,60.0
2025-01-02 08:58:00+00:00,71.95999908447266,71.9800033569336,71.94999694824219,71.97000122070312,25.0
2025-01-02 08:59:00+00:00,71.95999908447266,71.97000122070312,71.9000015258789,71.94999694824219,93.0
2025-01-02 09:00:00+00:00,72.0,72.02999877929688,71.97000122070312,72.0,201.0
2025-01-02 09:01:00+00:00,71.97000122070312,72.02999877929688,71.97000122070312,72.0,101.0
2025-01-02 09:02:00+00:00,71.98999786376953,72.0,71.93000030517578,71.95999908447266,110.0
2025-01-02 09:03:00+00:00,72.0,72.01000213623047,71.9800033569336,71.9800033569336,73.0
2025-01-02 09:04:00+00:00,72.02999877929688,72.05999755859375,72.0,72.0,106.0
2025-01-02 09:05:00+00:00,72.02999877929688,72.04000091552734,72.01000213623047,72.0199966430664,42.0
2025-01-02 09:06:00+00:00,72.0,72.04000091552734,72.0,72.02999877929688,122.0
2025-01-02 09:07:00+00:00,71.98999786376953,72.01000213623047,71.97000122070312,72.01000213623047,119.0
2025-01-02 09:08:00+00:00,71.9800033569336,71.98999786376953,71.94999694824219,71.98999786376953,44.0
2025-01-02 09:09:00+00:00,71.97000122070312,71.98999786376953,71.95999908447266,71.9800033569336,35.0
2025-01-02 09:10:00+00:00,71.9800033569336,72.0,71.94999694824219,71.97000122070312,53.0
2025-01-02 09:11:00+00:00,71.98999786376953,71.98999786376953,71.9800033569336,71.9800033569336,19.0
2025-01-02 09:12:00+00:00,71.98999786376953,72.0,71.97000122070312,71.98999786376953,49.0
2025-01-02 09:13:00+00:00,72.02999877929688,72.04000091552734,71.98999786376953,72.0,81.0
2025-01-02 09:14:00+00:00,72.02999877929688,72.04000091552734,72.0199966430664,72.02999877929688,49.0
2025-01-02 09:15:00+00:00,72.01000213623047,72.04000091552734,72.0,72.04000091552734,62.0
2025-01-02 09:16:00+00:00,71.98999786376953,72.0199966430664,71.97000122070312,72.0199966430664,115.0
2025-01-02 09:17:00+00:00,72.02999877929688,72.02999877929688,71.98999786376953,72.0199966430664,111.0
2025-01-02 09:18:00+00:00,72.0199966430664,72.04000091552734,72.0199966430664,72.02999877929688,113.0
2025-01-02 09:19:00+00:00,72.04000091552734,72.05000305175781,72.01000213623047,72.0199966430664,349.0
2025-01-02 09:20:00+00:00,72.04000091552734,72.05999755859375,72.04000091552734,72.05000305175781,60.0
2025-01-02 09:21:00+00:00,72.04000091552734,72.08000183105469,72.04000091552734,72.05000305175781,411.0
2025-01-02 09:22:00+00:00,72.0,72.04000091552734,71.98999786376953,72.02999877929688,68.0
2025-01-02 09:23:00+00:00,71.98999786376953,72.0199966430664,71.9800033569336,72.0,49.0
2025-01-02 09:24:00+00:00,71.98999786376953,71.98999786376953,71.97000122070312,71.9800033569336,48.0
2025-01-02 09:25:00+00:00,72.04000091552734,72.04000091552734,72.0,72.0,145.0
2025-01-02 09:26:00+00:00,72.04000091552734,72.05999755859375,72.0199966430664,72.05000305175781,48.0
2025-01-02 09:27:00+00:00,72.05999755859375,72.08000183105469,72.01000213623047,72.02999877929688,1223.0
2025-01-02 09:28:00+00:00,72.06999969482422,72.06999969482422,72.02999877929688,72.05999755859375,107.0
2025-01-02 09:29:00+00:00,72.08000183105469,72.08000183105469,72.05000305175781,72.06999969482422,55.0
2025-01-02 09:30:00+00:00,72.11000061035156,72.12999725341797,72.06999969482422,72.08000183105469,208.0
2025-01-02 09:31:00+00:00,72.13999938964844,72.1500015258789,72.0999984741211,72.0999984741211,155.0
2025-01-02 09:32:00+00:00,72.16999816894531,72.18000030517578,72.1500015258789,72.1500015258789,109.0
2025-01-02 09:33:00+00:00,72.16999816894531,72.18000030517578,72.16999816894531,72.16999816894531,72.0
2025-01-02 09:34:00+00:00,72.18000030517578,72.19000244140625,72.16000366210938,72.18000030517578,99.0
2025-01-02 09:35:00+00:00,72.22000122070312,72.22000122070312,72.16999816894531,72.16999816894531,167.0
2025-01-02 09:36:00+00:00,72.22000122070312,72.2300033569336,72.19999694824219,72.20999908447266,130.0
2025-01-02 09:37:00+00:00,72.25,72.26000213623047,72.2300033569336,72.2300033569336,201.0
2025-01-02 09:38:00+00:00,72.27999877929688,72.30000305175781,72.23999786376953,72.26000213623047,297.0
2025-01-02 09:39:00+00:00,72.29000091552734,72.29000091552734,72.26000213623047,72.2699966430664,162.0
2025-01-02 09:40:00+00:00,72.30000305175781,72.30000305175781,72.29000091552734,72.29000091552734,107.0
2025-01-02 09:41:00+00:00,72.26000213623047,72.3499984741211,72.25,72.31999969482422,356.0
2025-01-02 09:42:00+00:00,72.30000305175781,72.30999755859375,72.25,72.26000213623047,104.0
2025-01-02 09:43:00+00:00,72.33999633789062,72.36000061035156,72.29000091552734,72.30999755859375,676.0
2025-01-02 09:44:00+00:00,72.37999725341797,72.38999938964844,72.3499984741211,72.3499984741211,653.0
2025-01-02 09:45:00+00:00,72.38999938964844,72.4000015258789,72.37000274658203,72.37999725341797,173.0
2025-01-02 09:46:00+00:00,72.38999938964844,72.4000015258789,72.37999725341797,72.4000015258789,120.0
2025-01-02 09:47:00+00:00,72.38999938964844,72.41999816894531,72.38999938964844,72.38999938964844,201.0
2025-01-02 09:48:00+00:00,72.4000015258789,72.41999816894531,72.38999938964844,72.4000015258789,226.0
2025-01-02 09:49:00+00:00,72.37000274658203,72.41000366210938,72.37000274658203,72.41000366210938,220.0
2025-01-02 09:50:00+00:00,72.41000366210938,72.43000030517578,72.37999725341797,72.37999725341797,109.0
2025-01-02 09:51:00+00:00,72.41000366210938,72.43000030517578,72.4000015258789,72.41000366210938,74.0
2025-01-02 09:52:00+00:00,72.4000015258789,72.41000366210938,72.38999938964844,72.4000015258789,76.0
2025-01-02 09:53:00+00:00,72.41000366210938,72.41999816894531,72.37999725341797,72.38999938964844,144.0
2025-01-02 09:54:00+00:00,72.37999725341797,72.41999816894531,72.37999725341797,72.41000366210938,120.0
2025-01-02 09:55:00+00:00,72.37000274658203,72.38999938964844,72.36000061035156,72.38999938964844,126.0
2025-01-02 09:56:00+00:00,72.38999938964844,72.41000366210938,72.37000274658203,72.37000274658203,110.0
2025-01-02 09:57:00+00:00,72.37999725341797,72.38999938964844,72.37999725341797,72.38999938964844,65.0
2025-01-02 09:58:00+00:00,72.37000274658203,72.38999938964844,72.37000274658203,72.37999725341797,174.0
2025-01-02 09:59:00+00:00,72.41999816894531,72.43000030517578,72.36000061035156,72.36000061035156,269.0
2025-01-02 10:00:00+00:00,72.48999786376953,72.5,72.43000030517578,72.43000030517578,367.0
2025-01-02 10:01:00+00:00,72.5199966430664,72.52999877929688,72.4800033569336,72.48999786376953,582.0
2025-01-02 10:02:00+00:00,72.5199966430664,72.52999877929688,72.51000213623047,72.5199966430664,374.0
2025-01-02 10:03:00+00:00,72.5199966430664,72.52999877929688,72.47000122070312,72.5199966430664,290.0
2025-01-02 10:04:00+00:00,72.56999969482422,72.56999969482422,72.51000213623047,72.5199966430664,288.0
2025-01-02 10:05:00+00:00,72.58999633789062,72.61000061035156,72.55999755859375,72.58000183105469,480.0
2025-01-02 10:06:00+00:00,72.62999725341797,72.63999938964844,72.58000183105469,72.58000183105469,628.0
2025-01-02 10:07:00+00:00,72.62999725341797,72.66999816894531,72.5999984741211,72.62999725341797,866.0
2025-01-02 10:08:00+00:00,72.6500015258789,72.66000366210938,72.62000274658203,72.62999725341797,785.0
2025-01-02 10:09:00+00:00,72.66999816894531,72.68000030517578,72.63999938964844,72.6500015258789,907.0
2025-01-02 10:10:00+00:00,72.70999908447266,72.70999908447266,72.6500015258789,72.66999816894531,298.0
2025-01-02 10:11:00+00:00,72.72000122070312,72.7300033569336,72.70999908447266,72.70999908447266,245.0
2025-01-02 10:12:00+00:00,72.7699966430664,72.77999877929688,72.72000122070312,72.7300033569336,287.0
2025-01-02 10:13:00+00:00,72.69999694824219,72.7699966430664,72.68000030517578,72.7699966430664,285.0
2025-01-02 10:14:00+00:00,72.66000366210938,72.69999694824219,72.6500015258789,72.69999694824219,807.0
2025-01-02 10:15:00+00:00,72.66999816894531,72.69000244140625,72.62999725341797,72.6500015258789,228.0
2025-01-02 10:16:00+00:00,72.68000030517578,72.69000244140625,72.6500015258789,72.66000366210938,95.0
2025-01-02 10:17:00+00:00,72.69000244140625,72.69999694824219,72.68000030517578,72.68000030517578,86.0
2025-01-02 10:18:00+00:00,72.72000122070312,72.72000122070312,72.68000030517578,72.69000244140625,375.0
2025-01-02 10:19:00+00:00,72.7300033569336,72.7300033569336,72.70999908447266,72.72000122070312,47.0
2025-01-02 10:20:00+00:00,72.7300033569336,72.7300033569336,72.70999908447266,72.70999908447266,81.0
2025-01-02 10:21:00+00:00,72.75,72.77999877929688,72.7300033569336,72.73999786376953,157.0
2025-01-02 10:22:00+00:00,72.73999786376953,72.7699966430664,72.73999786376953,72.75,73.0
2025-01-02 10:23:00+00:00,72.76000213623047,72.77999877929688,72.7300033569336,72.7300033569336,100.0
2025-01-02 10:24:00+00:00,72.75,72.80000305175781,72.75,72.76000213623047,167.0
2025-01-02 10:25:00+00:00,72.79000091552734,72.80000305175781,72.7300033569336,72.73999786376953,227.0
2025-01-02 10:26:00+00:00,72.72000122070312,72.79000091552734,72.72000122070312,72.79000091552734,243.0
2025-01-02 10:27:00+00:00,72.66999816894531,72.75,72.66000366210938,72.7300033569336,312.0
2025-01-02 10:28:00+00:00,72.6500015258789,72.69999694824219,72.63999938964844,72.66999816894531,184.0
2025-01-02 10:29:00+00:00,72.66000366210938,72.68000030517578,72.62000274658203,72.63999938964844,141.0
2025-01-02 10:30:00+00:00,72.62999725341797,72.66999816894531,72.62999725341797,72.6500015258789,104.0
2025-01-02 10:31:00+00:00,72.5999984741211,72.62999725341797,72.58999633789062,72.62000274658203,197.0
2025-01-02 10:32:00+00:00,72.58000183105469,72.61000061035156,72.55999755859375,72.5999984741211,167.0
2025-01-02 10:33:00+00:00,72.58000183105469,72.58999633789062,72.55000305175781,72.58000183105469,543.0
2025-01-02 10:34:00+00:00,72.5199966430664,72.56999969482422,72.5,72.56999969482422,184.0
2025-01-02 10:35:00+00:00,72.52999877929688,72.52999877929688,72.48999786376953,72.51000213623047,110.0
2025-01-02 10:36:00+00:00,72.61000061035156,72.62000274658203,72.54000091552734,72.54000091552734,155.0
2025-01-02 10:37:00+00:00,72.63999938964844,72.66000366210938,72.61000061035156,72.61000061035156,92.0
2025-01-02 10:38:00+00:00,72.6500015258789,72.69000244140625,72.62999725341797,72.63999938964844,185.0
2025-01-02 10:39:00+00:00,72.58999633789062,72.6500015258789,72.58999633789062,72.6500015258789,122.0
2025-01-02 10:40:00+00:00,72.63999938964844,72.6500015258789,72.58999633789062,72.5999984741211,90.0
2025-01-02 10:41:00+00:00,72.68000030517578,72.69999694824219,72.63999938964844,72.6500015258789,109.0
2025-01-02 10:42:00+00:00,72.69999694824219,72.70999908447266,72.69000244140625,72.69000244140625,72.0
2025-01-02 10:43:00+00:00,72.69999694824219,72.72000122070312,72.69999694824219,72.69999694824219,48.0
2025-01-02 10:44:00+00:00,72.73999786376953,72.77999877929688,72.69999694824219,72.69999694824219,806.0
2025-01-02 10:45:00+00:00,72.69999694824219,72.7300033569336,72.68000030517578,72.72000122070312,107.0
2025-01-02 10:46:00+00:00,72.66999816894531,72.69999694824219,72.66000366210938,72.68000030517578,133.0
2025-01-02 10:47:00+00:00,72.68000030517578,72.68000030517578,72.66000366210938,72.66999816894531,25.0
2025-01-02 10:48:00+00:00,72.68000030517578,72.69999694824219,72.6500015258789,72.66999816894531,149.0
2025-01-02 10:49:00+00:00,72.66000366210938,72.68000030517578,72.6500015258789,72.68000030517578,67.0
2025-01-02 10:50:00+00:00,72.66000366210938,72.68000030517578,72.6500015258789,72.66000366210938,101.0
2025-01-02 10:51:00+00:00,72.6500015258789,72.66000366210938,72.62999725341797,72.66000366210938,89.0
2025-01-02 10:52:00+00:00,72.69000244140625,72.69999694824219,72.6500015258789,72.66000366210938,60.0
2025-01-02 10:53:00+00:00,72.72000122070312,72.7300033569336,72.69999694824219,72.69999694824219,73.0
2025-01-02 10:54:00+00:00,72.70999908447266,72.7300033569336,72.69999694824219,72.7300033569336,64.0
2025-01-02 10:55:00+00:00,72.73999786376953,72.75,72.70999908447266,72.72000122070312,151.0
2025-01-02 10:56:00+00:00,72.72000122070312,72.75,72.69999694824219,72.73999786376953,80.0
2025-01-02 10:57:00+00:00,72.70999908447266,72.72000122070312,72.69999694824219,72.72000122070312,42.0
2025-01-02 10:58:00+00:00,72.75,72.75,72.72000122070312,72.72000122070312,66.0
2025-01-02 10:59:00+00:00,72.76000213623047,72.76000213623047,72.73999786376953,72.75,35.0
2025-01-02 11:00:00+00:00,72.75,72.76000213623047,72.7300033569336,72.75,77.0
2025-01-02 11:01:00+00:00,72.77999877929688,72.77999877929688,72.7300033569336,72.75,340.0
2025-01-02 11:02:00+00:00,72.75,72.79000091552734,72.73999786376953,72.7699966430664,82.0
2025-01-02 11:03:00+00:00,72.72000122070312,72.73999786376953,72.70999908447266,72.73999786376953,77.0
2025-01-02 11:04:00+00:00,72.72000122070312,72.73999786376953,72.70999908447266,72.72000122070312,75.0
2025-01-02 11:05:00+00:00,72.75,72.76000213623047,72.70999908447266,72.70999908447266,66.0
2025-01-02 11:06:00+00:00,72.79000091552734,72.80000305175781,72.75,72.75,129.0
2025-01-02 11:07:00+00:00,72.79000091552734,72.80000305175781,72.7699966430664,72.77999877929688,93.0
2025-01-02 11:08:00+00:00,72.77999877929688,72.79000091552734,72.76000213623047,72.79000091552734,89.0
2025-01-02 11:09:00+00:00,72.76000213623047,72.77999877929688,72.76000213623047,72.7699966430664,17.0
2025-01-02 11:10:00+00:00,72.77999877929688,72.77999877929688,72.76000213623047,72.7699966430664,60.0
2025-01-02 11:11:00+00:00,72.79000091552734,72.79000091552734,72.77999877929688,72.77999877929688,69.0
2025-01-02 11:12:00+00:00,72.79000091552734,72.79000091552734,72.77999877929688,72.79000091552734,21.0
2025-01-02 11:13:00+00:00,72.77999877929688,72.80000305175781,72.77999877929688,72.79000091552734,84.0
2025-01-02 11:14:00+00:00,72.77999877929688,72.80000305175781,72.7699966430664,72.77999877929688,73.0
2025-01-02 11:15:00+00:00,72.79000091552734,72.80000305175781,72.79000091552734,72.79000091552734,127.0
2025-01-02 11:16:00+00:00,72.83999633789062,72.83999633789062,72.80000305175781,72.80000305175781,117.0
2025-01-02 11:17:00+00:00,72.83999633789062,72.83999633789062,72.81999969482422,72.83999633789062,165.0
2025-01-02 11:18:00+00:00,72.83000183105469,72.83999633789062,72.83000183105469,72.83999633789062,20.0
2025-01-02 11:19:00+00:00,72.86000061035156,72.87000274658203,72.83999633789062,72.83999633789062,120.0
2025-01-02 11:20:00+00:00,72.83000183105469,72.87999725341797,72.81999969482422,72.86000061035156,770.0
2025-01-02 11:21:00+00:00,72.80000305175781,72.81999969482422,72.80000305175781,72.81999969482422,90.0
2025-01-02 11:22:00+00:00,72.81999969482422,72.83000183105469,72.79000091552734,72.80000305175781,74.0
2025-01-02 11:23:00+00:00,72.7699966430664,72.81999969482422,72.7699966430664,72.80999755859375,169.0
2025-01-02 11:24:00+00:00,72.7699966430664,72.79000091552734,72.7699966430664,72.7699966430664,49.0
2025-01-02 11:25:00+00:00,72.7699966430664,72.7699966430664,72.76000213623047,72.76000213623047,30.0
2025-01-02 11:26:00+00:00,72.76000213623047,72.7699966430664,72.75,72.75,127.0
2025-01-02 11:27:00+00:00,72.75,72.76000213623047,72.73999786376953,72.76000213623047,53.0
2025-01-02 11:28:00+00:00,72.76000213623047,72.77999877929688,72.73999786376953,72.75,69.0
2025-01-02 11:29:00+00:00,72.77999877929688,72.77999877929688,72.76000213623047,72.76000213623047,89.0
2025-01-02 11:30:00+00:00,72.80000305175781,72.86000061035156,72.77999877929688,72.79000091552734,751.0
2025-01-02 11:31:00+00:00,72.7699966430664,72.80999755859375,72.76000213623047,72.80999755859375,217.0
2025-01-02 11:32:00+00:00,72.7699966430664,72.77999877929688,72.75,72.7699966430664,107.0
2025-01-02 11:33:00+00:00,72.7699966430664,72.7699966430664,72.75,72.76000213623047,35.0
2025-01-02 11:34:00+00:00,72.76000213623047,72.7699966430664,72.76000213623047,72.76000213623047,39.0
2025-01-02 11:35:00+00:00,72.77999877929688,72.79000091552734,72.75,72.7699966430664,91.0
2025-01-02 11:36:00+00:00,72.75,72.7699966430664,72.73999786376953,72.7699966430664,131.0
2025-01-02 11:37:00+00:00,72.69999694824219,72.75,72.69999694824219,72.75,308.0
2025-01-02 11:38:00+00:00,72.6500015258789,72.69999694824219,72.63999938964844,72.69999694824219,909.0
2025-01-02 11:39:00+00:00,72.6500015258789,72.6500015258789,72.61000061035156,72.62999725341797,1649.0
2025-01-02 11:40:00+00:00,72.70999908447266,72.70999908447266,72.63999938964844,72.6500015258789,160.0
2025-01-02 11:41:00+00:00,72.72000122070312,72.72000122070312,72.70999908447266,72.70999908447266,19.0
2025-01-02 11:42:00+00:00,72.70999908447266,72.70999908447266,72.6500015258789,72.70999908447266,188.0
2025-01-02 11:43:00+00:00,72.72000122070312,72.7300033569336,72.69999694824219,72.69999694824219,56.0
2025-01-02 11:44:00+00:00,72.76000213623047,72.76000213623047,72.70999908447266,72.70999908447266,482.0
2025-01-02 11:45:00+00:00,72.72000122070312,72.76000213623047,72.70999908447266,72.75,84.0
2025-01-02 11:46:00+00:00,72.75,72.75,72.70999908447266,72.72000122070312,74.0
2025-01-02 11:47:00+00:00,72.76000213623047,72.76000213623047,72.7300033569336,72.75,61.0
2025-01-02 11:48:00+00:00,72.75,72.76000213623047,72.75,72.75,29.0
2025-01-02 11:49:00+00:00,72.73999786376953,72.75,72.7300033569336,72.75,28.0
2025-01-02 11:50:00+00:00,72.73999786376953,72.75,72.7300033569336,72.7300033569336,55.0
2025-01-02 11:51:00+00:00,72.69000244140625,72.75,72.69000244140625,72.75,88.0
2025-01-02 11:52:00+00:00,72.72000122070312,72.7300033569336,72.68000030517578,72.68000030517578,78.0
2025-01-02 11:53:00+00:00,72.7300033569336,72.73999786376953,72.72000122070312,72.7300033569336,17.0
2025-01-02 11:54:00+00:00,72.76000213623047,72.76000213623047,72.7300033569336,72.7300033569336,31.0
2025-01-02 11:55:00+00:00,72.75,72.76000213623047,72.75,72.76000213623047,65.0
2025-01-02 11:56:00+00:00,72.79000091552734,72.80000305175781,72.75,72.75,46.0
2025-01-02 11:57:00+00:00,72.80999755859375,72.83000183105469,72.80000305175781,72.80000305175781,230.0
2025-01-02 11:58:00+00:00,72.80000305175781,72.80999755859375,72.79000091552734,72.80999755859375,96.0
2025-01-02 11:59:00+00:00,72.80999755859375,72.81999969482422,72.80999755859375,72.80999755859375,21.0
2025-01-02 12:00:00+00:00,72.81999969482422,72.81999969482422,72.80000305175781,72.80000305175781,73.0
2025-01-02 12:01:00+00:00,72.81999969482422,72.83000183105469,72.80000305175781,72.83000183105469,99.0
2025-01-02 12:02:00+00:00,72.79000091552734,72.81999969482422,72.77999877929688,72.80999755859375,81.0
2025-01-02 12:03:00+00:00,72.7699966430664,72.79000091552734,72.76000213623047,72.79000091552734,167.0
2025-01-02 12:04:00+00:00,72.76000213623047,72.76000213623047,72.75,72.76000213623047,29.0
2025-01-02 12:05:00+00:00,72.73999786376953,72.7699966430664,72.7300033569336,72.7699966430664,85.0
2025-01-02 12:06:00+00:00,72.73999786376953,72.75,72.69999694824219,72.7300033569336,97.0
2025-01-02 12:07:00+00:00,72.70999908447266,72.73999786376953,72.70999908447266,72.73999786376953,27.0
2025-01-02 12:08:00+00:00,72.68000030517578,72.70999908447266,72.68000030517578,72.69999694824219,204.0
2025-01-02 12:09:00+00:00,72.69999694824219,72.70999908447266,72.69000244140625,72.69000244140625,76.0
2025-01-02 12:10:00+00:00,72.75,72.75,72.69999694824219,72.70999908447266,199.0
2025-01-02 12:11:00+00:00,72.75,72.7699966430664,72.75,72.75,51.0
2025-01-02 12:12:00+00:00,72.75,72.76000213623047,72.73999786376953,72.73999786376953,19.0
2025-01-02 12:13:00+00:00,72.75,72.75,72.69999694824219,72.75,63.0
2025-01-02 12:14:00+00:00,72.7300033569336,72.73999786376953,72.7300033569336,72.73999786376953,17.0
2025-01-02 12:15:00+00:00,72.72000122070312,72.72000122070312,72.70999908447266,72.72000122070312,44.0
2025-01-02 12:16:00+00:00,72.72000122070312,72.73999786376953,72.70999908447266,72.73999786376953,52.0
2025-01-02 12:17:00+00:00,72.70999908447266,72.7300033569336,72.70999908447266,72.7300033569336,58.0
2025-01-02 12:18:00+00:00,72.66999816894531,72.70999908447266,72.66000366210938,72.69999694824219,248.0
2025-01-02 12:19:00+00:00,72.6500015258789,72.66999816894531,72.62999725341797,72.66999816894531,136.0
2025-01-02 12:20:00+00:00,72.66999816894531,72.69000244140625,72.6500015258789,72.6500015258789,79.0
2025-01-02 12:21:00+00:00,72.68000030517578,72.68000030517578,72.66000366210938,72.66999816894531,37.0
2025-01-02 12:22:00+00:00,72.66999816894531,72.68000030517578,72.66000366210938,72.68000030517578,33.0
2025-01-02 12:23:00+00:00,72.6500015258789,72.66999816894531,72.6500015258789,72.66000366210938,20.0
2025-01-02 12:24:00+00:00,72.66000366210938,72.66000366210938,72.62999725341797,72.6500015258789,45.0
2025-01-02 12:25:00+00:00,72.69000244140625,72.69000244140625,72.6500015258789,72.6500015258789,40.0
2025-01-02 12:26:00+00:00,72.66000366210938,72.69000244140625,72.66000366210938,72.69000244140625,22.0
2025-01-02 12:27:00+00:00,72.69000244140625,72.69000244140625,72.66000366210938,72.66999816894531,49.0
2025-01-02 12:28:00+00:00,72.69999694824219,72.7300033569336,72.68000030517578,72.69000244140625,85.0
2025-01-02 12:29:00+00:00,72.69999694824219,72.69999694824219,72.68000030517578,72.69999694824219,30.0
2025-01-02 12:30:00+00:00,72.68000030517578,72.70999908447266,72.66999816894531,72.69000244140625,81.0
2025-01-02 12:31:00+00:00,72.69999694824219,72.70999908447266,72.69000244140625,72.69000244140625,46.0
2025-01-02 12:32:00+00:00,72.70999908447266,72.72000122070312,72.69999694824219,72.69999694824219,50.0
2025-01-02 12:33:00+00:00,72.69999694824219,72.72000122070312,72.69000244140625,72.72000122070312,18.0
2025-01-02 12:34:00+00:00,72.72000122070312,72.72000122070312,72.69999694824219,72.69999694824219,102.0
2025-01-02 12:35:00+00:00,72.70999908447266,72.72000122070312,72.69000244140625,72.72000122070312,129.0
2025-01-02 12:36:00+00:00,72.7300033569336,72.73999786376953,72.69999694824219,72.70999908447266,47.0
2025-01-02 12:37:00+00:00,72.72000122070312,72.73999786376953,72.72000122070312,72.7300033569336,81.0
2025-01-02 12:38:00+00:00,72.73999786376953,72.75,72.72000122070312,72.72000122070312,42.0
2025-01-02 12:39:00+00:00,72.7699966430664,72.77999877929688,72.73999786376953,72.75,88.0
2025-01-02 12:40:00+00:00,72.76000213623047,72.77999877929688,72.75,72.7699966430664,170.0
2025-01-02 12:41:00+00:00,72.7699966430664,72.77999877929688,72.75,72.76000213623047,61.0
2025-01-02 12:42:00+00:00,72.77999877929688,72.79000091552734,72.76000213623047,72.7699966430664,88.0
2025-01-02 12:43:00+00:00,72.77999877929688,72.79000091552734,72.7699966430664,72.77999877929688,44.0
2025-01-02 12:44:00+00:00,72.80999755859375,72.80999755859375,72.7699966430664,72.77999877929688,51.0
2025-01-02 12:45:00+00:00,72.79000091552734,72.80999755859375,72.77999877929688,72.80999755859375,96.0
2025-01-02 12:46:00+00:00,72.79000091552734,72.80999755859375,72.77999877929688,72.77999877929688,100.0
2025-01-02 12:47:00+00:00,72.79000091552734,72.79000091552734,72.7699966430664,72.77999877929688,30.0
2025-01-02 12:48:00+00:00,72.77999877929688,72.80000305175781,72.7699966430664,72.79000091552734,45.0
2025-01-02 12:49:00+00:00,72.7699966430664,72.77999877929688,72.76000213623047,72.7699966430664,57.0
2025-01-02 12:50:00+00:00,72.80000305175781,72.80000305175781,72.77999877929688,72.77999877929688,158.0
2025-01-02 12:51:00+00:00,72.80999755859375,72.80999755859375,72.79000091552734,72.80000305175781,49.0
2025-01-02 12:52:00+00:00,72.83999633789062,72.8499984741211,72.80999755859375,72.80999755859375,262.0
2025-01-02 12:53:00+00:00,72.81999969482422,72.83000183105469,72.80999755859375,72.83000183105469,130.0
2025-01-02 12:54:00+00:00,72.80000305175781,72.83000183105469,72.77999877929688,72.83000183105469,173.0
2025-01-02 12:55:00+00:00,72.80999755859375,72.80999755859375,72.79000091552734,72.79000091552734,71.0
2025-01-02 12:56:00+00:00,72.81999969482422,72.81999969482422,72.80000305175781,72.80000305175781,37.0
2025-01-02 12:57:00+00:00,72.7699966430664,72.83000183105469,72.7699966430664,72.81999969482422,226.0
2025-01-02 12:58:00+00:00,72.73999786376953,72.7699966430664,72.73999786376953,72.7699966430664,185.0
2025-01-02 12:59:00+00:00,72.7699966430664,72.77999877929688,72.75,72.75,60.0
2025-01-02 13:00:00+00:00,72.7300033569336,72.77999877929688,72.70999908447266,72.7699966430664,473.0
2025-01-02 13:01:00+00:00,72.72000122070312,72.76000213623047,72.70999908447266,72.7300033569336,183.0
2025-01-02 13:02:00+00:00,72.69000244140625,72.72000122070312,72.68000030517578,72.72000122070312,259.0
2025-01-02 13:03:00+00:00,72.66999816894531,72.69000244140625,72.66000366210938,72.69000244140625,160.0
2025-01-02 13:04:00+00:00,72.66000366210938,72.68000030517578,72.66000366210938,72.66999816894531,206.0
2025-01-02 13:05:00+00:00,72.6500015258789,72.72000122070312,72.6500015258789,72.66999816894531,314.0
2025-01-02 13:06:00+00:00,72.66000366210938,72.68000030517578,72.6500015258789,72.66000366210938,86.0
2025-01-02 13:07:00+00:00,72.6500015258789,72.66999816894531,72.63999938964844,72.66000366210938,79.0
2025-01-02 13:08:00+00:00,72.66000366210938,72.66000366210938,72.5999984741211,72.63999938964844,1758.0
2025-01-02 13:09:00+00:00,72.69000244140625,72.69000244140625,72.66999816894531,72.68000030517578,193.0
2025-01-02 13:10:00+00:00,72.6500015258789,72.69999694824219,72.63999938964844,72.68000030517578,111.0
2025-01-02 13:11:00+00:00,72.68000030517578,72.69000244140625,72.63999938964844,72.63999938964844,112.0
2025-01-02 13:12:00+00:00,72.68000030517578,72.69999694824219,72.66999816894531,72.68000030517578,82.0
2025-01-02 13:13:00+00:00,72.69000244140625,72.69000244140625,72.66000366210938,72.66999816894531,55.0
2025-01-02 13:14:00+00:00,72.66000366210938,72.69999694824219,72.63999938964844,72.68000030517578,104.0
2025-01-02 13:15:00+00:00,72.62999725341797,72.66000366210938,72.5999984741211,72.66000366210938,324.0
2025-01-02 13:16:00+00:00,72.56999969482422,72.62999725341797,72.56999969482422,72.62999725341797,190.0
2025-01-02 13:17:00+00:00,72.54000091552734,72.58999633789062,72.54000091552734,72.56999969482422,705.0
2025-01-02 13:18:00+00:00,72.54000091552734,72.55000305175781,72.5199966430664,72.54000091552734,160.0
2025-01-02 13:19:00+00:00,72.54000091552734,72.55000305175781,72.5,72.54000091552734,855.0
2025-01-02 13:20:00+00:00,72.55999755859375,72.55999755859375,72.5199966430664,72.54000091552734,208.0
2025-01-02 13:21:00+00:00,72.54000091552734,72.56999969482422,72.52999877929688,72.55999755859375,128.0
2025-01-02 13:22:00+00:00,72.58000183105469,72.58000183105469,72.52999877929688,72.52999877929688,108.0
2025-01-02 13:23:00+00:00,72.58999633789062,72.61000061035156,72.58000183105469,72.58000183105469,162.0
2025-01-02 13:24:00+00:00,72.5999984741211,72.61000061035156,72.58000183105469,72.58999633789062,151.0
2025-01-02 13:25:00+00:00,72.5999984741211,72.62000274658203,72.58999633789062,72.58999633789062,202.0
2025-01-02 13:26:00+00:00,72.63999938964844,72.63999938964844,72.58999633789062,72.5999984741211,85.0
2025-01-02 13:27:00+00:00,72.5999984741211,72.62999725341797,72.5999984741211,72.62999725341797,87.0
2025-01-02 13:28:00+00:00,72.62999725341797,72.62999725341797,72.5999984741211,72.61000061035156,66.0
2025-01-02 13:29:00+00:00,72.62000274658203,72.63999938964844,72.62000274658203,72.62999725341797,65.0
2025-01-02 13:30:00+00:00,72.62000274658203,72.6500015258789,72.61000061035156,72.62000274658203,222.0
2025-01-02 13:31:00+00:00,72.62999725341797,72.6500015258789,72.61000061035156,72.62000274658203,225.0
2025-01-02 13:32:00+00:00,72.69999694824219,72.7300033569336,72.61000061035156,72.62000274658203,3409.0
2025-01-02 13:33:00+00:00,72.69000244140625,72.69999694824219,72.63999938964844,72.69999694824219,1030.0
2025-01-02 13:34:00+00:00,72.62000274658203,72.68000030517578,72.62000274658203,72.68000030517578,273.0
2025-01-02 13:35:00+00:00,72.58999633789062,72.62999725341797,72.58999633789062,72.62000274658203,263.0
2025-01-02 13:36:00+00:00,72.58999633789062,72.62999725341797,72.58000183105469,72.5999984741211,191.0
2025-01-02 13:37:00+00:00,72.58999633789062,72.6500015258789,72.56999969482422,72.58000183105469,155.0
2025-01-02 13:38:00+00:00,72.5999984741211,72.61000061035156,72.58999633789062,72.58999633789062,78.0
2025-01-02 13:39:00+00:00,72.56999969482422,72.61000061035156,72.56999969482422,72.61000061035156,76.0
2025-01-02 13:40:00+00:00,72.62000274658203,72.63999938964844,72.56999969482422,72.58000183105469,221.0
2025-01-02 13:41:00+00:00,72.62000274658203,72.6500015258789,72.62000274658203,72.62999725341797,43.0
2025-01-02 13:42:00+00:00,72.63999938964844,72.63999938964844,72.62000274658203,72.62000274658203,112.0
2025-01-02 13:43:00+00:00,72.63999938964844,72.6500015258789,72.62999725341797,72.6500015258789,29.0
2025-01-02 13:44:00+00:00,72.69000244140625,72.69000244140625,72.63999938964844,72.63999938964844,1124.0
2025-01-02 13:45:00+00:00,72.72000122070312,72.72000122070312,72.68000030517578,72.69999694824219,313.0
2025-01-02 13:46:00+00:00,72.7300033569336,72.7300033569336,72.72000122070312,72.72000122070312,265.0
2025-01-02 13:47:00+00:00,72.76000213623047,72.76000213623047,72.72000122070312,72.73999786376953,327.0
2025-01-02 13:48:00+00:00,72.77999877929688,72.79000091552734,72.75,72.75,125.0
2025-01-02 13:49:00+00:00,72.79000091552734,72.80999755859375,72.7699966430664,72.77999877929688,172.0
2025-01-02 13:50:00+00:00,72.83999633789062,72.86000061035156,72.7699966430664,72.80000305175781,2036.0
2025-01-02 13:51:00+00:00,72.8499984741211,72.87000274658203,72.83999633789062,72.8499984741211,129.0
2025-01-02 13:52:00+00:00,72.83000183105469,72.86000061035156,72.80000305175781,72.86000061035156,414.0
2025-01-02 13:53:00+00:00,72.83000183105469,72.83000183105469,72.80999755859375,72.83000183105469,104.0
2025-01-02 13:54:00+00:00,72.8499984741211,72.87000274658203,72.83000183105469,72.83000183105469,178.0
2025-01-02 13:55:00+00:00,72.8499984741211,72.88999938964844,72.83999633789062,72.8499984741211,511.0
2025-01-02 13:56:00+00:00,72.86000061035156,72.88999938964844,72.83000183105469,72.87000274658203,218.0
2025-01-02 13:57:00+00:00,72.81999969482422,72.86000061035156,72.80999755859375,72.86000061035156,701.0
2025-01-02 13:58:00+00:00,72.83000183105469,72.83999633789062,72.80999755859375,72.81999969482422,172.0
2025-01-02 13:59:00+00:00,72.83999633789062,72.8499984741211,72.80000305175781,72.81999969482422,239.0
2025-01-02 14:00:00+00:00,72.87999725341797,72.94999694824219,72.81999969482422,72.81999969482422,1653.0
2025-01-02 14:01:00+00:00,72.87999725341797,72.94000244140625,72.87000274658203,72.87999725341797,543.0
2025-01-02 14:02:00+00:00,72.8499984741211,72.91000366210938,72.83999633789062,72.87999725341797,630.0
2025-01-02 14:03:00+00:00,72.87999725341797,72.87999725341797,72.81999969482422,72.8499984741211,325.0
2025-01-02 14:04:00+00:00,72.88999938964844,72.9000015258789,72.83999633789062,72.88999938964844,197.0
2025-01-02 14:05:00+00:00,72.94999694824219,73.0,72.87000274658203,72.87999725341797,926.0
2025-01-02 14:06:00+00:00,72.93000030517578,72.95999908447266,72.91999816894531,72.94999694824219,211.0
2025-01-02 14:07:00+00:00,73.01000213623047,73.0199966430664,72.9000015258789,72.91999816894531,782.0
2025-01-02 14:08:00+00:00,72.94999694824219,73.0199966430664,72.94000244140625,73.01000213623047,491.0
2025-01-02 14:09:00+00:00,72.93000030517578,72.97000122070312,72.86000061035156,72.95999908447266,1325.0
2025-01-02 14:10:00+00:00,72.87000274658203,72.94999694824219,72.86000061035156,72.91999816894531,427.0
2025-01-02 14:11:00+00:00,72.87999725341797,72.9000015258789,72.86000061035156,72.87000274658203,216.0
2025-01-02 14:12:00+00:00,72.95999908447266,72.97000122070312,72.87999725341797,72.87999725341797,208.0
2025-01-02 14:13:00+00:00,72.97000122070312,72.9800033569336,72.94000244140625,72.95999908447266,215.0
2025-01-02 14:14:00+00:00,73.01000213623047,73.04000091552734,72.98999786376953,72.98999786376953,669.0
2025-01-02 14:15:00+00:00,73.02999877929688,73.04000091552734,73.01000213623047,73.0199966430664,384.0
2025-01-02 14:16:00+00:00,72.98999786376953,73.02999877929688,72.9800033569336,73.0199966430664,484.0
2025-01-02 14:17:00+00:00,72.9800033569336,73.0,72.94999694824219,72.98999786376953,411.0
2025-01-02 14:18:00+00:00,72.98999786376953,73.01000213623047,72.98999786376953,72.98999786376953,230.0
2025-01-02 14:19:00+00:00,72.9800033569336,72.98999786376953,72.95999908447266,72.98999786376953,226.0
2025-01-02 14:20:00+00:00,73.0199966430664,73.04000091552734,72.9800033569336,72.98999786376953,687.0
2025-01-02 14:21:00+00:00,73.0199966430664,73.11000061035156,73.0,73.0199966430664,2130.0
2025-01-02 14:22:00+00:00,73.0,73.04000091552734,72.98999786376953,73.01000213623047,535.0
2025-01-02 14:23:00+00:00,72.98999786376953,72.98999786376953,72.94999694824219,72.98999786376953,221.0
2025-01-02 14:24:00+00:00,73.02999877929688,73.02999877929688,72.98999786376953,72.98999786376953,244.0
2025-01-02 14:25:00+00:00,73.05999755859375,73.05999755859375,73.01000213623047,73.01000213623047,238.0
2025-01-02 14:26:00+00:00,73.11000061035156,73.13999938964844,73.05999755859375,73.05999755859375,1299.0
2025-01-02 14:27:00+00:00,73.08999633789062,73.13999938964844,73.08000183105469,73.11000061035156,1088.0
2025-01-02 14:28:00+00:00,73.05999755859375,73.0999984741211,73.05999755859375,73.0999984741211,181.0
2025-01-02 14:29:00+00:00,73.05000305175781,73.06999969482422,73.02999877929688,73.05000305175781,337.0
2025-01-02 14:30:00+00:00,73.12999725341797,73.13999938964844,73.04000091552734,73.05000305175781,478.0
2025-01-02 14:31:00+00:00,73.12000274658203,73.13999938964844,73.05999755859375,73.12999725341797,389.0
2025-01-02 14:32:00+00:00,73.0999984741211,73.1500015258789,73.08000183105469,73.12999725341797,405.0
2025-01-02 14:33:00+00:00,73.12000274658203,73.12999725341797,73.08999633789062,73.11000061035156,366.0
2025-01-02 14:34:00+00:00,73.12999725341797,73.1500015258789,73.12000274658203,73.12999725341797,1286.0
2025-01-02 14:35:00+00:00,73.13999938964844,73.1500015258789,73.0999984741211,73.12000274658203,342.0
2025-01-02 14:36:00+00:00,73.16999816894531,73.2300033569336,73.13999938964844,73.1500015258789,875.0
2025-01-02 14:37:00+00:00,73.18000030517578,73.19999694824219,73.12999725341797,73.16999816894531,577.0
2025-01-02 14:38:00+00:00,73.16999816894531,73.20999908447266,73.1500015258789,73.18000030517578,284.0
2025-01-02 14:39:00+00:00,73.1500015258789,73.18000030517578,73.1500015258789,73.16999816894531,275.0
2025-01-02 14:40:00+00:00,73.11000061035156,73.18000030517578,73.08000183105469,73.1500015258789,621.0
2025-01-02 14:41:00+00:00,73.13999938964844,73.1500015258789,73.08000183105469,73.12000274658203,218.0
2025-01-02 14:42:00+00:00,73.13999938964844,73.16000366210938,73.12999725341797,73.1500015258789,287.0
2025-01-02 14:43:00+00:00,73.12999725341797,73.13999938964844,73.12000274658203,73.13999938964844,230.0
2025-01-02 14:44:00+00:00,73.12999725341797,73.13999938964844,73.08999633789062,73.12999725341797,281.0
2025-01-02 14:45:00+00:00,73.13999938964844,73.16999816894531,73.12000274658203,73.12999725341797,484.0
2025-01-02 14:46:00+00:00,73.19000244140625,73.19000244140625,73.13999938964844,73.16000366210938,447.0
2025-01-02 14:47:00+00:00,73.13999938964844,73.19999694824219,73.12000274658203,73.19000244140625,622.0
2025-01-02 14:48:00+00:00,73.08999633789062,73.13999938964844,73.05000305175781,73.12999725341797,1180.0
2025-01-02 14:49:00+00:00,73.19000244140625,73.23999786376953,73.08999633789062,73.11000061035156,786.0
2025-01-02 14:50:00+00:00,73.2699966430664,73.30000305175781,73.19000244140625,73.19999694824219,1268.0
2025-01-02 14:51:00+00:00,73.25,73.31999969482422,73.23999786376953,73.2699966430664,1660.0
2025-01-02 14:52:00+00:00,73.2699966430664,73.33000183105469,73.25,73.25,525.0
2025-01-02 14:53:00+00:00,73.30000305175781,73.30000305175781,73.25,73.2699966430664,240.0
2025-01-02 14:54:00+00:00,73.33000183105469,73.33999633789062,73.29000091552734,73.30000305175781,1301.0
2025-01-02 14:55:00+00:00,73.36000061035156,73.37999725341797,73.30000305175781,73.33000183105469,1265.0
2025-01-02 14:56:00+00:00,73.36000061035156,73.4000015258789,73.33999633789062,73.37000274658203,387.0
2025-01-02 14:57:00+00:00,73.3499984741211,73.4000015258789,73.33000183105469,73.3499984741211,562.0
2025-01-02 14:58:00+00:00,73.36000061035156,73.38999938964844,73.33999633789062,73.3499984741211,1584.0
2025-01-02 14:59:00+00:00,73.37000274658203,73.37999725341797,73.33999633789062,73.36000061035156,385.0
2025-01-02 15:00:00+00:00,73.43000030517578,73.44000244140625,73.36000061035156,73.37999725341797,530.0
2025-01-02 15:01:00+00:00,73.38999938964844,73.45999908447266,73.38999938964844,73.44000244140625,1738.0
2025-01-02 15:02:00+00:00,73.37999725341797,73.44000244140625,73.37999725341797,73.38999938964844,483.0
2025-01-02 15:03:00+00:00,73.36000061035156,73.43000030517578,73.36000061035156,73.37999725341797,1081.0
2025-01-02 15:04:00+00:00,73.41000366210938,73.41999816894531,73.3499984741211,73.3499984741211,428.0
2025-01-02 15:05:00+00:00,73.37999725341797,73.43000030517578,73.33999633789062,73.41999816894531,413.0
2025-01-02 15:06:00+00:00,73.3499984741211,73.41000366210938,73.33999633789062,73.37999725341797,397.0
2025-01-02 15:07:00+00:00,73.3499984741211,73.38999938964844,73.33999633789062,73.33999633789062,288.0
2025-01-02 15:08:00+00:00,73.33999633789062,73.37999725341797,73.33000183105469,73.3499984741211,1207.0
2025-01-02 15:09:00+00:00,73.33000183105469,73.38999938964844,73.30999755859375,73.3499984741211,300.0
2025-01-02 15:10:00+00:00,73.30999755859375,73.3499984741211,73.2699966430664,73.33999633789062,710.0
2025-01-02 15:11:00+00:00,73.2699966430664,73.36000061035156,73.23999786376953,73.30000305175781,851.0
2025-01-02 15:12:00+00:00,73.30999755859375,73.30999755859375,73.2300033569336,73.2699966430664,1389.0
2025-01-02 15:13:00+00:00,73.3499984741211,73.37000274658203,73.30999755859375,73.30999755859375,1142.0
2025-01-02 15:14:00+00:00,73.33999633789062,73.36000061035156,73.30999755859375,73.3499984741211,350.0
2025-01-02 15:15:00+00:00,73.33000183105469,73.37999725341797,73.31999969482422,73.3499984741211,428.0
2025-01-02 15:16:00+00:00,73.30999755859375,73.33999633789062,73.29000091552734,73.33000183105469,474.0
2025-01-02 15:17:00+00:00,73.37999725341797,73.4000015258789,73.30000305175781,73.30000305175781,320.0
2025-01-02 15:18:00+00:00,73.38999938964844,73.4000015258789,73.37000274658203,73.38999938964844,288.0
2025-01-02 15:19:00+00:00,73.33999633789062,73.41000366210938,73.33999633789062,73.37999725341797,1454.0
2025-01-02 15:20:00+00:00,73.33999633789062,73.37999725341797,73.33000183105469,73.36000061035156,1297.0
2025-01-02 15:21:00+00:00,73.33000183105469,73.33999633789062,73.29000091552734,73.33000183105469,508.0
2025-01-02 15:22:00+00:00,73.31999969482422,73.3499984741211,73.29000091552734,73.33999633789062,544.0
2025-01-02 15:23:00+00:00,73.33000183105469,73.37000274658203,73.31999969482422,73.33000183105469,299.0
2025-01-02 15:24:00+00:00,73.33000183105469,73.3499984741211,73.30999755859375,73.33999633789062,190.0
2025-01-02 15:25:00+00:00,73.31999969482422,73.33999633789062,73.29000091552734,73.33000183105469,526.0
2025-01-02 15:26:00+00:00,73.37000274658203,73.38999938964844,73.30000305175781,73.30000305175781,504.0
2025-01-02 15:27:00+00:00,73.41999816894531,73.43000030517578,73.36000061035156,73.37000274658203,298.0
2025-01-02 15:28:00+00:00,73.41999816894531,73.44999694824219,73.37000274658203,73.43000030517578,596.0
2025-01-02 15:29:00+00:00,73.43000030517578,73.44000244140625,73.41000366210938,73.41000366210938,284.0
2025-01-02 15:30:00+00:00,73.41000366210938,73.44999694824219,73.4000015258789,73.43000030517578,412.0
2025-01-02 15:31:00+00:00,73.44999694824219,73.45999908447266,73.33999633789062,73.41000366210938,581.0
2025-01-02 15:32:00+00:00,73.51000213623047,73.52999877929688,73.44999694824219,73.45999908447266,879.0
2025-01-02 15:33:00+00:00,73.55999755859375,73.58000183105469,73.51000213623047,73.51000213623047,1484.0
2025-01-02 15:34:00+00:00,73.5,73.56999969482422,73.48999786376953,73.55999755859375,2529.0
2025-01-02 15:35:00+00:00,73.51000213623047,73.5199966430664,73.45999908447266,73.5,1598.0
2025-01-02 15:36:00+00:00,73.54000091552734,73.55999755859375,73.5,73.5,160.0
2025-01-02 15:37:00+00:00,73.52999877929688,73.58000183105469,73.5199966430664,73.55000305175781,283.0
2025-01-02 15:38:00+00:00,73.52999877929688,73.56999969482422,73.48999786376953,73.5199966430664,804.0
2025-01-02 15:39:00+00:00,73.52999877929688,73.52999877929688,73.5,73.5199966430664,220.0
2025-01-02 15:40:00+00:00,73.48999786376953,73.5199966430664,73.4800033569336,73.5199966430664,237.0
2025-01-02 15:41:00+00:00,73.51000213623047,73.5199966430664,73.48999786376953,73.5,283.0
2025-01-02 15:42:00+00:00,73.51000213623047,73.54000091552734,73.5,73.5,315.0
2025-01-02 15:43:00+00:00,73.54000091552734,73.58000183105469,73.51000213623047,73.5199966430664,390.0
2025-01-02 15:44:00+00:00,73.55000305175781,73.56999969482422,73.51000213623047,73.54000091552734,306.0
2025-01-02 15:45:00+00:00,73.55999755859375,73.55999755859375,73.52999877929688,73.55000305175781,243.0
2025-01-02 15:46:00+00:00,73.52999877929688,73.55999755859375,73.5199966430664,73.55999755859375,304.0
2025-01-02 15:47:00+00:00,73.44999694824219,73.52999877929688,73.43000030517578,73.5199966430664,2555.0
2025-01-02 15:48:00+00:00,73.55000305175781,73.55999755859375,73.44999694824219,73.44999694824219,734.0
2025-01-02 15:49:00+00:00,73.55000305175781,73.5999984741211,73.54000091552734,73.55000305175781,316.0
2025-01-02 15:50:00+00:00,73.55999755859375,73.58000183105469,73.54000091552734,73.55999755859375,376.0
2025-01-02 15:51:00+00:00,73.52999877929688,73.56999969482422,73.5,73.55999755859375,510.0
2025-01-02 15:52:00+00:00,73.51000213623047,73.54000091552734,73.51000213623047,73.52999877929688,172.0
2025-01-02 15:53:00+00:00,73.58000183105469,73.58999633789062,73.47000122070312,73.51000213623047,429.0
2025-01-02 15:54:00+00:00,73.61000061035156,73.62000274658203,73.56999969482422,73.58000183105469,321.0
2025-01-02 15:55:00+00:00,73.58999633789062,73.62000274658203,73.56999969482422,73.61000061035156,414.0
2025-01-02 15:56:00+00:00,73.58000183105469,73.5999984741211,73.56999969482422,73.58999633789062,173.0
2025-01-02 15:57:00+00:00,73.52999877929688,73.58000183105469,73.51000213623047,73.58000183105469,447.0
2025-01-02 15:58:00+00:00,73.43000030517578,73.5199966430664,73.43000030517578,73.5199966430664,419.0
2025-01-02 15:59:00+00:00,73.4800033569336,73.48999786376953,73.41999816894531,73.44000244140625,360.0
2025-01-02 16:00:00+00:00,73.31999969482422,73.4800033569336,73.19999694824219,73.4800033569336,2745.0
2025-01-02 16:01:00+00:00,73.30999755859375,73.36000061035156,73.2699966430664,73.31999969482422,763.0
2025-01-02 16:02:00+00:00,73.2699966430664,73.31999969482422,73.25,73.30999755859375,824.0
2025-01-02 16:03:00+00:00,73.31999969482422,73.3499984741211,73.23999786376953,73.2699966430664,829.0
2025-01-02 16:04:00+00:00,73.33000183105469,73.3499984741211,73.25,73.31999969482422,894.0
2025-01-02 16:05:00+00:00,73.2699966430664,73.38999938964844,73.2699966430664,73.33999633789062,794.0
2025-01-02 16:06:00+00:00,73.36000061035156,73.37000274658203,73.2699966430664,73.2699966430664,536.0
2025-01-02 16:07:00+00:00,73.3499984741211,73.37000274658203,73.30999755859375,73.3499984741211,397.0
2025-01-02 16:08:00+00:00,73.30000305175781,73.4000015258789,73.29000091552734,73.36000061035156,621.0
2025-01-02 16:09:00+00:00,73.3499984741211,73.36000061035156,73.29000091552734,73.30000305175781,1255.0
2025-01-02 16:10:00+00:00,73.37999725341797,73.41000366210938,73.33999633789062,73.33999633789062,660.0
2025-01-02 16:11:00+00:00,73.41000366210938,73.41999816894531,73.37000274658203,73.37999725341797,379.0
2025-01-02 16:12:00+00:00,73.41000366210938,73.44000244140625,73.38999938964844,73.41000366210938,492.0
2025-01-02 16:13:00+00:00,73.51000213623047,73.51000213623047,73.37999725341797,73.41000366210938,472.0
2025-01-02 16:14:00+00:00,73.44000244140625,73.51000213623047,73.41999816894531,73.5,415.0
2025-01-02 16:15:00+00:00,73.41000366210938,73.47000122070312,73.37999725341797,73.44000244140625,292.0
2025-01-02 16:16:00+00:00,73.4800033569336,73.51000213623047,73.41000366210938,73.41000366210938,338.0
2025-01-02 16:17:00+00:00,73.51000213623047,73.51000213623047,73.45999908447266,73.48999786376953,175.0
2025-01-02 16:18:00+00:00,73.5199966430664,73.5199966430664,73.48999786376953,73.5,147.0
2025-01-02 16:19:00+00:00,73.55999755859375,73.55999755859375,73.5,73.5199966430664,319.0
2025-01-02 16:20:00+00:00,73.55000305175781,73.55999755859375,73.51000213623047,73.55000305175781,336.0
2025-01-02 16:21:00+00:00,73.56999969482422,73.58999633789062,73.5199966430664,73.52999877929688,222.0
2025-01-02 16:22:00+00:00,73.6500015258789,73.66000366210938,73.5199966430664,73.56999969482422,802.0
2025-01-02 16:23:00+00:00,73.62999725341797,73.66999816894531,73.62000274658203,73.6500015258789,473.0
2025-01-02 16:24:00+00:00,73.69999694824219,73.69999694824219,73.61000061035156,73.62999725341797,552.0
2025-01-02 16:25:00+00:00,73.69000244140625,73.7300033569336,73.68000030517578,73.69999694824219,675.0
2025-01-02 16:26:00+00:00,73.66000366210938,73.68000030517578,73.6500015258789,73.68000030517578,519.0
2025-01-02 16:27:00+00:00,73.66999816894531,73.69000244140625,73.63999938964844,73.6500015258789,438.0
2025-01-02 16:28:00+00:00,73.58999633789062,73.69999694824219,73.58999633789062,73.68000030517578,576.0
2025-01-02 16:29:00+00:00,73.4800033569336,73.5999984741211,73.4800033569336,73.58999633789062,1565.0
2025-01-02 16:30:00+00:00,73.38999938964844,73.5,73.38999938964844,73.48999786376953,1331.0
2025-01-02 16:31:00+00:00,73.44999694824219,73.47000122070312,73.4000015258789,73.4000015258789,344.0
2025-01-02 16:32:00+00:00,73.44000244140625,73.45999908447266,73.37000274658203,73.44999694824219,556.0
2025-01-02 16:33:00+00:00,73.47000122070312,73.4800033569336,73.43000030517578,73.44000244140625,223.0
2025-01-02 16:34:00+00:00,73.52999877929688,73.54000091552734,73.4800033569336,73.4800033569336,215.0
2025-01-02 16:35:00+00:00,73.5199966430664,73.55000305175781,73.51000213623047,73.52999877929688,354.0
2025-01-02 16:36:00+00:00,73.54000091552734,73.5999984741211,73.5199966430664,73.5199966430664,2203.0
2025-01-02 16:37:00+00:00,73.55000305175781,73.56999969482422,73.5199966430664,73.55000305175781,279.0
2025-01-02 16:38:00+00:00,73.58000183105469,73.58999633789062,73.54000091552734,73.55000305175781,330.0
2025-01-02 16:39:00+00:00,73.58999633789062,73.5999984741211,73.56999969482422,73.58000183105469,414.0
2025-01-02 16:40:00+00:00,73.5999984741211,73.62000274658203,73.58000183105469,73.58000183105469,169.0
2025-01-02 16:41:00+00:00,73.61000061035156,73.6500015258789,73.58999633789062,73.58999633789062,233.0
2025-01-02 16:42:00+00:00,73.62999725341797,73.62999725341797,73.58999633789062,73.61000061035156,277.0
2025-01-02 16:43:00+00:00,73.56999969482422,73.6500015258789,73.55999755859375,73.62999725341797,232.0
2025-01-02 16:44:00+00:00,73.56999969482422,73.58000183105469,73.54000091552734,73.56999969482422,480.0
2025-01-02 16:45:00+00:00,73.52999877929688,73.62000274658203,73.52999877929688,73.58000183105469,414.0
2025-01-02 16:46:00+00:00,73.4800033569336,73.54000091552734,73.4800033569336,73.54000091552734,214.0
2025-01-02 16:47:00+00:00,73.41999816894531,73.5,73.41999816894531,73.4800033569336,567.0
2025-01-02 16:48:00+00:00,73.47000122070312,73.47000122070312,73.43000030517578,73.43000030517578,681.0
2025-01-02 16:49:00+00:00,73.41999816894531,73.47000122070312,73.4000015258789,73.47000122070312,455.0
2025-01-02 16:50:00+00:00,73.48999786376953,73.5,73.41999816894531,73.41999816894531,525.0
2025-01-02 16:51:00+00:00,73.5,73.5199966430664,73.45999908447266,73.4800033569336,177.0
2025-01-02 16:52:00+00:00,73.58000183105469,73.58000183105469,73.48999786376953,73.48999786376953,906.0
2025-01-02 16:53:00+00:00,73.5999984741211,73.5999984741211,73.55999755859375,73.56999969482422,431.0
2025-01-02 16:54:00+00:00,73.5999984741211,73.5999984741211,73.58000183105469,73.58999633789062,351.0
2025-01-02 16:55:00+00:00,73.62000274658203,73.62999725341797,73.58999633789062,73.61000061035156,203.0
2025-01-02 16:56:00+00:00,73.61000061035156,73.62999725341797,73.58999633789062,73.62000274658203,268.0
2025-01-02 16:57:00+00:00,73.62000274658203,73.63999938964844,73.58999633789062,73.5999984741211,218.0
2025-01-02 16:58:00+00:00,73.5999984741211,73.62000274658203,73.56999969482422,73.62000274658203,631.0
2025-01-02 16:59:00+00:00,73.62000274658203,73.62999725341797,73.5999984741211,73.61000061035156,156.0
2025-01-02 17:00:00+00:00,73.62999725341797,73.63999938964844,73.61000061035156,73.62000274658203,157.0
2025-01-02 17:01:00+00:00,73.61000061035156,73.62999725341797,73.58000183105469,73.5999984741211,263.0
2025-01-02 17:02:00+00:00,73.63999938964844,73.6500015258789,73.5999984741211,73.5999984741211,683.0
2025-01-02 17:03:00+00:00,73.62000274658203,73.62999725341797,73.61000061035156,73.62999725341797,145.0
2025-01-02 17:04:00+00:00,73.5999984741211,73.61000061035156,73.58000183105469,73.61000061035156,373.0
2025-01-02 17:05:00+00:00,73.56999969482422,73.62000274658203,73.55999755859375,73.5999984741211,215.0
2025-01-02 17:06:00+00:00,73.55999755859375,73.58999633789062,73.55999755859375,73.58000183105469,135.0
2025-01-02 17:07:00+00:00,73.5199966430664,73.55999755859375,73.51000213623047,73.55999755859375,646.0
2025-01-02 17:08:00+00:00,73.58999633789062,73.62000274658203,73.52999877929688,73.52999877929688,727.0
2025-01-02 17:09:00+00:00,73.56999969482422,73.58000183105469,73.55000305175781,73.58000183105469,117.0
2025-01-02 17:10:00+00:00,73.5999984741211,73.61000061035156,73.55999755859375,73.55999755859375,395.0
2025-01-02 17:11:00+00:00,73.5999984741211,73.62000274658203,73.58999633789062,73.61000061035156,169.0
2025-01-02 17:12:00+00:00,73.5999984741211,73.62000274658203,73.58000183105469,73.5999984741211,279.0
2025-01-02 17:13:00+00:00,73.61000061035156,73.62000274658203,73.5999984741211,73.5999984741211,104.0
2025-01-02 17:14:00+00:00,73.61000061035156,73.62000274658203,73.5999984741211,73.5999984741211,244.0
2025-01-02 17:15:00+00:00,73.62000274658203,73.62999725341797,73.5999984741211,73.61000061035156,199.0
2025-01-02 17:16:00+00:00,73.56999969482422,73.62000274658203,73.55999755859375,73.62000274658203,650.0
2025-01-02 17:17:00+00:00,73.61000061035156,73.61000061035156,73.55000305175781,73.56999969482422,179.0
2025-01-02 17:18:00+00:00,73.62999725341797,73.62999725341797,73.5999984741211,73.61000061035156,367.0
2025-01-02 17:19:00+00:00,73.62000274658203,73.6500015258789,73.61000061035156,73.62999725341797,494.0
2025-01-02 17:20:00+00:00,73.56999969482422,73.62999725341797,73.56999969482422,73.62000274658203,210.0
2025-01-02 17:21:00+00:00,73.5999984741211,73.61000061035156,73.55999755859375,73.56999969482422,194.0
2025-01-02 17:22:00+00:00,73.61000061035156,73.62999725341797,73.5999984741211,73.61000061035156,723.0
2025-01-02 17:23:00+00:00,73.66999816894531,73.66999816894531,73.62000274658203,73.62999725341797,332.0
2025-01-02 17:24:00+00:00,73.6500015258789,73.66999816894531,73.62999725341797,73.66000366210938,361.0
2025-01-02 17:25:00+00:00,73.61000061035156,73.66000366210938,73.5999984741211,73.63999938964844,937.0
2025-01-02 17:26:00+00:00,73.61000061035156,73.62000274658203,73.58999633789062,73.61000061035156,167.0
2025-01-02 17:27:00+00:00,73.66000366210938,73.66999816894531,73.61000061035156,73.61000061035156,832.0
2025-01-02 17:28:00+00:00,73.68000030517578,73.68000030517578,73.66000366210938,73.66000366210938,166.0
2025-01-02 17:29:00+00:00,73.62999725341797,73.68000030517578,73.61000061035156,73.66000366210938,478.0
2025-01-02 17:30:00+00:00,73.5999984741211,73.62999725341797,73.58000183105469,73.62999725341797,201.0
2025-01-02 17:31:00+00:00,73.62999725341797,73.6500015258789,73.5999984741211,73.61000061035156,729.0
2025-01-02 17:32:00+00:00,73.58000183105469,73.62999725341797,73.56999969482422,73.62999725341797,297.0
2025-01-02 17:33:00+00:00,73.55999755859375,73.58999633789062,73.55000305175781,73.56999969482422,229.0
2025-01-02 17:34:00+00:00,73.54000091552734,73.55999755859375,73.5199966430664,73.55999755859375,850.0
2025-01-02 17:35:00+00:00,73.48999786376953,73.55000305175781,73.4800033569336,73.52999877929688,323.0
2025-01-02 17:36:00+00:00,73.44999694824219,73.48999786376953,73.44999694824219,73.4800033569336,248.0
2025-01-02 17:37:00+00:00,73.43000030517578,73.45999908447266,73.41999816894531,73.45999908447266,179.0
2025-01-02 17:38:00+00:00,73.41000366210938,73.41999816894531,73.37999725341797,73.41999816894531,433.0
2025-01-02 17:39:00+00:00,73.37999725341797,73.43000030517578,73.37000274658203,73.41000366210938,304.0
2025-01-02 17:40:00+00:00,73.41000366210938,73.41000366210938,73.37000274658203,73.37999725341797,193.0
2025-01-02 17:41:00+00:00,73.41000366210938,73.44000244140625,73.37999725341797,73.4000015258789,599.0
2025-01-02 17:42:00+00:00,73.4000015258789,73.41000366210938,73.37000274658203,73.41000366210938,433.0
2025-01-02 17:43:00+00:00,73.41000366210938,73.44000244140625,73.41000366210938,73.41000366210938,151.0
2025-01-02 17:44:00+00:00,73.41000366210938,73.41999816894531,73.37999725341797,73.41999816894531,267.0
2025-01-02 17:45:00+00:00,73.36000061035156,73.41000366210938,73.36000061035156,73.41000366210938,156.0
2025-01-02 17:46:00+00:00,73.3499984741211,73.37000274658203,73.33999633789062,73.37000274658203,320.0
2025-01-02 17:47:00+00:00,73.30999755859375,73.33999633789062,73.30000305175781,73.33000183105469,590.0
2025-01-02 17:48:00+00:00,73.33000183105469,73.3499984741211,73.30000305175781,73.30999755859375,191.0
2025-01-02 17:49:00+00:00,73.29000091552734,73.33000183105469,73.29000091552734,73.33000183105469,330.0
2025-01-02 17:50:00+00:00,73.30999755859375,73.3499984741211,73.25,73.29000091552734,791.0
2025-01-02 17:51:00+00:00,73.31999969482422,73.33000183105469,73.30000305175781,73.31999969482422,158.0
2025-01-02 17:52:00+00:00,73.37999725341797,73.37999725341797,73.31999969482422,73.33000183105469,316.0
2025-01-02 17:53:00+00:00,73.37000274658203,73.4000015258789,73.37000274658203,73.37999725341797,196.0
2025-01-02 17:54:00+00:00,73.3499984741211,73.37999725341797,73.33999633789062,73.37999725341797,145.0
2025-01-02 17:55:00+00:00,73.33999633789062,73.3499984741211,73.33000183105469,73.3499984741211,140.0
2025-01-02 17:56:00+00:00,73.37000274658203,73.37000274658203,73.33999633789062,73.33999633789062,154.0
2025-01-02 17:57:00+00:00,73.37000274658203,73.37999725341797,73.33999633789062,73.36000061035156,287.0
2025-01-02 17:58:00+00:00,73.37000274658203,73.37000274658203,73.33999633789062,73.36000061035156,138.0
2025-01-02 17:59:00+00:00,73.36000061035156,73.37000274658203,73.3499984741211,73.37000274658203,131.0
2025-01-02 18:00:00+00:00,73.31999969482422,73.36000061035156,73.31999969482422,73.3499984741211,200.0
2025-01-02 18:01:00+00:00,73.29000091552734,73.33000183105469,73.29000091552734,73.31999969482422,225.0
2025-01-02 18:02:00+00:00,73.2699966430664,73.31999969482422,73.2699966430664,73.30000305175781,1078.0
2025-01-02 18:03:00+00:00,73.27999877929688,73.30999755859375,73.2699966430664,73.27999877929688,161.0
2025-01-02 18:04:00+00:00,73.27999877929688,73.29000091552734,73.25,73.27999877929688,133.0
2025-01-02 18:05:00+00:00,73.31999969482422,73.31999969482422,73.27999877929688,73.29000091552734,894.0
2025-01-02 18:06:00+00:00,73.3499984741211,73.3499984741211,73.30999755859375,73.30999755859375,471.0
2025-01-02 18:07:00+00:00,73.31999969482422,73.3499984741211,73.31999969482422,73.33000183105469,203.0
2025-01-02 18:08:00+00:00,73.31999969482422,73.33000183105469,73.30999755859375,73.30999755859375,179.0
2025-01-02 18:09:00+00:00,73.27999877929688,73.31999969482422,73.27999877929688,73.30999755859375,149.0
2025-01-02 18:10:00+00:00,73.26000213623047,73.27999877929688,73.25,73.27999877929688,588.0
2025-01-02 18:11:00+00:00,73.27999877929688,73.29000091552734,73.23999786376953,73.26000213623047,142.0
2025-01-02 18:12:00+00:00,73.2699966430664,73.27999877929688,73.25,73.27999877929688,190.0
2025-01-02 18:13:00+00:00,73.26000213623047,73.2699966430664,73.26000213623047,73.2699966430664,120.0
2025-01-02 18:14:00+00:00,73.26000213623047,73.2699966430664,73.25,73.25,134.0
2025-01-02 18:15:00+00:00,73.27999877929688,73.27999877929688,73.23999786376953,73.26000213623047,211.0
2025-01-02 18:16:00+00:00,73.2699966430664,73.2699966430664,73.25,73.2699966430664,270.0
2025-01-02 18:17:00+00:00,73.2699966430664,73.27999877929688,73.26000213623047,73.27999877929688,189.0
2025-01-02 18:18:00+00:00,73.30999755859375,73.30999755859375,73.2699966430664,73.27999877929688,132.0
2025-01-02 18:19:00+00:00,73.30999755859375,73.31999969482422,73.29000091552734,73.30000305175781,266.0
2025-01-02 18:20:00+00:00,73.31999969482422,73.33999633789062,73.30999755859375,73.30999755859375,227.0
2025-01-02 18:21:00+00:00,73.33000183105469,73.33000183105469,73.27999877929688,73.30999755859375,190.0
2025-01-02 18:22:00+00:00,73.30999755859375,73.33000183105469,73.2699966430664,73.33000183105469,404.0
2025-01-02 18:23:00+00:00,73.27999877929688,73.31999969482422,73.27999877929688,73.30999755859375,252.0
2025-01-02 18:24:00+00:00,73.2699966430664,73.29000091552734,73.2699966430664,73.27999877929688,96.0
2025-01-02 18:25:00+00:00,73.29000091552734,73.30000305175781,73.26000213623047,73.2699966430664,144.0
2025-01-02 18:26:00+00:00,73.27999877929688,73.30000305175781,73.27999877929688,73.30000305175781,103.0
2025-01-02 18:27:00+00:00,73.31999969482422,73.31999969482422,73.27999877929688,73.27999877929688,120.0
2025-01-02 18:28:00+00:00,73.30999755859375,73.33999633789062,73.30000305175781,73.31999969482422,157.0
2025-01-02 18:29:00+00:00,73.33000183105469,73.33000183105469,73.30000305175781,73.30999755859375,161.0
2025-01-02 18:30:00+00:00,73.26000213623047,73.31999969482422,73.25,73.30999755859375,152.0
2025-01-02 18:31:00+00:00,73.18000030517578,73.25,73.12999725341797,73.25,1385.0
2025-01-02 18:32:00+00:00,73.16000366210938,73.25,73.1500015258789,73.20999908447266,514.0
2025-01-02 18:33:00+00:00,73.13999938964844,73.18000030517578,73.12999725341797,73.13999938964844,622.0
2025-01-02 18:34:00+00:00,73.1500015258789,73.16000366210938,73.12000274658203,73.13999938964844,197.0
2025-01-02 18:35:00+00:00,73.11000061035156,73.18000030517578,73.11000061035156,73.1500015258789,307.0
2025-01-02 18:36:00+00:00,73.19999694824219,73.19999694824219,73.08000183105469,73.08999633789062,685.0
2025-01-02 18:37:00+00:00,73.19999694824219,73.19999694824219,73.18000030517578,73.19999694824219,214.0
2025-01-02 18:38:00+00:00,73.1500015258789,73.22000122070312,73.12999725341797,73.19000244140625,688.0
2025-01-02 18:39:00+00:00,73.13999938964844,73.16000366210938,73.13999938964844,73.1500015258789,160.0
2025-01-02 18:40:00+00:00,73.16000366210938,73.16999816894531,73.12000274658203,73.13999938964844,177.0
2025-01-02 18:41:00+00:00,73.16999816894531,73.19000244140625,73.1500015258789,73.16000366210938,372.0
2025-01-02 18:42:00+00:00,73.16000366210938,73.19000244140625,73.1500015258789,73.18000030517578,152.0
2025-01-02 18:43:00+00:00,73.23999786376953,73.26000213623047,73.16000366210938,73.16999816894531,256.0
2025-01-02 18:44:00+00:00,73.2699966430664,73.27999877929688,73.23999786376953,73.23999786376953,407.0
2025-01-02 18:45:00+00:00,73.25,73.27999877929688,73.23999786376953,73.2699966430664,193.0
2025-01-02 18:46:00+00:00,73.2699966430664,73.27999877929688,73.25,73.25,243.0
2025-01-02 18:47:00+00:00,73.29000091552734,73.30999755859375,73.2699966430664,73.2699966430664,391.0
2025-01-02 18:48:00+00:00,73.25,73.30999755859375,73.25,73.29000091552734,290.0
2025-01-02 18:49:00+00:00,73.26000213623047,73.2699966430664,73.23999786376953,73.25,215.0
2025-01-02 18:50:00+00:00,73.22000122070312,73.27999877929688,73.22000122070312,73.26000213623047,165.0
2025-01-02 18:51:00+00:00,73.20999908447266,73.22000122070312,73.20999908447266,73.22000122070312,79.0
2025-01-02 18:52:00+00:00,73.18000030517578,73.22000122070312,73.18000030517578,73.22000122070312,191.0
2025-01-02 18:53:00+00:00,73.16999816894531,73.18000030517578,73.12999725341797,73.18000030517578,282.0
2025-01-02 18:54:00+00:00,73.16000366210938,73.18000030517578,73.1500015258789,73.18000030517578,187.0
2025-01-02 18:55:00+00:00,73.18000030517578,73.19000244140625,73.1500015258789,73.16000366210938,178.0
2025-01-02 18:56:00+00:00,73.19000244140625,73.19999694824219,73.18000030517578,73.19000244140625,154.0
2025-01-02 18:57:00+00:00,73.22000122070312,73.23999786376953,73.19000244140625,73.19000244140625,183.0
2025-01-02 18:58:00+00:00,73.23999786376953,73.26000213623047,73.22000122070312,73.2300033569336,386.0
2025-01-02 18:59:00+00:00,73.22000122070312,73.25,73.20999908447266,73.23999786376953,227.0
2025-01-02 19:00:00+00:00,73.19000244140625,73.25,73.19000244140625,73.22000122070312,292.0
2025-01-02 19:01:00+00:00,73.18000030517578,73.19000244140625,73.16999816894531,73.19000244140625,196.0
2025-01-02 19:02:00+00:00,73.20999908447266,73.23999786376953,73.18000030517578,73.18000030517578,240.0
2025-01-02 19:03:00+00:00,73.19999694824219,73.2300033569336,73.19000244140625,73.22000122070312,713.0
2025-01-02 19:04:00+00:00,73.19999694824219,73.2300033569336,73.19999694824219,73.19999694824219,116.0
2025-01-02 19:05:00+00:00,73.18000030517578,73.2300033569336,73.16000366210938,73.19999694824219,448.0
2025-01-02 19:06:00+00:00,73.16999816894531,73.19999694824219,73.16999816894531,73.18000030517578,197.0
2025-01-02 19:07:00+00:00,73.16999816894531,73.19999694824219,73.16000366210938,73.16999816894531,371.0
2025-01-02 19:08:00+00:00,73.16000366210938,73.18000030517578,73.12000274658203,73.18000030517578,266.0
2025-01-02 19:09:00+00:00,73.12000274658203,73.16999816894531,73.0999984741211,73.16999816894531,616.0
2025-01-02 19:10:00+00:00,73.16999816894531,73.16999816894531,73.11000061035156,73.12999725341797,299.0
2025-01-02 19:11:00+00:00,73.19000244140625,73.20999908447266,73.16999816894531,73.16999816894531,687.0
2025-01-02 19:12:00+00:00,73.08999633789062,73.19999694824219,73.08999633789062,73.19000244140625,1089.0
2025-01-02 19:13:00+00:00,73.12999725341797,73.16000366210938,73.08000183105469,73.08999633789062,496.0
2025-01-02 19:14:00+00:00,73.16000366210938,73.16000366210938,73.12000274658203,73.1500015258789,291.0
2025-01-02 19:15:00+00:00,73.11000061035156,73.16000366210938,73.0999984741211,73.16000366210938,432.0
2025-01-02 19:16:00+00:00,73.0999984741211,73.12000274658203,73.08999633789062,73.11000061035156,381.0
2025-01-02 19:17:00+00:00,73.08999633789062,73.13999938964844,73.08000183105469,73.11000061035156,958.0
2025-01-02 19:18:00+00:00,73.12999725341797,73.12999725341797,73.08000183105469,73.08999633789062,471.0
2025-01-02 19:19:00+00:00,73.11000061035156,73.16000366210938,73.08999633789062,73.13999938964844,1577.0
2025-01-02 19:20:00+00:00,73.0999984741211,73.11000061035156,73.05999755859375,73.11000061035156,846.0
2025-01-02 19:21:00+00:00,73.11000061035156,73.13999938964844,73.08999633789062,73.11000061035156,423.0
2025-01-02 19:22:00+00:00,73.12999725341797,73.1500015258789,73.11000061035156,73.12000274658203,480.0
2025-01-02 19:23:00+00:00,73.12999725341797,73.12999725341797,73.12000274658203,73.12999725341797,281.0
2025-01-02 19:24:00+00:00,73.08000183105469,73.12999725341797,73.05000305175781,73.12000274658203,1120.0
2025-01-02 19:25:00+00:00,73.08000183105469,73.0999984741211,73.05999755859375,73.08000183105469,516.0
2025-01-02 19:26:00+00:00,73.06999969482422,73.08999633789062,73.05000305175781,73.08999633789062,437.0
2025-01-02 19:27:00+00:00,73.11000061035156,73.12999725341797,73.05000305175781,73.08000183105469,1035.0
2025-01-02 19:28:00+00:00,73.12999725341797,73.18000030517578,73.0999984741211,73.12000274658203,3449.0
2025-01-02 19:29:00+00:00,73.0999984741211,73.16000366210938,73.08000183105469,73.12999725341797,4078.0
2025-01-02 19:30:00+00:00,73.11000061035156,73.12000274658203,73.08999633789062,73.0999984741211,689.0
2025-01-02 19:31:00+00:00,73.18000030517578,73.18000030517578,73.11000061035156,73.11000061035156,1158.0
2025-01-02 19:32:00+00:00,73.22000122070312,73.23999786376953,73.16999816894531,73.18000030517578,1093.0
2025-01-02 19:33:00+00:00,73.27999877929688,73.33999633789062,73.22000122070312,73.22000122070312,2283.0
2025-01-02 19:34:00+00:00,73.36000061035156,73.38999938964844,73.29000091552734,73.29000091552734,1787.0
2025-01-02 19:35:00+00:00,73.41999816894531,73.44000244140625,73.33999633789062,73.37000274658203,1846.0
2025-01-02 19:36:00+00:00,73.4000015258789,73.41999816894531,73.36000061035156,73.41999816894531,2165.0
2025-01-02 19:37:00+00:00,73.37000274658203,73.41000366210938,73.37000274658203,73.4000015258789,254.0
2025-01-02 19:38:00+00:00,73.37999725341797,73.38999938964844,73.3499984741211,73.37000274658203,141.0
2025-01-02 19:39:00+00:00,73.33000183105469,73.38999938964844,73.33000183105469,73.38999938964844,507.0
2025-01-02 19:40:00+00:00,73.3499984741211,73.36000061035156,73.31999969482422,73.33000183105469,831.0
2025-01-02 19:41:00+00:00,73.33999633789062,73.37000274658203,73.33999633789062,73.3499984741211,275.0
2025-01-02 19:42:00+00:00,73.33999633789062,73.3499984741211,73.31999969482422,73.3499984741211,231.0
2025-01-02 19:43:00+00:00,73.31999969482422,73.36000061035156,73.31999969482422,73.3499984741211,255.0
2025-01-02 19:44:00+00:00,73.27999877929688,73.31999969482422,73.26000213623047,73.31999969482422,562.0
2025-01-02 19:45:00+00:00,73.26000213623047,73.27999877929688,73.25,73.27999877929688,150.0
2025-01-02 19:46:00+00:00,73.26000213623047,73.27999877929688,73.25,73.25,174.0
2025-01-02 19:47:00+00:00,73.2699966430664,73.27999877929688,73.26000213623047,73.27999877929688,87.0
2025-01-02 19:48:00+00:00,73.2699966430664,73.27999877929688,73.26000213623047,73.26000213623047,34.0
2025-01-02 19:49:00+00:00,73.2699966430664,73.27999877929688,73.2699966430664,73.2699966430664,31.0
2025-01-02 19:50:00+00:00,73.25,73.27999877929688,73.25,73.2699966430664,88.0
2025-01-02 19:51:00+00:00,73.23999786376953,73.26000213623047,73.2300033569336,73.25,100.0
2025-01-02 19:52:00+00:00,73.22000122070312,73.25,73.20999908447266,73.23999786376953,842.0
2025-01-02 19:53:00+00:00,73.22000122070312,73.2300033569336,73.22000122070312,73.22000122070312,68.0
2025-01-02 19:54:00+00:00,73.23999786376953,73.2699966430664,73.2300033569336,73.2300033569336,95.0
2025-01-02 19:55:00+00:00,73.26000213623047,73.2699966430664,73.2300033569336,73.23999786376953,526.0
2025-01-02 19:56:00+00:00,73.27999877929688,73.29000091552734,73.26000213623047,73.26000213623047,68.0
2025-01-02 19:57:00+00:00,73.26000213623047,73.27999877929688,73.25,73.27999877929688,218.0
2025-01-02 19:58:00+00:00,73.23999786376953,73.25,73.2300033569336,73.25,57.0
2025-01-02 19:59:00+00:00,73.23999786376953,73.25,73.2300033569336,73.23999786376953,68.0
2025-01-02 20:00:00+00:00,73.23999786376953,73.26000213623047,73.23999786376953,73.23999786376953,51.0
2025-01-02 20:01:00+00:00,73.22000122070312,73.23999786376953,73.22000122070312,73.2300033569336,69.0
2025-01-02 20:02:00+00:00,73.22000122070312,73.2300033569336,73.22000122070312,73.22000122070312,65.0
2025-01-02 20:03:00+00:00,73.2300033569336,73.23999786376953,73.2300033569336,73.2300033569336,46.0
2025-01-02 20:04:00+00:00,73.23999786376953,73.23999786376953,73.22000122070312,73.23999786376953,49.0
2025-01-02 20:05:00+00:00,73.25,73.25,73.2300033569336,73.23999786376953,38.0
2025-01-02 20:06:00+00:00,73.23999786376953,73.23999786376953,73.2300033569336,73.23999786376953,19.0
2025-01-02 20:07:00+00:00,73.23999786376953,73.25,73.2300033569336,73.23999786376953,147.0
2025-01-02 20:08:00+00:00,73.20999908447266,73.23999786376953,73.20999908447266,73.23999786376953,341.0
2025-01-02 20:09:00+00:00,73.19999694824219,73.20999908447266,73.19000244140625,73.19999694824219,75.0
2025-01-02 20:10:00+00:00,73.23999786376953,73.23999786376953,73.19000244140625,73.19999694824219,100.0
2025-01-02 20:11:00+00:00,73.22000122070312,73.2300033569336,73.22000122070312,73.2300033569336,44.0
2025-01-02 20:12:00+00:00,73.2300033569336,73.2300033569336,73.20999908447266,73.20999908447266,71.0
2025-01-02 20:13:00+00:00,73.23999786376953,73.26000213623047,73.2300033569336,73.2300033569336,148.0
2025-01-02 20:14:00+00:00,73.2300033569336,73.2300033569336,73.22000122070312,73.2300033569336,78.0
2025-01-02 20:15:00+00:00,73.22000122070312,73.2300033569336,73.19999694824219,73.22000122070312,1019.0
2025-01-02 20:16:00+00:00,73.2300033569336,73.23999786376953,73.20999908447266,73.22000122070312,205.0
2025-01-02 20:17:00+00:00,73.2300033569336,73.23999786376953,73.22000122070312,73.22000122070312,64.0
2025-01-02 20:18:00+00:00,73.2300033569336,73.23999786376953,73.22000122070312,73.2300033569336,48.0
2025-01-02 20:19:00+00:00,73.23999786376953,73.23999786376953,73.2300033569336,73.2300033569336,18.0
2025-01-02 20:20:00+00:00,73.25,73.26000213623047,73.23999786376953,73.23999786376953,43.0
2025-01-02 20:21:00+00:00,73.26000213623047,73.2699966430664,73.25,73.25,153.0
2025-01-02 20:22:00+00:00,73.25,73.2699966430664,73.25,73.25,53.0
2025-01-02 20:23:00+00:00,73.23999786376953,73.2699966430664,73.2300033569336,73.25,523.0
2025-01-02 20:24:00+00:00,73.23999786376953,73.23999786376953,73.20999908447266,73.2300033569336,425.0
2025-01-02 20:25:00+00:00,73.23999786376953,73.25,73.2300033569336,73.2300033569336,126.0
2025-01-02 20:26:00+00:00,73.23999786376953,73.26000213623047,73.22000122070312,73.2300033569336,146.0
2025-01-02 20:27:00+00:00,73.23999786376953,73.23999786376953,73.2300033569336,73.23999786376953,124.0
2025-01-02 20:28:00+00:00,73.19000244140625,73.2300033569336,73.18000030517578,73.2300033569336,260.0
2025-01-02 20:29:00+00:00,73.20999908447266,73.20999908447266,73.19999694824219,73.19999694824219,23.0
2025-01-02 20:30:00+00:00,73.16999816894531,73.22000122070312,73.16999816894531,73.20999908447266,148.0
2025-01-02 20:31:00+00:00,73.20999908447266,73.20999908447266,73.16000366210938,73.18000030517578,285.0
2025-01-02 20:32:00+00:00,73.16999816894531,73.20999908447266,73.16000366210938,73.19999694824219,112.0
2025-01-02 20:33:00+00:00,73.16999816894531,73.18000030517578,73.16999816894531,73.16999816894531,23.0
2025-01-02 20:34:00+00:00,73.18000030517578,73.18000030517578,73.1500015258789,73.16000366210938,88.0
2025-01-02 20:35:00+00:00,73.18000030517578,73.19000244140625,73.16999816894531,73.18000030517578,58.0
2025-01-02 20:36:00+00:00,73.18000030517578,73.19000244140625,73.16999816894531,73.16999816894531,69.0
2025-01-02 20:37:00+00:00,73.16999816894531,73.18000030517578,73.16999816894531,73.16999816894531,49.0
2025-01-02 20:38:00+00:00,73.16999816894531,73.16999816894531,73.1500015258789,73.16000366210938,172.0
2025-01-02 20:39:00+00:00,73.16999816894531,73.18000030517578,73.1500015258789,73.16000366210938,69.0
2025-01-02 20:40:00+00:00,73.18000030517578,73.18000030517578,73.16999816894531,73.18000030517578,74.0
2025-01-02 20:41:00+00:00,73.16999816894531,73.19000244140625,73.16999816894531,73.19000244140625,127.0
2025-01-02 20:42:00+00:00,73.18000030517578,73.19999694824219,73.18000030517578,73.18000030517578,86.0
2025-01-02 20:43:00+00:00,73.19000244140625,73.19000244140625,73.18000030517578,73.18000030517578,48.0
2025-01-02 20:44:00+00:00,73.12999725341797,73.19000244140625,73.12000274658203,73.19000244140625,744.0
2025-01-02 20:45:00+00:00,73.12000274658203,73.13999938964844,73.12000274658203,73.12999725341797,136.0
2025-01-02 20:46:00+00:00,73.12999725341797,73.13999938964844,73.12999725341797,73.12999725341797,48.0
2025-01-02 20:47:00+00:00,73.13999938964844,73.13999938964844,73.12999725341797,73.12999725341797,20.0
2025-01-02 20:48:00+00:00,73.12999725341797,73.1500015258789,73.12999725341797,73.13999938964844,28.0
2025-01-02 20:49:00+00:00,73.13999938964844,73.13999938964844,73.13999938964844,73.13999938964844,20.0
2025-01-02 20:50:00+00:00,73.12000274658203,73.13999938964844,73.12000274658203,73.13999938964844,107.0
2025-01-02 20:51:00+00:00,73.11000061035156,73.12999725341797,73.11000061035156,73.12999725341797,131.0
2025-01-02 20:52:00+00:00,73.12000274658203,73.12000274658203,73.0999984741211,73.11000061035156,92.0
2025-01-02 20:53:00+00:00,73.12000274658203,73.12000274658203,73.11000061035156,73.11000061035156,23.0
2025-01-02 20:54:00+00:00,73.06999969482422,73.12999725341797,73.06999969482422,73.12000274658203,469.0
2025-01-02 20:55:00+00:00,73.08999633789062,73.08999633789062,73.05999755859375,73.06999969482422,186.0
2025-01-02 20:56:00+00:00,73.0999984741211,73.11000061035156,73.08999633789062,73.08999633789062,62.0
2025-01-02 20:57:00+00:00,73.11000061035156,73.11000061035156,73.0999984741211,73.0999984741211,726.0
2025-01-02 20:58:00+00:00,73.0999984741211,73.12000274658203,73.0999984741211,73.11000061035156,116.0
2025-01-02 20:59:00+00:00,73.0999984741211,73.12000274658203,73.0999984741211,73.0999984741211,371.0
2025-01-02 21:00:00+00:00,73.12000274658203,73.12999725341797,73.0999984741211,73.0999984741211,99.0
2025-01-02 21:01:00+00:00,73.12999725341797,73.13999938964844,73.12000274658203,73.12999725341797,35.0
2025-01-02 21:02:00+00:00,73.12000274658203,73.12999725341797,73.12000274658203,73.12999725341797,25.0
2025-01-02 21:03:00+00:00,73.11000061035156,73.12999725341797,73.0999984741211,73.12999725341797,351.0
2025-01-02 21:04:00+00:00,73.12000274658203,73.12000274658203,73.11000061035156,73.11000061035156,10.0
2025-01-02 21:05:00+00:00,73.11000061035156,73.11000061035156,73.11000061035156,73.11000061035156,14.0
2025-01-02 21:06:00+00:00,73.12000274658203,73.12000274658203,73.0999984741211,73.12000274658203,25.0
2025-01-02 21:07:00+00:00,73.12000274658203,73.13999938964844,73.12000274658203,73.12000274658203,26.0
2025-01-02 21:08:00+00:00,73.12000274658203,73.12999725341797,73.12000274658203,73.12999725341797,26.0
2025-01-02 21:09:00+00:00,73.12000274658203,73.12000274658203,73.12000274658203,73.12000274658203,9.0
2025-01-02 21:10:00+00:00,73.08999633789062,73.11000061035156,73.08999633789062,73.11000061035156,24.0
2025-01-02 21:11:00+00:00,73.08999633789062,73.08999633789062,73.08999633789062,73.08999633789062,18.0
2025-01-02 21:12:00+00:00,73.08999633789062,73.08999633789062,73.08999633789062,73.08999633789062,23.0
2025-01-02 21:13:00+00:00,73.08000183105469,73.0999984741211,73.08000183105469,73.08999633789062,24.0
2025-01-02 21:14:00+00:00,73.08999633789062,73.08999633789062,73.06999969482422,73.08000183105469,133.0
2025-01-02 21:15:00+00:00,73.06999969482422,73.08000183105469,73.06999969482422,73.08000183105469,25.0
2025-01-02 21:16:00+00:00,73.08999633789062,73.08999633789062,73.08000183105469,73.08000183105469,20.0
2025-01-02 21:17:00+00:00,73.08000183105469,73.0999984741211,73.08000183105469,73.0999984741211,17.0
2025-01-02 21:18:00+00:00,73.08999633789062,73.0999984741211,73.08999633789062,73.08999633789062,43.0
2025-01-02 21:19:00+00:00,73.11000061035156,73.11000061035156,73.0999984741211,73.0999984741211,30.0
2025-01-02 21:20:00+00:00,73.11000061035156,73.12000274658203,73.11000061035156,73.11000061035156,1573.0
2025-01-02 21:21:00+00:00,73.12000274658203,73.12000274658203,73.11000061035156,73.12000274658203,56.0
2025-01-02 21:22:00+00:00,73.12000274658203,73.12000274658203,73.11000061035156,73.11000061035156,44.0
2025-01-02 21:23:00+00:00,73.13999938964844,73.13999938964844,73.12000274658203,73.12000274658203,16.0
2025-01-02 21:24:00+00:00,73.12999725341797,73.12999725341797,73.12999725341797,73.12999725341797,82.0
2025-01-02 21:25:00+00:00,73.12999725341797,73.12999725341797,73.12999725341797,73.12999725341797,51.0
2025-01-02 21:26:00+00:00,73.12999725341797,73.13999938964844,73.12999725341797,73.12999725341797,32.0
2025-01-02 21:28:00+00:00,73.12999725341797,73.12999725341797,73.12999725341797,73.12999725341797,5.0
2025-01-02 21:29:00+00:00,73.1500015258789,73.1500015258789,73.12999725341797,73.12999725341797,20.0
2025-01-02 21:30:00+00:00,73.1500015258789,73.1500015258789,73.13999938964844,73.1500015258789,87.0
2025-01-02 21:31:00+00:00,73.13999938964844,73.1500015258789,73.12999725341797,73.1500015258789,75.0
2025-01-02 21:32:00+00:00,73.13999938964844,73.13999938964844,73.13999938964844,73.13999938964844,10.0
2025-01-02 21:33:00+00:00,73.12999725341797,73.13999938964844,73.12999725341797,73.12999725341797,30.0
2025-01-02 21:34:00+00:00,73.12999725341797,73.1500015258789,73.12999725341797,73.12999725341797,334.0
2025-01-02 21:35:00+00:00,73.12999725341797,73.12999725341797,73.12999725341797,73.12999725341797,3.0
2025-01-02 21:36:00+00:00,73.12000274658203,73.13999938964844,73.12000274658203,73.13999938964844,16.0
2025-01-02 21:37:00+00:00,73.12999725341797,73.12999725341797,73.12000274658203,73.12999725341797,69.0
2025-01-02 21:38:00+00:00,73.12999725341797,73.1500015258789,73.12999725341797,73.13999938964844,35.0
2025-01-02 21:39:00+00:00,73.13999938964844,73.13999938964844,73.12999725341797,73.13999938964844,19.0
2025-01-02 21:40:00+00:00,73.13999938964844,73.13999938964844,73.12999725341797,73.13999938964844,15.0
2025-01-02 21:41:00+00:00,73.12999725341797,73.12999725341797,73.12999725341797,73.12999725341797,1.0
2025-01-02 21:42:00+00:00,73.11000061035156,73.12999725341797,73.11000061035156,73.12000274658203,583.0
2025-01-02 21:43:00+00:00,73.11000061035156,73.11000061035156,73.0999984741211,73.0999984741211,41.0
2025-01-02 21:44:00+00:00,73.0999984741211,73.11000061035156,73.0999984741211,73.0999984741211,100.0
2025-01-02 21:45:00+00:00,73.11000061035156,73.11000061035156,73.0999984741211,73.0999984741211,33.0
2025-01-02 21:46:00+00:00,73.12999725341797,73.12999725341797,73.11000061035156,73.12000274658203,23.0
2025-01-02 21:47:00+00:00,73.11000061035156,73.12999725341797,73.11000061035156,73.12000274658203,22.0
2025-01-02 21:48:00+00:00,73.12000274658203,73.12000274658203,73.12000274658203,73.12000274658203,6.0
2025-01-02 21:49:00+00:00,73.12000274658203,73.12999725341797,73.11000061035156,73.12999725341797,58.0
2025-01-02 21:50:00+00:00,73.12000274658203,73.12999725341797,73.11000061035156,73.12999725341797,39.0
2025-01-02 21:51:00+00:00,73.12000274658203,73.12000274658203,73.11000061035156,73.11000061035156,12.0
2025-01-02 21:52:00+00:00,73.12000274658203,73.12000274658203,73.11000061035156,73.11000061035156,17.0
2025-01-02 21:53:00+00:00,73.12000274658203,73.12000274658203,73.11000061035156,73.11000061035156,21.0
2025-01-02 21:54:00+00:00,73.08999633789062,73.11000061035156,73.08999633789062,73.11000061035156,155.0
2025-01-02 21:55:00+00:00,73.0999984741211,73.0999984741211,73.08000183105469,73.08000183105469,57.0
2025-01-02 21:56:00+00:00,73.08000183105469,73.0999984741211,73.08000183105469,73.08999633789062,39.0
2025-01-02 21:57:00+00:00,73.08999633789062,73.0999984741211,73.08999633789062,73.08999633789062,14.0
2025-01-02 21:58:00+00:00,73.11000061035156,73.11000061035156,73.08999633789062,73.08999633789062,30.0
2025-01-02 21:59:00+00:00,73.12000274658203,73.12000274658203,73.08999633789062,73.12000274658203,208.0
2025-01-02 23:00:00+00:00,73.11000061035156,73.12999725341797,73.08000183105469,73.12999725341797,0.0
2025-01-02 23:01:00+00:00,73.11000061035156,73.12000274658203,73.0999984741211,73.11000061035156,81.0
2025-01-02 23:02:00+00:00,73.12000274658203,73.12000274658203,73.11000061035156,73.12000274658203,10.0
2025-01-02 23:04:00+00:00,73.0999984741211,73.12000274658203,73.0999984741211,73.12000274658203,16.0
2025-01-02 23:05:00+00:00,73.11000061035156,73.11000061035156,73.0999984741211,73.0999984741211,4.0
2025-01-02 23:06:00+00:00,73.0999984741211,73.0999984741211,73.0999984741211,73.0999984741211,4.0
2025-01-02 23:07:00+00:00,73.11000061035156,73.11000061035156,73.0999984741211,73.0999984741211,5.0
2025-01-02 23:08:00+00:00,73.11000061035156,73.12000274658203,73.0999984741211,73.0999984741211,6.0
2025-01-02 23:09:00+00:00,73.11000061035156,73.12000274658203,73.11000061035156,73.12000274658203,6.0
2025-01-02 23:10:00+00:00,73.12000274658203,73.12999725341797,73.12000274658203,73.12000274658203,9.0
2025-01-02 23:11:00+00:00,73.12999725341797,73.12999725341797,73.12999725341797,73.12999725341797,16.0
2025-01-02 23:12:00+00:00,73.12999725341797,73.12999725341797,73.12000274658203,73.12999725341797,10.0
2025-01-02 23:13:00+00:00,73.13999938964844,73.13999938964844,73.12999725341797,73.12999725341797,5.0
2025-01-02 23:14:00+00:00,73.12000274658203,73.13999938964844,73.12000274658203,73.12999725341797,15.0
2025-01-02 23:15:00+00:00,73.12999725341797,73.12999725341797,73.12000274658203,73.12000274658203,4.0
2025-01-02 23:16:00+00:00,73.12999725341797,73.13999938964844,73.12999725341797,73.13999938964844,12.0
2025-01-02 23:18:00+00:00,73.12999725341797,73.13999938964844,73.12999725341797,73.13999938964844,21.0
2025-01-02 23:19:00+00:00,73.12000274658203,73.12000274658203,73.12000274658203,73.12000274658203,1.0
2025-01-02 23:20:00+00:00,73.12000274658203,73.12000274658203,73.11000061035156,73.12000274658203,6.0
2025-01-02 23:23:00+00:00,73.12999725341797,73.12999725341797,73.12000274658203,73.12000274658203,2.0
2025-01-02 23:24:00+00:00,73.12000274658203,73.12000274658203,73.11000061035156,73.11000061035156,41.0
2025-01-02 23:25:00+00:00,73.12999725341797,73.13999938964844,73.12000274658203,73.12000274658203,21.0
2025-01-02 23:26:00+00:00,73.12999725341797,73.12999725341797,73.12999725341797,73.12999725341797,19.0
2025-01-02 23:27:00+00:00,73.12999725341797,73.12999725341797,73.12999725341797,73.12999725341797,4.0
2025-01-02 23:28:00+00:00,73.12999725341797,73.13999938964844,73.12999725341797,73.13999938964844,2.0
2025-01-02 23:29:00+00:00,73.12999725341797,73.13999938964844,73.12999725341797,73.12999725341797,9.0
2025-01-02 23:30:00+00:00,73.13999938964844,73.13999938964844,73.12999725341797,73.13999938964844,3.0
2025-01-02 23:31:00+00:00,73.12999725341797,73.13999938964844,73.12999725341797,73.12999725341797,18.0
2025-01-02 23:32:00+00:00,73.12999725341797,73.12999725341797,73.12999725341797,73.12999725341797,6.0
2025-01-02 23:35:00+00:00,73.12999725341797,73.13999938964844,73.12999725341797,73.12999725341797,4.0
2025-01-02 23:38:00+00:00,73.12999725341797,73.13999938964844,73.12999725341797,73.13999938964844,8.0
2025-01-02 23:39:00+00:00,73.12999725341797,73.12999725341797,73.12999725341797,73.12999725341797,2.0
2025-01-02 23:40:00+00:00,73.1500015258789,73.1500015258789,73.13999938964844,73.13999938964844,17.0
2025-01-02 23:41:00+00:00,73.1500015258789,73.1500015258789,73.1500015258789,73.1500015258789,38.0
2025-01-02 23:42:00+00:00,73.13999938964844,73.13999938964844,73.13999938964844,73.13999938964844,1.0
2025-01-02 23:43:00+00:00,73.1500015258789,73.16000366210938,73.1500015258789,73.1500015258789,14.0
2025-01-02 23:45:00+00:00,73.13999938964844,73.13999938964844,73.13999938964844,73.13999938964844,3.0
2025-01-02 23:48:00+00:00,73.13999938964844,73.13999938964844,73.13999938964844,73.13999938964844,2.0
2025-01-02 23:50:00+00:00,73.13999938964844,73.1500015258789,73.13999938964844,73.13999938964844,25.0
2025-01-02 23:51:00+00:00,73.13999938964844,73.13999938964844,73.13999938964844,73.13999938964844,4.0
2025-01-02 23:53:00+00:00,73.12999725341797,73.12999725341797,73.12999725341797,73.12999725341797,13.0
2025-01-02 23:54:00+00:00,73.12000274658203,73.12000274658203,73.12000274658203,73.12000274658203,14.0
2025-01-03 00:00:00+00:00,73.12999725341797,73.13999938964844,73.12000274658203,73.12000274658203,22.0
2025-01-03 00:01:00+00:00,73.12000274658203,73.12999725341797,73.12000274658203,73.12999725341797,14.0
2025-01-03 00:02:00+00:00,73.12999725341797,73.12999725341797,73.12000274658203,73.12000274658203,16.0
2025-01-03 00:03:00+00:00,73.12999725341797,73.12999725341797,73.12000274658203,73.12000274658203,3.0
2025-01-03 00:04:00+00:00,73.12000274658203,73.12999725341797,73.12000274658203,73.12999725341797,9.0
2025-01-03 00:05:00+00:00,73.12999725341797,73.12999725341797,73.12999725341797,73.12999725341797,7.0
2025-01-03 00:06:00+00:00,73.16000366210938,73.16000366210938,73.13999938964844,73.13999938964844,45.0
2025-01-03 00:07:00+00:00,73.16000366210938,73.16999816894531,73.16000366210938,73.16000366210938,10.0
2025-01-03 00:08:00+00:00,73.16999816894531,73.16999816894531,73.16999816894531,73.16999816894531,8.0
2025-01-03 00:09:00+00:00,73.16000366210938,73.16999816894531,73.16000366210938,73.16999816894531,2.0
2025-01-03 00:10:00+00:00,73.16999816894531,73.16999816894531,73.16999816894531,73.16999816894531,3.0
2025-01-03 00:11:00+00:00,73.16999816894531,73.18000030517578,73.16999816894531,73.16999816894531,22.0
2025-01-03 00:13:00+00:00,73.16999816894531,73.16999816894531,73.16999816894531,73.16999816894531,2.0
2025-01-03 00:14:00+00:00,73.16999816894531,73.18000030517578,73.16000366210938,73.16999816894531,10.0
2025-01-03 00:15:00+00:00,73.16999816894531,73.18000030517578,73.16999816894531,73.16999816894531,7.0
2025-01-03 00:17:00+00:00,73.18000030517578,73.18000030517578,73.16999816894531,73.16999816894531,13.0
2025-01-03 00:18:00+00:00,73.19000244140625,73.19000244140625,73.19000244140625,73.19000244140625,8.0
2025-01-03 00:19:00+00:00,73.18000030517578,73.19999694824219,73.18000030517578,73.19000244140625,13.0
2025-01-03 00:20:00+00:00,73.19000244140625,73.19999694824219,73.18000030517578,73.18000030517578,28.0
2025-01-03 00:21:00+00:00,73.18000030517578,73.18000030517578,73.18000030517578,73.18000030517578,6.0
2025-01-03 00:23:00+00:00,73.18000030517578,73.18000030517578,73.16999816894531,73.18000030517578,20.0
2025-01-03 00:24:00+00:00,73.18000030517578,73.18000030517578,73.18000030517578,73.18000030517578,5.0
2025-01-03 00:27:00+00:00,73.19999694824219,73.19999694824219,73.18000030517578,73.18000030517578,10.0
2025-01-03 00:28:00+00:00,73.19999694824219,73.19999694824219,73.19000244140625,73.19999694824219,18.0
2025-01-03 00:29:00+00:00,73.19000244140625,73.19000244140625,73.19000244140625,73.19000244140625,1.0
2025-01-03 00:31:00+00:00,73.19000244140625,73.19999694824219,73.19000244140625,73.19000244140625,4.0
2025-01-03 00:32:00+00:00,73.19999694824219,73.19999694824219,73.19999694824219,73.19999694824219,2.0
2025-01-03 00:33:00+00:00,73.19999694824219,73.19999694824219,73.19999694824219,73.19999694824219,6.0
2025-01-03 00:34:00+00:00,73.19000244140625,73.19999694824219,73.19000244140625,73.19999694824219,5.0
2025-01-03 00:35:00+00:00,73.19999694824219,73.20999908447266,73.19999694824219,73.19999694824219,13.0
2025-01-03 00:36:00+00:00,73.19999694824219,73.19999694824219,73.19999694824219,73.19999694824219,4.0
2025-01-03 00:37:00+00:00,73.18000030517578,73.19999694824219,73.18000030517578,73.19000244140625,21.0
2025-01-03 00:38:00+00:00,73.18000030517578,73.18000030517578,73.18000030517578,73.18000030517578,4.0
2025-01-03 00:39:00+00:00,73.19000244140625,73.19000244140625,73.18000030517578,73.18000030517578,4.0
2025-01-03 00:41:00+00:00,73.18000030517578,73.18000030517578,73.18000030517578,73.18000030517578,7.0
2025-01-03 00:44:00+00:00,73.19000244140625,73.19000244140625,73.18000030517578,73.19000244140625,3.0
2025-01-03 00:46:00+00:00,73.20999908447266,73.20999908447266,73.18000030517578,73.18000030517578,61.0
2025-01-03 00:47:00+00:00,73.19999694824219,73.19999694824219,73.19000244140625,73.19999694824219,13.0
2025-01-03 00:49:00+00:00,73.19000244140625,73.19999694824219,73.19000244140625,73.19999694824219,4.0
2025-01-03 00:50:00+00:00,73.19000244140625,73.19999694824219,73.19000244140625,73.19000244140625,2.0
2025-01-03 00:51:00+00:00,73.19999694824219,73.19999694824219,73.19999694824219,73.19999694824219,3.0
2025-01-03 00:52:00+00:00,73.22000122070312,73.22000122070312,73.19999694824219,73.19999694824219,47.0
2025-01-03 00:53:00+00:00,73.20999908447266,73.22000122070312,73.20999908447266,73.22000122070312,11.0
2025-01-03 00:54:00+00:00,73.22000122070312,73.22000122070312,73.20999908447266,73.20999908447266,12.0
2025-01-03 00:55:00+00:00,73.20999908447266,73.20999908447266,73.20999908447266,73.20999908447266,1.0
2025-01-03 00:56:00+00:00,73.20999908447266,73.22000122070312,73.20999908447266,73.22000122070312,9.0
2025-01-03 00:59:00+00:00,73.20999908447266,73.20999908447266,73.19999694824219,73.20999908447266,23.0
2025-01-03 01:00:00+00:00,73.33000183105469,73.3499984741211,73.20999908447266,73.20999908447266,644.0
2025-01-03 01:01:00+00:00,73.33000183105469,73.3499984741211,73.30999755859375,73.31999969482422,188.0
2025-01-03 01:02:00+00:00,73.30000305175781,73.31999969482422,73.29000091552734,73.30999755859375,85.0
2025-01-03 01:03:00+00:00,73.30000305175781,73.30999755859375,73.2699966430664,73.30000305175781,84.0
2025-01-03 01:04:00+00:00,73.27999877929688,73.30000305175781,73.26000213623047,73.29000091552734,48.0
2025-01-03 01:05:00+00:00,73.29000091552734,73.30000305175781,73.2699966430664,73.27999877929688,53.0
2025-01-03 01:06:00+00:00,73.30000305175781,73.30999755859375,73.27999877929688,73.27999877929688,32.0
2025-01-03 01:07:00+00:00,73.30000305175781,73.30999755859375,73.29000091552734,73.30999755859375,79.0
2025-01-03 01:08:00+00:00,73.30000305175781,73.30999755859375,73.29000091552734,73.30999755859375,32.0
2025-01-03 01:09:00+00:00,73.30999755859375,73.30999755859375,73.29000091552734,73.30000305175781,22.0
2025-01-03 01:10:00+00:00,73.31999969482422,73.31999969482422,73.30000305175781,73.30999755859375,33.0
2025-01-03 01:11:00+00:00,73.30999755859375,73.31999969482422,73.30000305175781,73.31999969482422,29.0
2025-01-03 01:12:00+00:00,73.31999969482422,73.31999969482422,73.30999755859375,73.31999969482422,10.0
2025-01-03 01:13:00+00:00,73.33000183105469,73.33999633789062,73.31999969482422,73.33000183105469,94.0
2025-01-03 01:14:00+00:00,73.31999969482422,73.3499984741211,73.31999969482422,73.33999633789062,39.0
2025-01-03 01:15:00+00:00,73.33000183105469,73.33999633789062,73.33000183105469,73.33000183105469,12.0
2025-01-03 01:16:00+00:00,73.30999755859375,73.33999633789062,73.30999755859375,73.33000183105469,105.0
2025-01-03 01:17:00+00:00,73.31999969482422,73.31999969482422,73.30000305175781,73.30999755859375,47.0
2025-01-03 01:18:00+00:00,73.31999969482422,73.33000183105469,73.31999969482422,73.31999969482422,19.0
2025-01-03 01:19:00+00:00,73.31999969482422,73.33000183105469,73.31999969482422,73.31999969482422,25.0
2025-01-03 01:20:00+00:00,73.33999633789062,73.33999633789062,73.30999755859375,73.30999755859375,54.0
2025-01-03 01:21:00+00:00,73.33000183105469,73.3499984741211,73.33000183105469,73.33999633789062,50.0
2025-01-03 01:22:00+00:00,73.33000183105469,73.3499984741211,73.33000183105469,73.33999633789062,27.0
2025-01-03 01:23:00+00:00,73.33000183105469,73.33000183105469,73.33000183105469,73.33000183105469,10.0
2025-01-03 01:24:00+00:00,73.3499984741211,73.3499984741211,73.33000183105469,73.33000183105469,17.0
2025-01-03 01:25:00+00:00,73.33000183105469,73.3499984741211,73.31999969482422,73.3499984741211,8.0
2025-01-03 01:26:00+00:00,73.33000183105469,73.33000183105469,73.33000183105469,73.33000183105469,5.0
2025-01-03 01:27:00+00:00,73.33000183105469,73.33000183105469,73.31999969482422,73.33000183105469,6.0
2025-01-03 01:28:00+00:00,73.31999969482422,73.33000183105469,73.31999969482422,73.31999969482422,22.0
2025-01-03 01:29:00+00:00,73.3499984741211,73.3499984741211,73.31999969482422,73.33000183105469,10.0
2025-01-03 01:30:00+00:00,73.33000183105469,73.3499984741211,73.33000183105469,73.3499984741211,30.0
2025-01-03 01:31:00+00:00,73.31999969482422,73.31999969482422,73.30000305175781,73.31999969482422,50.0
2025-01-03 01:32:00+00:00,73.31999969482422,73.33999633789062,73.30999755859375,73.30999755859375,28.0
2025-01-03 01:33:00+00:00,73.33000183105469,73.33000183105469,73.30999755859375,73.31999969482422,13.0
2025-01-03 01:34:00+00:00,73.33000183105469,73.33000183105469,73.31999969482422,73.31999969482422,129.0
2025-01-03 01:35:00+00:00,73.33999633789062,73.3499984741211,73.33000183105469,73.33000183105469,35.0
2025-01-03 01:36:00+00:00,73.2699966430664,73.33999633789062,73.2699966430664,73.33999633789062,174.0
2025-01-03 01:37:00+00:00,73.26000213623047,73.26000213623047,73.25,73.26000213623047,25.0
2025-01-03 01:38:00+00:00,73.25,73.26000213623047,73.23999786376953,73.26000213623047,33.0
2025-01-03 01:39:00+00:00,73.26000213623047,73.26000213623047,73.26000213623047,73.26000213623047,11.0
2025-01-03 01:40:00+00:00,73.2699966430664,73.2699966430664,73.25,73.2699966430664,19.0
2025-01-03 01:41:00+00:00,73.29000091552734,73.29000091552734,73.2699966430664,73.27999877929688,39.0
2025-01-03 01:42:00+00:00,73.2699966430664,73.27999877929688,73.2699966430664,73.27999877929688,8.0
2025-01-03 01:43:00+00:00,73.2699966430664,73.2699966430664,73.26000213623047,73.2699966430664,24.0
2025-01-03 01:44:00+00:00,73.25,73.27999877929688,73.25,73.2699966430664,488.0
2025-01-03 01:45:00+00:00,73.26000213623047,73.2699966430664,73.25,73.25,13.0
2025-01-03 01:46:00+00:00,73.26000213623047,73.26000213623047,73.26000213623047,73.26000213623047,9.0
2025-01-03 01:47:00+00:00,73.29000091552734,73.29000091552734,73.25,73.26000213623047,54.0
2025-01-03 01:48:00+00:00,73.25,73.2699966430664,73.25,73.2699966430664,14.0
2025-01-03 01:49:00+00:00,73.25,73.26000213623047,73.25,73.25,10.0
2025-01-03 01:50:00+00:00,73.26000213623047,73.2699966430664,73.26000213623047,73.26000213623047,13.0
2025-01-03 01:51:00+00:00,73.2699966430664,73.2699966430664,73.25,73.25,20.0
2025-01-03 01:52:00+00:00,73.2699966430664,73.2699966430664,73.2699966430664,73.2699966430664,3.0
2025-01-03 01:53:00+00:00,73.2699966430664,73.2699966430664,73.2699966430664,73.2699966430664,5.0
2025-01-03 01:54:00+00:00,73.27999877929688,73.27999877929688,73.2699966430664,73.2699966430664,18.0
2025-01-03 01:55:00+00:00,73.26000213623047,73.27999877929688,73.26000213623047,73.2699966430664,47.0
2025-01-03 01:56:00+00:00,73.29000091552734,73.29000091552734,73.2699966430664,73.2699966430664,7.0
2025-01-03 01:57:00+00:00,73.30000305175781,73.30000305175781,73.29000091552734,73.29000091552734,23.0
2025-01-03 01:58:00+00:00,73.29000091552734,73.30000305175781,73.27999877929688,73.30000305175781,36.0
2025-01-03 01:59:00+00:00,73.2699966430664,73.27999877929688,73.25,73.27999877929688,21.0
2025-01-03 02:00:00+00:00,73.2699966430664,73.2699966430664,73.26000213623047,73.26000213623047,34.0
2025-01-03 02:01:00+00:00,73.23999786376953,73.2699966430664,73.23999786376953,73.26000213623047,33.0
2025-01-03 02:02:00+00:00,73.23999786376953,73.25,73.22000122070312,73.2300033569336,34.0
2025-01-03 02:03:00+00:00,73.23999786376953,73.25,73.23999786376953,73.23999786376953,16.0
2025-01-03 02:04:00+00:00,73.26000213623047,73.26000213623047,73.25,73.25,9.0
2025-01-03 02:05:00+00:00,73.2699966430664,73.29000091552734,73.2699966430664,73.2699966430664,25.0
2025-01-03 02:06:00+00:00,73.2699966430664,73.27999877929688,73.2699966430664,73.27999877929688,14.0
2025-01-03 02:07:00+00:00,73.26000213623047,73.2699966430664,73.26000213623047,73.2699966430664,63.0
2025-01-03 02:08:00+00:00,73.2699966430664,73.27999877929688,73.2699966430664,73.2699966430664,39.0
2025-01-03 02:09:00+00:00,73.30999755859375,73.3499984741211,73.27999877929688,73.29000091552734,256.0
2025-01-03 02:10:00+00:00,73.33000183105469,73.33000183105469,73.29000091552734,73.30000305175781,11.0
2025-01-03 02:11:00+00:00,73.33000183105469,73.33000183105469,73.31999969482422,73.33000183105469,10.0
2025-01-03 02:12:00+00:00,73.33999633789062,73.33999633789062,73.31999969482422,73.31999969482422,7.0
2025-01-03 02:13:00+00:00,73.3499984741211,73.3499984741211,73.33000183105469,73.33000183105469,7.0
2025-01-03 02:14:00+00:00,73.37000274658203,73.37999725341797,73.33999633789062,73.3499984741211,53.0
2025-01-03 02:15:00+00:00,73.3499984741211,73.36000061035156,73.3499984741211,73.36000061035156,28.0
2025-01-03 02:16:00+00:00,73.36000061035156,73.36000061035156,73.3499984741211,73.3499984741211,5.0
2025-01-03 02:17:00+00:00,73.37000274658203,73.37000274658203,73.3499984741211,73.36000061035156,19.0
2025-01-03 02:18:00+00:00,73.37999725341797,73.38999938964844,73.37999725341797,73.37999725341797,14.0
2025-01-03 02:19:00+00:00,73.36000061035156,73.38999938964844,73.36000061035156,73.38999938964844,32.0
2025-01-03 02:20:00+00:00,73.36000061035156,73.37000274658203,73.36000061035156,73.37000274658203,6.0
2025-01-03 02:21:00+00:00,73.36000061035156,73.36000061035156,73.36000061035156,73.36000061035156,5.0
2025-01-03 02:22:00+00:00,73.3499984741211,73.3499984741211,73.3499984741211,73.3499984741211,9.0
2025-01-03 02:23:00+00:00,73.3499984741211,73.3499984741211,73.33999633789062,73.3499984741211,7.0
2025-01-03 02:24:00+00:00,73.3499984741211,73.3499984741211,73.3499984741211,73.3499984741211,4.0
2025-01-03 02:25:00+00:00,73.4000015258789,73.4000015258789,73.36000061035156,73.36000061035156,37.0
2025-01-03 02:26:00+00:00,73.41999816894531,73.41999816894531,73.4000015258789,73.4000015258789,57.0
2025-01-03 02:27:00+00:00,73.41999816894531,73.41999816894531,73.4000015258789,73.41999816894531,66.0
2025-01-03 02:28:00+00:00,73.41999816894531,73.43000030517578,73.41999816894531,73.41999816894531,31.0
2025-01-03 02:29:00+00:00,73.43000030517578,73.43000030517578,73.41999816894531,73.43000030517578,21.0
2025-01-03 02:30:00+00:00,73.41999816894531,73.44000244140625,73.41999816894531,73.44000244140625,51.0
2025-01-03 02:31:00+00:00,73.44000244140625,73.44000244140625,73.4000015258789,73.41000366210938,72.0
2025-01-03 02:32:00+00:00,73.44999694824219,73.44999694824219,73.43000030517578,73.44000244140625,24.0
2025-01-03 02:33:00+00:00,73.44999694824219,73.4800033569336,73.44999694824219,73.44999694824219,74.0
2025-01-03 02:34:00+00:00,73.47000122070312,73.47000122070312,73.44999694824219,73.44999694824219,13.0
2025-01-03 02:35:00+00:00,73.47000122070312,73.47000122070312,73.44999694824219,73.47000122070312,21.0
2025-01-03 02:36:00+00:00,73.44000244140625,73.47000122070312,73.44000244140625,73.45999908447266,56.0
2025-01-03 02:37:00+00:00,73.41999816894531,73.44000244140625,73.41999816894531,73.44000244140625,22.0
2025-01-03 02:38:00+00:00,73.44999694824219,73.44999694824219,73.41000366210938,73.43000030517578,40.0
2025-01-03 02:39:00+00:00,73.43000030517578,73.44000244140625,73.43000030517578,73.44000244140625,8.0
2025-01-03 02:40:00+00:00,73.44000244140625,73.44000244140625,73.43000030517578,73.43000030517578,12.0
2025-01-03 02:41:00+00:00,73.44000244140625,73.44999694824219,73.44000244140625,73.44999694824219,16.0
2025-01-03 02:42:00+00:00,73.44000244140625,73.44999694824219,73.43000030517578,73.43000030517578,17.0
2025-01-03 02:43:00+00:00,73.43000030517578,73.44000244140625,73.41999816894531,73.43000030517578,40.0
2025-01-03 02:44:00+00:00,73.43000030517578,73.43000030517578,73.43000030517578,73.43000030517578,2.0
2025-01-03 02:45:00+00:00,73.41000366210938,73.41999816894531,73.41000366210938,73.41999816894531,21.0
2025-01-03 02:46:00+00:00,73.4000015258789,73.4000015258789,73.4000015258789,73.4000015258789,9.0
2025-01-03 02:47:00+00:00,73.37000274658203,73.38999938964844,73.37000274658203,73.38999938964844,15.0
2025-01-03 02:48:00+00:00,73.30999755859375,73.37000274658203,73.30999755859375,73.37000274658203,52.0
2025-01-03 02:49:00+00:00,73.27999877929688,73.30999755859375,73.26000213623047,73.30999755859375,157.0
2025-01-03 02:50:00+00:00,73.25,73.27999877929688,73.22000122070312,73.27999877929688,98.0
2025-01-03 02:51:00+00:00,73.2300033569336,73.25,73.2300033569336,73.25,26.0
2025-01-03 02:52:00+00:00,73.2699966430664,73.2699966430664,73.23999786376953,73.23999786376953,52.0
2025-01-03 02:53:00+00:00,73.26000213623047,73.27999877929688,73.26000213623047,73.2699966430664,7.0
2025-01-03 02:54:00+00:00,73.30000305175781,73.30000305175781,73.2699966430664,73.2699966430664,25.0
2025-01-03 02:55:00+00:00,73.30000305175781,73.30999755859375,73.30000305175781,73.30999755859375,30.0
2025-01-03 02:56:00+00:00,73.29000091552734,73.30000305175781,73.29000091552734,73.30000305175781,17.0
2025-01-03 02:57:00+00:00,73.29000091552734,73.29000091552734,73.27999877929688,73.27999877929688,14.0
2025-01-03 02:58:00+00:00,73.29000091552734,73.30000305175781,73.27999877929688,73.27999877929688,16.0
2025-01-03 02:59:00+00:00,73.29000091552734,73.30000305175781,73.27999877929688,73.29000091552734,26.0
2025-01-03 03:00:00+00:00,73.2699966430664,73.30999755859375,73.2699966430664,73.30000305175781,24.0
2025-01-03 03:01:00+00:00,73.30000305175781,73.30000305175781,73.2699966430664,73.2699966430664,26.0
2025-01-03 03:02:00+00:00,73.33000183105469,73.33000183105469,73.30999755859375,73.30999755859375,20.0
2025-01-03 03:03:00+00:00,73.31999969482422,73.33000183105469,73.31999969482422,73.33000183105469,15.0
2025-01-03 03:04:00+00:00,73.30000305175781,73.33000183105469,73.30000305175781,73.31999969482422,12.0
2025-01-03 03:05:00+00:00,73.31999969482422,73.31999969482422,73.30999755859375,73.30999755859375,4.0
2025-01-03 03:06:00+00:00,73.33999633789062,73.33999633789062,73.31999969482422,73.31999969482422,15.0
2025-01-03 03:07:00+00:00,73.33999633789062,73.33999633789062,73.33999633789062,73.33999633789062,16.0
2025-01-03 03:08:00+00:00,73.33000183105469,73.33999633789062,73.33000183105469,73.33999633789062,7.0
2025-01-03 03:09:00+00:00,73.31999969482422,73.33000183105469,73.31999969482422,73.31999969482422,8.0
2025-01-03 03:10:00+00:00,73.33000183105469,73.33000183105469,73.33000183105469,73.33000183105469,6.0
2025-01-03 03:11:00+00:00,73.33999633789062,73.33999633789062,73.33999633789062,73.33999633789062,3.0
2025-01-03 03:12:00+00:00,73.33999633789062,73.33999633789062,73.33999633789062,73.33999633789062,4.0
2025-01-03 03:13:00+00:00,73.38999938964844,73.38999938964844,73.3499984741211,73.3499984741211,92.0
2025-01-03 03:14:00+00:00,73.4000015258789,73.41000366210938,73.38999938964844,73.38999938964844,33.0
2025-01-03 03:15:00+00:00,73.38999938964844,73.4000015258789,73.38999938964844,73.4000015258789,20.0
2025-01-03 03:16:00+00:00,73.38999938964844,73.4000015258789,73.37999725341797,73.38999938964844,27.0
2025-01-03 03:17:00+00:00,73.38999938964844,73.4000015258789,73.37999725341797,73.38999938964844,23.0
2025-01-03 03:18:00+00:00,73.37000274658203,73.38999938964844,73.37000274658203,73.38999938964844,11.0
2025-01-03 03:19:00+00:00,73.4000015258789,73.4000015258789,73.37999725341797,73.37999725341797,10.0
2025-01-03 03:20:00+00:00,73.37999725341797,73.38999938964844,73.37999725341797,73.38999938964844,5.0
2025-01-03 03:21:00+00:00,73.37000274658203,73.37999725341797,73.37000274658203,73.37999725341797,12.0
2025-01-03 03:22:00+00:00,73.37000274658203,73.37000274658203,73.37000274658203,73.37000274658203,8.0
2025-01-03 03:23:00+00:00,73.37000274658203,73.37999725341797,73.36000061035156,73.36000061035156,10.0
2025-01-03 03:24:00+00:00,73.38999938964844,73.38999938964844,73.37000274658203,73.37000274658203,6.0
2025-01-03 03:25:00+00:00,73.4000015258789,73.4000015258789,73.37999725341797,73.37999725341797,17.0
2025-01-03 03:26:00+00:00,73.4000015258789,73.4000015258789,73.38999938964844,73.4000015258789,11.0
2025-01-03 03:27:00+00:00,73.38999938964844,73.38999938964844,73.38999938964844,73.38999938964844,11.0
2025-01-03 03:28:00+00:00,73.38999938964844,73.38999938964844,73.37999725341797,73.37999725341797,2.0
2025-01-03 03:29:00+00:00,73.38999938964844,73.4000015258789,73.37999725341797,73.37999725341797,9.0
2025-01-03 03:30:00+00:00,73.3499984741211,73.37999725341797,73.3499984741211,73.37999725341797,47.0
2025-01-03 03:31:00+00:00,73.33999633789062,73.3499984741211,73.33999633789062,73.3499984741211,19.0
2025-01-03 03:32:00+00:00,73.3499984741211,73.36000061035156,73.33999633789062,73.33999633789062,16.0
2025-01-03 03:33:00+00:00,73.37000274658203,73.37000274658203,73.3499984741211,73.3499984741211,25.0
2025-01-03 03:34:00+00:00,73.3499984741211,73.37000274658203,73.3499984741211,73.37000274658203,10.0
2025-01-03 03:35:00+00:00,73.31999969482422,73.36000061035156,73.31999969482422,73.3499984741211,21.0
2025-01-03 03:36:00+00:00,73.33999633789062,73.33999633789062,73.33000183105469,73.33000183105469,10.0
2025-01-03 03:37:00+00:00,73.3499984741211,73.3499984741211,73.33999633789062,73.33999633789062,19.0
2025-01-03 03:38:00+00:00,73.36000061035156,73.36000061035156,73.36000061035156,73.36000061035156,3.0
2025-01-03 03:39:00+00:00,73.36000061035156,73.36000061035156,73.3499984741211,73.36000061035156,15.0
2025-01-03 03:40:00+00:00,73.36000061035156,73.37000274658203,73.36000061035156,73.37000274658203,3.0
2025-01-03 03:41:00+00:00,73.37000274658203,73.37999725341797,73.37000274658203,73.37000274658203,6.0
2025-01-03 03:42:00+00:00,73.37999725341797,73.37999725341797,73.37999725341797,73.37999725341797,1.0
2025-01-03 03:43:00+00:00,73.37000274658203,73.37999725341797,73.37000274658203,73.37999725341797,11.0
2025-01-03 03:45:00+00:00,73.37999725341797,73.37999725341797,73.37000274658203,73.37000274658203,57.0
2025-01-03 03:46:00+00:00,73.37999725341797,73.37999725341797,73.37000274658203,73.37000274658203,8.0
2025-01-03 03:47:00+00:00,73.37999725341797,73.37999725341797,73.37999725341797,73.37999725341797,2.0
2025-01-03 03:48:00+00:00,73.38999938964844,73.38999938964844,73.37999725341797,73.37999725341797,13.0
2025-01-03 03:49:00+00:00,73.38999938964844,73.4000015258789,73.38999938964844,73.38999938964844,13.0
2025-01-03 03:51:00+00:00,73.4000015258789,73.4000015258789,73.38999938964844,73.38999938964844,19.0
2025-01-03 03:52:00+00:00,73.4000015258789,73.41000366210938,73.38999938964844,73.4000015258789,9.0
2025-01-03 03:53:00+00:00,73.38999938964844,73.4000015258789,73.37999725341797,73.4000015258789,7.0
2025-01-03 03:54:00+00:00,73.38999938964844,73.38999938964844,73.38999938964844,73.38999938964844,1.0
2025-01-03 03:55:00+00:00,73.38999938964844,73.38999938964844,73.38999938964844,73.38999938964844,7.0
2025-01-03 03:56:00+00:00,73.38999938964844,73.4000015258789,73.38999938964844,73.4000015258789,4.0
2025-01-03 03:57:00+00:00,73.4000015258789,73.4000015258789,73.38999938964844,73.38999938964844,4.0
2025-01-03 03:58:00+00:00,73.4000015258789,73.41000366210938,73.4000015258789,73.4000015258789,12.0
2025-01-03 03:59:00+00:00,73.4000015258789,73.4000015258789,73.38999938964844,73.38999938964844,5.0
2025-01-03 04:00:00+00:00,73.41000366210938,73.41000366210938,73.4000015258789,73.4000015258789,31.0
2025-01-03 04:01:00+00:00,73.41999816894531,73.41999816894531,73.41000366210938,73.41000366210938,2.0
2025-01-03 04:02:00+00:00,73.41000366210938,73.41000366210938,73.41000366210938,73.41000366210938,13.0
2025-01-03 04:03:00+00:00,73.41000366210938,73.41000366210938,73.4000015258789,73.4000015258789,3.0
2025-01-03 04:04:00+00:00,73.38999938964844,73.41000366210938,73.38999938964844,73.4000015258789,11.0
2025-01-03 04:05:00+00:00,73.37999725341797,73.38999938964844,73.37999725341797,73.38999938964844,7.0
2025-01-03 04:06:00+00:00,73.38999938964844,73.38999938964844,73.38999938964844,73.38999938964844,4.0
2025-01-03 04:07:00+00:00,73.38999938964844,73.4000015258789,73.38999938964844,73.38999938964844,23.0
2025-01-03 04:08:00+00:00,73.38999938964844,73.38999938964844,73.37999725341797,73.37999725341797,4.0
2025-01-03 04:09:00+00:00,73.38999938964844,73.38999938964844,73.37999725341797,73.37999725341797,6.0
2025-01-03 04:10:00+00:00,73.38999938964844,73.4000015258789,73.38999938964844,73.4000015258789,2.0
2025-01-03 04:12:00+00:00,73.41000366210938,73.41999816894531,73.41000366210938,73.41000366210938,18.0
2025-01-03 04:13:00+00:00,73.4000015258789,73.4000015258789,73.4000015258789,73.4000015258789,4.0
2025-01-03 04:14:00+00:00,73.38999938964844,73.38999938964844,73.38999938964844,73.38999938964844,2.0
2025-01-03 04:16:00+00:00,73.38999938964844,73.4000015258789,73.38999938964844,73.38999938964844,5.0
2025-01-03 04:17:00+00:00,73.37999725341797,73.38999938964844,73.37999725341797,73.38999938964844,15.0
2025-01-03 04:18:00+00:00,73.38999938964844,73.38999938964844,73.37999725341797,73.37999725341797,17.0
2025-01-03 04:19:00+00:00,73.37999725341797,73.38999938964844,73.37999725341797,73.37999725341797,6.0
2025-01-03 04:20:00+00:00,73.38999938964844,73.4000015258789,73.38999938964844,73.38999938964844,4.0
2025-01-03 04:21:00+00:00,73.4000015258789,73.4000015258789,73.38999938964844,73.38999938964844,6.0
2025-01-03 04:22:00+00:00,73.4000015258789,73.41000366210938,73.4000015258789,73.4000015258789,13.0
2025-01-03 04:23:00+00:00,73.4000015258789,73.41000366210938,73.4000015258789,73.41000366210938,2.0
2025-01-03 04:25:00+00:00,73.4000015258789,73.4000015258789,73.4000015258789,73.4000015258789,6.0
2025-01-03 04:26:00+00:00,73.4000015258789,73.4000015258789,73.4000015258789,73.4000015258789,1.0
2025-01-03 04:27:00+00:00,73.4000015258789,73.4000015258789,73.4000015258789,73.4000015258789,7.0
2025-01-03 04:28:00+00:00,73.41000366210938,73.41999816894531,73.4000015258789,73.41000366210938,9.0
2025-01-03 04:29:00+00:00,73.41000366210938,73.41000366210938,73.4000015258789,73.41000366210938,7.0
2025-01-03 04:30:00+00:00,73.41000366210938,73.41000366210938,73.41000366210938,73.41000366210938,4.0
2025-01-03 04:31:00+00:00,73.4000015258789,73.41000366210938,73.38999938964844,73.41000366210938,9.0
2025-01-03 04:32:00+00:00,73.38999938964844,73.4000015258789,73.38999938964844,73.4000015258789,6.0
2025-01-03 04:34:00+00:00,73.4000015258789,73.41000366210938,73.4000015258789,73.41000366210938,4.0
2025-01-03 04:35:00+00:00,73.41000366210938,73.41000366210938,73.4000015258789,73.4000015258789,4.0
2025-01-03 04:36:00+00:00,73.4000015258789,73.4000015258789,73.4000015258789,73.4000015258789,3.0
2025-01-03 04:37:00+00:00,73.38999938964844,73.38999938964844,73.38999938964844,73.38999938964844,9.0
2025-01-03 04:39:00+00:00,73.37999725341797,73.4000015258789,73.37999725341797,73.37999725341797,29.0
2025-01-03 04:41:00+00:00,73.37999725341797,73.37999725341797,73.37999725341797,73.37999725341797,14.0
2025-01-03 04:45:00+00:00,73.37999725341797,73.38999938964844,73.37999725341797,73.38999938964844,14.0
2025-01-03 04:47:00+00:00,73.38999938964844,73.4000015258789,73.38999938964844,73.4000015258789,10.0
2025-01-03 04:48:00+00:00,73.38999938964844,73.38999938964844,73.38999938964844,73.38999938964844,3.0
2025-01-03 04:53:00+00:00,73.37999725341797,73.37999725341797,73.37999725341797,73.37999725341797,4.0
2025-01-03 04:54:00+00:00,73.37000274658203,73.37999725341797,73.37000274658203,73.37000274658203,3.0
2025-01-03 04:55:00+00:00,73.37000274658203,73.37000274658203,73.37000274658203,73.37000274658203,9.0
2025-01-03 04:56:00+00:00,73.37000274658203,73.37000274658203,73.37000274658203,73.37000274658203,1.0
2025-01-03 04:57:00+00:00,73.37000274658203,73.37999725341797,73.37000274658203,73.37999725341797,2.0
2025-01-03 04:58:00+00:00,73.3499984741211,73.37000274658203,73.3499984741211,73.37000274658203,6.0
2025-01-03 05:00:00+00:00,73.33000183105469,73.33999633789062,73.31999969482422,73.33999633789062,82.0
2025-01-03 05:01:00+00:00,73.31999969482422,73.31999969482422,73.31999969482422,73.31999969482422,7.0
2025-01-03 05:02:00+00:00,73.31999969482422,73.33000183105469,73.31999969482422,73.31999969482422,10.0
2025-01-03 05:03:00+00:00,73.33000183105469,73.33999633789062,73.33000183105469,73.33000183105469,7.0
2025-01-03 05:05:00+00:00,73.31999969482422,73.33000183105469,73.31999969482422,73.33000183105469,5.0
2025-01-03 05:06:00+00:00,73.31999969482422,73.31999969482422,73.30999755859375,73.31999969482422,11.0
2025-01-03 05:08:00+00:00,73.30000305175781,73.31999969482422,73.30000305175781,73.31999969482422,43.0
2025-01-03 05:09:00+00:00,73.31999969482422,73.31999969482422,73.30000305175781,73.30000305175781,8.0
2025-01-03 05:10:00+00:00,73.30999755859375,73.33000183105469,73.30999755859375,73.31999969482422,8.0
2025-01-03 05:11:00+00:00,73.31999969482422,73.31999969482422,73.31999969482422,73.31999969482422,2.0
2025-01-03 05:12:00+00:00,73.33000183105469,73.33000183105469,73.33000183105469,73.33000183105469,1.0
2025-01-03 05:13:00+00:00,73.33000183105469,73.33000183105469,73.31999969482422,73.31999969482422,3.0
2025-01-03 05:17:00+00:00,73.31999969482422,73.31999969482422,73.30999755859375,73.30999755859375,6.0
2025-01-03 05:18:00+00:00,73.30999755859375,73.30999755859375,73.30999755859375,73.30999755859375,6.0
2025-01-03 05:19:00+00:00,73.30999755859375,73.31999969482422,73.30999755859375,73.30999755859375,5.0
2025-01-03 05:20:00+00:00,73.31999969482422,73.31999969482422,73.31999969482422,73.31999969482422,5.0
2025-01-03 05:21:00+00:00,73.30999755859375,73.31999969482422,73.30999755859375,73.31999969482422,18.0
2025-01-03 05:22:00+00:00,73.30000305175781,73.30000305175781,73.30000305175781,73.30000305175781,18.0
2025-01-03 05:23:00+00:00,73.27999877929688,73.29000091552734,73.27999877929688,73.29000091552734,24.0
2025-01-03 05:24:00+00:00,73.27999877929688,73.29000091552734,73.27999877929688,73.29000091552734,20.0
2025-01-03 05:25:00+00:00,73.30000305175781,73.30000305175781,73.29000091552734,73.29000091552734,8.0
2025-01-03 05:26:00+00:00,73.29000091552734,73.29000091552734,73.29000091552734,73.29000091552734,9.0
2025-01-03 05:27:00+00:00,73.27999877929688,73.29000091552734,73.27999877929688,73.29000091552734,10.0
2025-01-03 05:28:00+00:00,73.2699966430664,73.27999877929688,73.2699966430664,73.2699966430664,10.0
2025-01-03 05:29:00+00:00,73.27999877929688,73.27999877929688,73.2699966430664,73.2699966430664,8.0
2025-01-03 05:30:00+00:00,73.2699966430664,73.27999877929688,73.26000213623047,73.2699966430664,57.0
2025-01-03 05:31:00+00:00,73.27999877929688,73.29000091552734,73.27999877929688,73.27999877929688,14.0
2025-01-03 05:32:00+00:00,73.30000305175781,73.30000305175781,73.27999877929688,73.29000091552734,27.0
2025-01-03 05:33:00+00:00,73.30999755859375,73.30999755859375,73.30000305175781,73.30999755859375,15.0
2025-01-03 05:34:00+00:00,73.31999969482422,73.33000183105469,73.30999755859375,73.30999755859375,11.0
2025-01-03 05:35:00+00:00,73.30000305175781,73.31999969482422,73.30000305175781,73.31999969482422,14.0
2025-01-03 05:36:00+00:00,73.2699966430664,73.30000305175781,73.26000213623047,73.30000305175781,24.0
2025-01-03 05:37:00+00:00,73.26000213623047,73.26000213623047,73.25,73.26000213623047,17.0
2025-01-03 05:38:00+00:00,73.27999877929688,73.27999877929688,73.2699966430664,73.2699966430664,5.0
2025-01-03 05:39:00+00:00,73.26000213623047,73.2699966430664,73.26000213623047,73.2699966430664,11.0
2025-01-03 05:40:00+00:00,73.27999877929688,73.27999877929688,73.27999877929688,73.27999877929688,11.0
2025-01-03 05:41:00+00:00,73.26000213623047,73.27999877929688,73.26000213623047,73.27999877929688,17.0
2025-01-03 05:42:00+00:00,73.29000091552734,73.29000091552734,73.26000213623047,73.26000213623047,15.0
2025-01-03 05:43:00+00:00,73.27999877929688,73.29000091552734,73.27999877929688,73.29000091552734,12.0
2025-01-03 05:44:00+00:00,73.27999877929688,73.27999877929688,73.27999877929688,73.27999877929688,9.0
2025-01-03 05:45:00+00:00,73.2699966430664,73.2699966430664,73.26000213623047,73.2699966430664,21.0
2025-01-03 05:46:00+00:00,73.26000213623047,73.2699966430664,73.26000213623047,73.2699966430664,9.0
2025-01-03 05:47:00+00:00,73.2699966430664,73.2699966430664,73.26000213623047,73.26000213623047,3.0
2025-01-03 05:48:00+00:00,73.2699966430664,73.2699966430664,73.2699966430664,73.2699966430664,4.0
2025-01-03 05:49:00+00:00,73.2699966430664,73.27999877929688,73.2699966430664,73.2699966430664,8.0
2025-01-03 05:50:00+00:00,73.26000213623047,73.27999877929688,73.26000213623047,73.2699966430664,15.0
2025-01-03 05:51:00+00:00,73.26000213623047,73.26000213623047,73.25,73.25,2.0
2025-01-03 05:52:00+00:00,73.25,73.25,73.25,73.25,8.0
2025-01-03 05:53:00+00:00,73.25,73.25,73.23999786376953,73.25,4.0
2025-01-03 05:54:00+00:00,73.23999786376953,73.25,73.23999786376953,73.23999786376953,45.0
2025-01-03 05:55:00+00:00,73.26000213623047,73.26000213623047,73.23999786376953,73.23999786376953,10.0
2025-01-03 05:56:00+00:00,73.23999786376953,73.25,73.23999786376953,73.25,9.0
2025-01-03 05:57:00+00:00,73.2300033569336,73.25,73.2300033569336,73.25,7.0
2025-01-03 05:58:00+00:00,73.25,73.25,73.23999786376953,73.23999786376953,3.0
2025-01-03 05:59:00+00:00,73.26000213623047,73.26000213623047,73.25,73.25,24.0
2025-01-03 06:00:00+00:00,73.2300033569336,73.23999786376953,73.22000122070312,73.23999786376953,28.0
2025-01-03 06:01:00+00:00,73.20999908447266,73.2300033569336,73.19999694824219,73.2300033569336,36.0
2025-01-03 06:02:00+00:00,73.20999908447266,73.22000122070312,73.20999908447266,73.22000122070312,8.0
2025-01-03 06:03:00+00:00,73.2300033569336,73.2300033569336,73.22000122070312,73.22000122070312,6.0
2025-01-03 06:04:00+00:00,73.23999786376953,73.23999786376953,73.23999786376953,73.23999786376953,12.0
2025-01-03 06:05:00+00:00,73.23999786376953,73.26000213623047,73.23999786376953,73.25,21.0
2025-01-03 06:06:00+00:00,73.2300033569336,73.2300033569336,73.22000122070312,73.2300033569336,17.0
2025-01-03 06:07:00+00:00,73.23999786376953,73.23999786376953,73.23999786376953,73.23999786376953,7.0
2025-01-03 06:08:00+00:00,73.23999786376953,73.23999786376953,73.2300033569336,73.2300033569336,7.0
2025-01-03 06:09:00+00:00,73.2300033569336,73.23999786376953,73.22000122070312,73.2300033569336,29.0
2025-01-03 06:10:00+00:00,73.2300033569336,73.2300033569336,73.22000122070312,73.22000122070312,9.0
2025-01-03 06:11:00+00:00,73.22000122070312,73.2300033569336,73.22000122070312,73.2300033569336,17.0
2025-01-03 06:12:00+00:00,73.2300033569336,73.2300033569336,73.22000122070312,73.22000122070312,5.0
2025-01-03 06:13:00+00:00,73.20999908447266,73.2300033569336,73.19999694824219,73.2300033569336,105.0
2025-01-03 06:14:00+00:00,73.20999908447266,73.20999908447266,73.20999908447266,73.20999908447266,12.0
2025-01-03 06:15:00+00:00,73.22000122070312,73.22000122070312,73.19999694824219,73.20999908447266,6.0
2025-01-03 06:16:00+00:00,73.20999908447266,73.22000122070312,73.19999694824219,73.22000122070312,36.0
2025-01-03 06:17:00+00:00,73.22000122070312,73.23999786376953,73.19999694824219,73.20999908447266,51.0
2025-01-03 06:18:00+00:00,73.20999908447266,73.20999908447266,73.20999908447266,73.20999908447266,3.0
2025-01-03 06:19:00+00:00,73.20999908447266,73.20999908447266,73.19999694824219,73.19999694824219,20.0
2025-01-03 06:20:00+00:00,73.2300033569336,73.23999786376953,73.2300033569336,73.2300033569336,16.0
2025-01-03 06:21:00+00:00,73.2300033569336,73.2300033569336,73.20999908447266,73.2300033569336,13.0
2025-01-03 06:23:00+00:00,73.20999908447266,73.20999908447266,73.20999908447266,73.20999908447266,2.0
2025-01-03 06:24:00+00:00,73.20999908447266,73.20999908447266,73.19999694824219,73.20999908447266,5.0
2025-01-03 06:25:00+00:00,73.19999694824219,73.22000122070312,73.19999694824219,73.22000122070312,14.0
2025-01-03 06:26:00+00:00,73.18000030517578,73.19999694824219,73.16999816894531,73.18000030517578,51.0
2025-01-03 06:27:00+00:00,73.18000030517578,73.18000030517578,73.18000030517578,73.18000030517578,13.0
2025-01-03 06:28:00+00:00,73.18000030517578,73.18000030517578,73.16999816894531,73.18000030517578,7.0
2025-01-03 06:29:00+00:00,73.16999816894531,73.18000030517578,73.16999816894531,73.18000030517578,11.0
2025-01-03 06:30:00+00:00,73.16999816894531,73.18000030517578,73.16000366210938,73.16999816894531,28.0
2025-01-03 06:31:00+00:00,73.19000244140625,73.19000244140625,73.16000366210938,73.16000366210938,25.0
2025-01-03 06:32:00+00:00,73.19000244140625,73.19000244140625,73.19000244140625,73.19000244140625,6.0
2025-01-03 06:33:00+00:00,73.18000030517578,73.19000244140625,73.18000030517578,73.19000244140625,14.0
2025-01-03 06:34:00+00:00,73.16999816894531,73.16999816894531,73.16999816894531,73.16999816894531,10.0
2025-01-03 06:35:00+00:00,73.16999816894531,73.18000030517578,73.16999816894531,73.16999816894531,10.0
2025-01-03 06:36:00+00:00,73.16000366210938,73.18000030517578,73.13999938964844,73.18000030517578,134.0
2025-01-03 06:37:00+00:00,73.16999816894531,73.16999816894531,73.1500015258789,73.1500015258789,16.0
2025-01-03 06:38:00+00:00,73.18000030517578,73.19000244140625,73.18000030517578,73.18000030517578,15.0
2025-01-03 06:39:00+00:00,73.16000366210938,73.18000030517578,73.16000366210938,73.18000030517578,19.0
2025-01-03 06:40:00+00:00,73.16999816894531,73.16999816894531,73.16000366210938,73.16000366210938,26.0
2025-01-03 06:41:00+00:00,73.16999816894531,73.18000030517578,73.16999816894531,73.16999816894531,5.0
2025-01-03 06:42:00+00:00,73.16999816894531,73.16999816894531,73.16999816894531,73.16999816894531,26.0
2025-01-03 06:43:00+00:00,73.16000366210938,73.16999816894531,73.16000366210938,73.16999816894531,29.0
2025-01-03 06:44:00+00:00,73.16000366210938,73.16999816894531,73.1500015258789,73.1500015258789,14.0
2025-01-03 06:45:00+00:00,73.18000030517578,73.19000244140625,73.16999816894531,73.16999816894531,32.0
2025-01-03 06:47:00+00:00,73.16000366210938,73.19000244140625,73.16000366210938,73.19000244140625,32.0
2025-01-03 06:48:00+00:00,73.18000030517578,73.18000030517578,73.16999816894531,73.16999816894531,7.0
2025-01-03 06:49:00+00:00,73.16000366210938,73.16999816894531,73.16000366210938,73.16999816894531,16.0
2025-01-03 06:50:00+00:00,73.16000366210938,73.16999816894531,73.16000366210938,73.16999816894531,9.0
2025-01-03 06:51:00+00:00,73.16999816894531,73.18000030517578,73.16999816894531,73.16999816894531,12.0
2025-01-03 06:52:00+00:00,73.1500015258789,73.16999816894531,73.1500015258789,73.16000366210938,13.0
2025-01-03 06:53:00+00:00,73.13999938964844,73.1500015258789,73.13999938964844,73.1500015258789,6.0
2025-01-03 06:54:00+00:00,73.1500015258789,73.16000366210938,73.1500015258789,73.1500015258789,21.0
2025-01-03 06:55:00+00:00,73.1500015258789,73.1500015258789,73.1500015258789,73.1500015258789,5.0
2025-01-03 06:56:00+00:00,73.16999816894531,73.16999816894531,73.1500015258789,73.1500015258789,9.0
2025-01-03 06:57:00+00:00,73.1500015258789,73.16999816894531,73.1500015258789,73.16999816894531,11.0
2025-01-03 06:58:00+00:00,73.13999938964844,73.16000366210938,73.13999938964844,73.1500015258789,14.0
2025-01-03 06:59:00+00:00,73.1500015258789,73.16000366210938,73.1500015258789,73.1500015258789,44.0
2025-01-03 07:00:00+00:00,73.1500015258789,73.19999694824219,73.1500015258789,73.1500015258789,147.0
2025-01-03 07:01:00+00:00,73.1500015258789,73.16999816894531,73.1500015258789,73.1500015258789,25.0
2025-01-03 07:03:00+00:00,73.1500015258789,73.1500015258789,73.1500015258789,73.1500015258789,13.0
2025-01-03 07:04:00+00:00,73.1500015258789,73.1500015258789,73.13999938964844,73.1500015258789,43.0
2025-01-03 07:05:00+00:00,73.16000366210938,73.16000366210938,73.12000274658203,73.13999938964844,35.0
2025-01-03 07:06:00+00:00,73.1500015258789,73.16000366210938,73.1500015258789,73.16000366210938,19.0
2025-01-03 07:07:00+00:00,73.1500015258789,73.1500015258789,73.13999938964844,73.13999938964844,8.0
2025-01-03 07:08:00+00:00,73.1500015258789,73.16000366210938,73.1500015258789,73.16000366210938,18.0
2025-01-03 07:09:00+00:00,73.12999725341797,73.16000366210938,73.12999725341797,73.16000366210938,41.0
2025-01-03 07:10:00+00:00,73.12999725341797,73.13999938964844,73.12999725341797,73.12999725341797,39.0
2025-01-03 07:11:00+00:00,73.12000274658203,73.12999725341797,73.11000061035156,73.12000274658203,56.0
2025-01-03 07:12:00+00:00,73.12999725341797,73.12999725341797,73.0999984741211,73.12000274658203,53.0
2025-01-03 07:13:00+00:00,73.11000061035156,73.12999725341797,73.11000061035156,73.12999725341797,26.0
2025-01-03 07:14:00+00:00,73.12000274658203,73.12000274658203,73.12000274658203,73.12000274658203,12.0
2025-01-03 07:15:00+00:00,73.12000274658203,73.12000274658203,73.11000061035156,73.12000274658203,19.0
2025-01-03 07:16:00+00:00,73.12000274658203,73.12999725341797,73.12000274658203,73.12000274658203,25.0
2025-01-03 07:17:00+00:00,73.11000061035156,73.12000274658203,73.11000061035156,73.12000274658203,45.0
2025-01-03 07:19:00+00:00,73.13999938964844,73.1500015258789,73.11000061035156,73.11000061035156,111.0
2025-01-03 07:20:00+00:00,73.12999725341797,73.1500015258789,73.12999725341797,73.13999938964844,12.0
2025-01-03 07:21:00+00:00,73.11000061035156,73.12000274658203,73.0999984741211,73.12000274658203,29.0
2025-01-03 07:22:00+00:00,73.0999984741211,73.12999725341797,73.0999984741211,73.12000274658203,20.0
2025-01-03 07:23:00+00:00,73.08999633789062,73.11000061035156,73.08000183105469,73.0999984741211,38.0
2025-01-03 07:24:00+00:00,73.08999633789062,73.11000061035156,73.08999633789062,73.0999984741211,18.0
2025-01-03 07:25:00+00:00,73.0999984741211,73.0999984741211,73.08999633789062,73.08999633789062,16.0
2025-01-03 07:26:00+00:00,73.0999984741211,73.0999984741211,73.0999984741211,73.0999984741211,11.0
2025-01-03 07:27:00+00:00,73.11000061035156,73.11000061035156,73.08999633789062,73.0999984741211,37.0
2025-01-03 07:28:00+00:00,73.12999725341797,73.12999725341797,73.11000061035156,73.11000061035156,29.0
2025-01-03 07:29:00+00:00,73.12000274658203,73.12999725341797,73.11000061035156,73.12000274658203,17.0
2025-01-03 07:30:00+00:00,73.11000061035156,73.12999725341797,73.0999984741211,73.11000061035156,125.0
2025-01-03 07:31:00+00:00,73.12000274658203,73.12999725341797,73.12000274658203,73.12000274658203,15.0
2025-01-03 07:32:00+00:00,73.12000274658203,73.12000274658203,73.11000061035156,73.12000274658203,24.0
2025-01-03 07:34:00+00:00,73.11000061035156,73.12999725341797,73.11000061035156,73.12999725341797,29.0
2025-01-03 07:35:00+00:00,73.12000274658203,73.12000274658203,73.12000274658203,73.12000274658203,8.0
2025-01-03 07:36:00+00:00,73.12999725341797,73.12999725341797,73.11000061035156,73.12000274658203,7.0
2025-01-03 07:37:00+00:00,73.12999725341797,73.13999938964844,73.12999725341797,73.12999725341797,22.0
2025-01-03 07:38:00+00:00,73.1500015258789,73.16999816894531,73.13999938964844,73.1500015258789,84.0
2025-01-03 07:39:00+00:00,73.1500015258789,73.16000366210938,73.1500015258789,73.1500015258789,13.0
2025-01-03 07:40:00+00:00,73.13999938964844,73.13999938964844,73.13999938964844,73.13999938964844,15.0
2025-01-03 07:41:00+00:00,73.1500015258789,73.16000366210938,73.13999938964844,73.1500015258789,38.0
2025-01-03 07:42:00+00:00,73.1500015258789,73.1500015258789,73.13999938964844,73.13999938964844,14.0
2025-01-03 07:43:00+00:00,73.16000366210938,73.16000366210938,73.1500015258789,73.1500015258789,66.0
2025-01-03 07:44:00+00:00,73.13999938964844,73.1500015258789,73.13999938964844,73.1500015258789,29.0
2025-01-03 07:45:00+00:00,73.11000061035156,73.13999938964844,73.11000061035156,73.13999938964844,24.0
2025-01-03 07:46:00+00:00,73.12000274658203,73.12000274658203,73.11000061035156,73.11000061035156,28.0
2025-01-03 07:47:00+00:00,73.0999984741211,73.11000061035156,73.08999633789062,73.11000061035156,27.0
2025-01-03 07:48:00+00:00,73.11000061035156,73.12000274658203,73.11000061035156,73.11000061035156,20.0
2025-01-03 07:49:00+00:00,73.11000061035156,73.11000061035156,73.11000061035156,73.11000061035156,9.0
2025-01-03 07:50:00+00:00,73.12999725341797,73.12999725341797,73.11000061035156,73.11000061035156,20.0
2025-01-03 07:51:00+00:00,73.13999938964844,73.13999938964844,73.12000274658203,73.12999725341797,15.0
2025-01-03 07:52:00+00:00,73.16000366210938,73.16000366210938,73.12999725341797,73.12999725341797,26.0
2025-01-03 07:53:00+00:00,73.13999938964844,73.16000366210938,73.13999938964844,73.16000366210938,34.0
2025-01-03 07:54:00+00:00,73.1500015258789,73.16000366210938,73.13999938964844,73.1500015258789,20.0
2025-01-03 07:55:00+00:00,73.13999938964844,73.1500015258789,73.13999938964844,73.1500015258789,28.0
2025-01-03 07:56:00+00:00,73.12000274658203,73.12999725341797,73.12000274658203,73.12999725341797,21.0
2025-01-03 07:57:00+00:00,73.11000061035156,73.11000061035156,73.0999984741211,73.11000061035156,33.0
2025-01-03 07:58:00+00:00,73.0999984741211,73.12000274658203,73.08999633789062,73.11000061035156,38.0
2025-01-03 07:59:00+00:00,73.08999633789062,73.0999984741211,73.08999633789062,73.0999984741211,26.0
2025-01-03 08:00:00+00:00,73.1500015258789,73.16000366210938,73.0999984741211,73.0999984741211,139.0
2025-01-03 08:01:00+00:00,73.12000274658203,73.1500015258789,73.11000061035156,73.1500015258789,102.0
2025-01-03 08:02:00+00:00,73.11000061035156,73.11000061035156,73.0999984741211,73.11000061035156,29.0
2025-01-03 08:03:00+00:00,73.0999984741211,73.11000061035156,73.08999633789062,73.0999984741211,40.0
2025-01-03 08:04:00+00:00,73.11000061035156,73.11000061035156,73.0999984741211,73.11000061035156,12.0
2025-01-03 08:05:00+00:00,73.11000061035156,73.12999725341797,73.08999633789062,73.0999984741211,68.0
2025-01-03 08:06:00+00:00,73.12000274658203,73.12000274658203,73.11000061035156,73.11000061035156,14.0
2025-01-03 08:07:00+00:00,73.13999938964844,73.13999938964844,73.0999984741211,73.11000061035156,53.0
2025-01-03 08:08:00+00:00,73.12000274658203,73.12999725341797,73.12000274658203,73.12999725341797,15.0
2025-01-03 08:09:00+00:00,73.0999984741211,73.12000274658203,73.08999633789062,73.12000274658203,40.0
2025-01-03 08:10:00+00:00,73.11000061035156,73.12000274658203,73.0999984741211,73.0999984741211,51.0
2025-01-03 08:11:00+00:00,73.1500015258789,73.1500015258789,73.0999984741211,73.11000061035156,95.0
2025-01-03 08:12:00+00:00,73.16000366210938,73.16999816894531,73.12000274658203,73.1500015258789,230.0
2025-01-03 08:13:00+00:00,73.18000030517578,73.19000244140625,73.16000366210938,73.16000366210938,102.0
2025-01-03 08:14:00+00:00,73.16999816894531,73.19000244140625,73.16999816894531,73.18000030517578,122.0
2025-01-03 08:15:00+00:00,73.16999816894531,73.19000244140625,73.16999816894531,73.16999816894531,60.0
2025-01-03 08:16:00+00:00,73.16000366210938,73.16999816894531,73.16000366210938,73.16999816894531,21.0
2025-01-03 08:17:00+00:00,73.16000366210938,73.18000030517578,73.1500015258789,73.1500015258789,41.0
2025-01-03 08:18:00+00:00,73.16000366210938,73.16000366210938,73.13999938964844,73.1500015258789,48.0
2025-01-03 08:19:00+00:00,73.16999816894531,73.19000244140625,73.1500015258789,73.1500015258789,71.0
2025-01-03 08:20:00+00:00,73.20999908447266,73.20999908447266,73.18000030517578,73.18000030517578,59.0
2025-01-03 08:21:00+00:00,73.19000244140625,73.19999694824219,73.18000030517578,73.19999694824219,38.0
2025-01-03 08:22:00+00:00,73.2300033569336,73.2300033569336,73.18000030517578,73.18000030517578,83.0
2025-01-03 08:23:00+00:00,73.19999694824219,73.2300033569336,73.18000030517578,73.2300033569336,77.0
2025-01-03 08:24:00+00:00,73.19999694824219,73.22000122070312,73.19999694824219,73.19999694824219,29.0
2025-01-03 08:25:00+00:00,73.22000122070312,73.23999786376953,73.20999908447266,73.20999908447266,82.0
2025-01-03 08:26:00+00:00,73.22000122070312,73.22000122070312,73.20999908447266,73.22000122070312,22.0
2025-01-03 08:27:00+00:00,73.23999786376953,73.25,73.20999908447266,73.20999908447266,115.0
2025-01-03 08:28:00+00:00,73.19999694824219,73.2300033569336,73.19000244140625,73.22000122070312,116.0
2025-01-03 08:29:00+00:00,73.19000244140625,73.22000122070312,73.16999816894531,73.19000244140625,347.0
2025-01-03 08:30:00+00:00,73.20999908447266,73.22000122070312,73.19000244140625,73.19999694824219,52.0
2025-01-03 08:40:00+00:00,73.08000183105469,73.08000183105469,73.05999755859375,73.08000183105469,1644.0
2025-01-03 08:41:00+00:00,73.12000274658203,73.12999725341797,73.08000183105469,73.08000183105469,57.0
2025-01-03 08:42:00+00:00,73.0999984741211,73.12000274658203,73.0999984741211,73.11000061035156,25.0
2025-01-03 08:43:00+00:00,73.0999984741211,73.0999984741211,73.08000183105469,73.0999984741211,28.0
2025-01-03 08:44:00+00:00,73.11000061035156,73.12000274658203,73.08000183105469,73.0999984741211,48.0
2025-01-03 08:45:00+00:00,73.12999725341797,73.16000366210938,73.11000061035156,73.12999725341797,162.0
2025-01-03 08:46:00+00:00,73.16000366210938,73.16000366210938,73.12000274658203,73.12999725341797,78.0
2025-01-03 08:47:00+00:00,73.16000366210938,73.16000366210938,73.13999938964844,73.16000366210938,50.0
2025-01-03 08:48:00+00:00,73.13999938964844,73.18000030517578,73.12999725341797,73.16000366210938,68.0
2025-01-03 08:49:00+00:00,73.0999984741211,73.12999725341797,73.08999633789062,73.12000274658203,125.0
2025-01-03 08:50:00+00:00,73.0999984741211,73.11000061035156,73.06999969482422,73.08999633789062,91.0
2025-01-03 08:51:00+00:00,73.13999938964844,73.13999938964844,73.06999969482422,73.08999633789062,277.0
2025-01-03 08:52:00+00:00,73.0999984741211,73.16000366210938,73.08999633789062,73.13999938964844,125.0
2025-01-03 08:53:00+00:00,73.0999984741211,73.0999984741211,73.06999969482422,73.0999984741211,261.0
2025-01-03 08:54:00+00:00,73.06999969482422,73.11000061035156,73.06999969482422,73.0999984741211,36.0
2025-01-03 08:55:00+00:00,73.08999633789062,73.0999984741211,73.06999969482422,73.06999969482422,81.0
2025-01-03 08:56:00+00:00,73.05000305175781,73.08999633789062,73.05000305175781,73.08999633789062,50.0
2025-01-03 08:57:00+00:00,73.05999755859375,73.05999755859375,73.05000305175781,73.05999755859375,173.0
2025-01-03 08:58:00+00:00,73.05000305175781,73.06999969482422,73.05000305175781,73.05000305175781,108.0
2025-01-03 08:59:00+00:00,73.0199966430664,73.05000305175781,72.98999786376953,73.05000305175781,370.0
2025-01-03 09:00:00+00:00,73.06999969482422,73.12999725341797,73.01000213623047,73.02999877929688,223.0
2025-01-03 09:01:00+00:00,73.0199966430664,73.06999969482422,73.0199966430664,73.05999755859375,119.0
2025-01-03 09:02:00+00:00,73.0,73.02999877929688,72.98999786376953,73.0199966430664,87.0
2025-01-03 09:03:00+00:00,72.97000122070312,73.0,72.95999908447266,73.0,222.0
2025-01-03 09:04:00+00:00,72.95999908447266,72.98999786376953,72.94999694824219,72.97000122070312,130.0
2025-01-03 09:05:00+00:00,72.95999908447266,72.98999786376953,72.94000244140625,72.97000122070312,212.0
2025-01-03 09:06:00+00:00,72.94999694824219,72.9800033569336,72.93000030517578,72.97000122070312,101.0
2025-01-03 09:07:00+00:00,72.91999816894531,72.95999908447266,72.91999816894531,72.94999694824219,97.0
2025-01-03 09:08:00+00:00,72.91999816894531,72.94999694824219,72.91000366210938,72.93000030517578,132.0
2025-01-03 09:09:00+00:00,72.91999816894531,72.93000030517578,72.9000015258789,72.93000030517578,152.0
2025-01-03 09:10:00+00:00,72.93000030517578,72.93000030517578,72.9000015258789,72.91999816894531,96.0
2025-01-03 09:11:00+00:00,72.91000366210938,72.94000244140625,72.9000015258789,72.93000030517578,237.0
2025-01-03 09:12:00+00:00,72.9000015258789,72.91999816894531,72.88999938964844,72.91000366210938,99.0
2025-01-03 09:13:00+00:00,72.86000061035156,72.91000366210938,72.8499984741211,72.9000015258789,278.0
2025-01-03 09:14:00+00:00,72.80999755859375,72.86000061035156,72.80999755859375,72.86000061035156,293.0
2025-01-03 09:15:00+00:00,72.77999877929688,72.81999969482422,72.77999877929688,72.81999969482422,220.0
2025-01-03 09:16:00+00:00,72.7699966430664,72.79000091552734,72.76000213623047,72.7699966430664,208.0
2025-01-03 09:17:00+00:00,72.76000213623047,72.7699966430664,72.73999786376953,72.7699966430664,234.0
2025-01-03 09:18:00+00:00,72.80000305175781,72.80999755859375,72.75,72.76000213623047,157.0
2025-01-03 09:19:00+00:00,72.81999969482422,72.83000183105469,72.79000091552734,72.80999755859375,121.0
2025-01-03 09:20:00+00:00,72.87999725341797,72.87999725341797,72.80000305175781,72.80999755859375,149.0
2025-01-03 09:21:00+00:00,72.9000015258789,72.9000015258789,72.87000274658203,72.87999725341797,100.0
2025-01-03 09:22:00+00:00,72.88999938964844,72.9000015258789,72.87000274658203,72.9000015258789,58.0
2025-01-03 09:23:00+00:00,72.87999725341797,72.88999938964844,72.87000274658203,72.88999938964844,30.0
2025-01-03 09:24:00+00:00,72.87000274658203,72.87999725341797,72.86000061035156,72.87000274658203,86.0
2025-01-03 09:25:00+00:00,72.88999938964844,72.9000015258789,72.86000061035156,72.87000274658203,65.0
2025-01-03 09:26:00+00:00,72.87000274658203,72.88999938964844,72.87000274658203,72.88999938964844,39.0
2025-01-03 09:27:00+00:00,72.83000183105469,72.86000061035156,72.81999969482422,72.8499984741211,96.0
2025-01-03 09:28:00+00:00,72.80999755859375,72.83999633789062,72.80999755859375,72.83999633789062,40.0
2025-01-03 09:29:00+00:00,72.80000305175781,72.80999755859375,72.77999877929688,72.80999755859375,45.0
2025-01-03 09:30:00+00:00,72.80000305175781,72.80999755859375,72.77999877929688,72.80999755859375,46.0
2025-01-03 09:31:00+00:00,72.79000091552734,72.80000305175781,72.7699966430664,72.79000091552734,76.0
2025-01-03 09:32:00+00:00,72.7699966430664,72.80000305175781,72.75,72.80000305175781,115.0
2025-01-03 09:33:00+00:00,72.77999877929688,72.79000091552734,72.73999786376953,72.77999877929688,88.0
2025-01-03 09:34:00+00:00,72.79000091552734,72.80000305175781,72.77999877929688,72.77999877929688,37.0
2025-01-03 09:35:00+00:00,72.80999755859375,72.8499984741211,72.79000091552734,72.79000091552734,152.0
2025-01-03 09:36:00+00:00,72.79000091552734,72.81999969482422,72.79000091552734,72.80999755859375,52.0
2025-01-03 09:37:00+00:00,72.79000091552734,72.80000305175781,72.76000213623047,72.79000091552734,84.0
2025-01-03 09:38:00+00:00,72.77999877929688,72.80000305175781,72.7699966430664,72.80000305175781,19.0
2025-01-03 09:39:00+00:00,72.79000091552734,72.79000091552734,72.7699966430664,72.79000091552734,63.0
2025-01-03 09:40:00+00:00,72.80999755859375,72.80999755859375,72.79000091552734,72.79000091552734,66.0
2025-01-03 09:41:00+00:00,72.80000305175781,72.83000183105469,72.80000305175781,72.80999755859375,115.0
2025-01-03 09:42:00+00:00,72.77999877929688,72.80000305175781,72.7699966430664,72.80000305175781,52.0
2025-01-03 09:43:00+00:00,72.77999877929688,72.79000091552734,72.7699966430664,72.77999877929688,51.0
2025-01-03 09:44:00+00:00,72.7699966430664,72.77999877929688,72.76000213623047,72.7699966430664,40.0
2025-01-03 09:45:00+00:00,72.7699966430664,72.77999877929688,72.76000213623047,72.7699966430664,95.0
2025-01-03 09:46:00+00:00,72.77999877929688,72.79000091552734,72.76000213623047,72.7699966430664,69.0
2025-01-03 09:47:00+00:00,72.77999877929688,72.77999877929688,72.7699966430664,72.7699966430664,67.0
2025-01-03 09:48:00+00:00,72.7699966430664,72.77999877929688,72.7699966430664,72.77999877929688,58.0
2025-01-03 09:49:00+00:00,72.7699966430664,72.80000305175781,72.76000213623047,72.77999877929688,147.0
2025-01-03 09:50:00+00:00,72.76000213623047,72.7699966430664,72.76000213623047,72.7699966430664,26.0
2025-01-03 09:51:00+00:00,72.83999633789062,72.83999633789062,72.75,72.76000213623047,110.0
2025-01-03 09:52:00+00:00,72.83000183105469,72.8499984741211,72.81999969482422,72.83999633789062,105.0
2025-01-03 09:53:00+00:00,72.80999755859375,72.83999633789062,72.80999755859375,72.83000183105469,52.0
2025-01-03 09:54:00+00:00,72.83000183105469,72.83000183105469,72.80000305175781,72.80999755859375,62.0
2025-01-03 09:55:00+00:00,72.81999969482422,72.83000183105469,72.80000305175781,72.80999755859375,66.0
2025-01-03 09:56:00+00:00,72.83999633789062,72.83999633789062,72.81999969482422,72.83000183105469,60.0
2025-01-03 09:57:00+00:00,72.80999755859375,72.8499984741211,72.80999755859375,72.83999633789062,64.0
2025-01-03 09:58:00+00:00,72.80999755859375,72.80999755859375,72.77999877929688,72.80000305175781,85.0
2025-01-03 09:59:00+00:00,72.83000183105469,72.83999633789062,72.80000305175781,72.80000305175781,86.0
2025-01-03 10:00:00+00:00,72.77999877929688,72.8499984741211,72.77999877929688,72.83999633789062,81.0
2025-01-03 10:01:00+00:00,72.80000305175781,72.80000305175781,72.75,72.76000213623047,72.0
2025-01-03 10:02:00+00:00,72.7699966430664,72.79000091552734,72.76000213623047,72.79000091552734,71.0
2025-01-03 10:03:00+00:00,72.7699966430664,72.7699966430664,72.76000213623047,72.7699966430664,56.0
2025-01-03 10:04:00+00:00,72.79000091552734,72.79000091552734,72.76000213623047,72.76000213623047,58.0
2025-01-03 10:05:00+00:00,72.80999755859375,72.80999755859375,72.77999877929688,72.79000091552734,64.0
2025-01-03 10:06:00+00:00,72.81999969482422,72.81999969482422,72.80999755859375,72.81999969482422,32.0
2025-01-03 10:07:00+00:00,72.79000091552734,72.80999755859375,72.77999877929688,72.80999755859375,33.0
2025-01-03 10:08:00+00:00,72.77999877929688,72.80000305175781,72.77999877929688,72.77999877929688,52.0
2025-01-03 10:09:00+00:00,72.76000213623047,72.77999877929688,72.75,72.77999877929688,61.0
2025-01-03 10:10:00+00:00,72.7699966430664,72.7699966430664,72.75,72.7699966430664,39.0
2025-01-03 10:11:00+00:00,72.7699966430664,72.77999877929688,72.7699966430664,72.7699966430664,53.0
2025-01-03 10:12:00+00:00,72.79000091552734,72.79000091552734,72.76000213623047,72.7699966430664,21.0
2025-01-03 10:13:00+00:00,72.7699966430664,72.77999877929688,72.76000213623047,72.77999877929688,69.0
2025-01-03 10:14:00+00:00,72.79000091552734,72.80000305175781,72.76000213623047,72.76000213623047,84.0
2025-01-03 10:15:00+00:00,72.80000305175781,72.80000305175781,72.77999877929688,72.79000091552734,52.0
2025-01-03 10:16:00+00:00,72.80000305175781,72.81999969482422,72.80000305175781,72.80999755859375,45.0
2025-01-03 10:17:00+00:00,72.8499984741211,72.86000061035156,72.80999755859375,72.80999755859375,69.0
2025-01-03 10:18:00+00:00,72.79000091552734,72.87000274658203,72.79000091552734,72.8499984741211,390.0
2025-01-03 10:19:00+00:00,72.77999877929688,72.80999755859375,72.77999877929688,72.79000091552734,33.0
2025-01-03 10:20:00+00:00,72.79000091552734,72.79000091552734,72.76000213623047,72.77999877929688,52.0
2025-01-03 10:21:00+00:00,72.77999877929688,72.80000305175781,72.77999877929688,72.79000091552734,14.0
2025-01-03 10:22:00+00:00,72.75,72.77999877929688,72.75,72.77999877929688,76.0
2025-01-03 10:23:00+00:00,72.81999969482422,72.81999969482422,72.75,72.76000213623047,81.0
2025-01-03 10:24:00+00:00,72.86000061035156,72.87000274658203,72.80999755859375,72.81999969482422,95.0
2025-01-03 10:25:00+00:00,72.9000015258789,72.91999816894531,72.86000061035156,72.87000274658203,424.0
2025-01-03 10:26:00+00:00,72.94000244140625,72.94999694824219,72.88999938964844,72.9000015258789,419.0
2025-01-03 10:27:00+00:00,72.94000244140625,72.95999908447266,72.94000244140625,72.94000244140625,127.0
2025-01-03 10:28:00+00:00,72.94999694824219,72.94999694824219,72.91999816894531,72.94000244140625,66.0
2025-01-03 10:29:00+00:00,72.94999694824219,72.95999908447266,72.94000244140625,72.94000244140625,85.0
2025-01-03 10:30:00+00:00,72.94999694824219,72.94999694824219,72.94000244140625,72.94000244140625,35.0
2025-01-03 10:40:00+00:00,72.87999725341797,72.9000015258789,72.87999725341797,72.88999938964844,805.0
2025-01-03 10:41:00+00:00,72.88999938964844,72.9000015258789,72.88999938964844,72.9000015258789,31.0
2025-01-03 10:42:00+00:00,72.9000015258789,72.9000015258789,72.88999938964844,72.88999938964844,43.0
2025-01-03 10:43:00+00:00,72.91000366210938,72.91999816894531,72.91000366210938,72.91000366210938,34.0
2025-01-03 10:44:00+00:00,72.9000015258789,72.91999816894531,72.9000015258789,72.91000366210938,25.0
2025-01-03 10:45:00+00:00,72.91000366210938,72.93000030517578,72.9000015258789,72.9000015258789,76.0
2025-01-03 10:46:00+00:00,72.9000015258789,72.91000366210938,72.9000015258789,72.9000015258789,22.0
2025-01-03 10:47:00+00:00,72.91000366210938,72.91000366210938,72.9000015258789,72.91000366210938,6.0
2025-01-03 10:48:00+00:00,72.93000030517578,72.93000030517578,72.9000015258789,72.9000015258789,27.0
2025-01-03 10:49:00+00:00,72.9000015258789,72.91999816894531,72.9000015258789,72.91999816894531,47.0
2025-01-03 10:50:00+00:00,72.8499984741211,72.9000015258789,72.83999633789062,72.88999938964844,94.0
2025-01-03 10:51:00+00:00,72.87000274658203,72.87000274658203,72.83999633789062,72.8499984741211,52.0
2025-01-03 10:52:00+00:00,72.86000061035156,72.87000274658203,72.86000061035156,72.87000274658203,13.0
2025-01-03 10:53:00+00:00,72.8499984741211,72.87000274658203,72.8499984741211,72.87000274658203,28.0
2025-01-03 10:54:00+00:00,72.81999969482422,72.8499984741211,72.81999969482422,72.8499984741211,39.0
2025-01-03 10:55:00+00:00,72.83000183105469,72.83999633789062,72.81999969482422,72.83000183105469,71.0
2025-01-03 10:56:00+00:00,72.80999755859375,72.83000183105469,72.80999755859375,72.83000183105469,50.0
2025-01-03 10:57:00+00:00,72.7699966430664,72.80000305175781,72.75,72.79000091552734,372.0
2025-01-03 10:58:00+00:00,72.77999877929688,72.77999877929688,72.7699966430664,72.7699966430664,33.0
2025-01-03 10:59:00+00:00,72.79000091552734,72.80000305175781,72.77999877929688,72.79000091552734,70.0
2025-01-03 11:00:00+00:00,72.77999877929688,72.80000305175781,72.7699966430664,72.79000091552734,67.0
2025-01-03 11:01:00+00:00,72.76000213623047,72.77999877929688,72.76000213623047,72.7699966430664,16.0
2025-01-03 11:02:00+00:00,72.76000213623047,72.7699966430664,72.69999694824219,72.76000213623047,274.0
2025-01-03 11:03:00+00:00,72.73999786376953,72.75,72.73999786376953,72.75,15.0
2025-01-03 11:04:00+00:00,72.76000213623047,72.76000213623047,72.75,72.75,21.0
2025-01-03 11:05:00+00:00,72.80000305175781,72.81999969482422,72.76000213623047,72.76000213623047,74.0
2025-01-03 11:06:00+00:00,72.81999969482422,72.81999969482422,72.80000305175781,72.80000305175781,92.0
2025-01-03 11:07:00+00:00,72.83999633789062,72.8499984741211,72.81999969482422,72.81999969482422,60.0
2025-01-03 11:08:00+00:00,72.83999633789062,72.83999633789062,72.83000183105469,72.83999633789062,25.0
2025-01-03 11:09:00+00:00,72.81999969482422,72.83999633789062,72.80999755859375,72.83999633789062,31.0
2025-01-03 11:10:00+00:00,72.80000305175781,72.83000183105469,72.79000091552734,72.81999969482422,46.0
2025-01-03 11:11:00+00:00,72.83000183105469,72.83000183105469,72.80000305175781,72.80000305175781,26.0
2025-01-03 11:12:00+00:00,72.80999755859375,72.81999969482422,72.80999755859375,72.81999969482422,20.0
2025-01-03 11:13:00+00:00,72.8499984741211,72.86000061035156,72.80999755859375,72.80999755859375,64.0
2025-01-03 11:14:00+00:00,72.83000183105469,72.87999725341797,72.83000183105469,72.8499984741211,149.0
2025-01-03 11:15:00+00:00,72.7699966430664,72.81999969482422,72.7699966430664,72.81999969482422,72.0
2025-01-03 11:16:00+00:00,72.76000213623047,72.7699966430664,72.76000213623047,72.76000213623047,22.0
2025-01-03 11:17:00+00:00,72.7699966430664,72.7699966430664,72.75,72.76000213623047,47.0
2025-01-03 11:18:00+00:00,72.7699966430664,72.7699966430664,72.73999786376953,72.7699966430664,110.0
2025-01-03 11:19:00+00:00,72.77999877929688,72.79000091552734,72.77999877929688,72.77999877929688,26.0
2025-01-03 11:20:00+00:00,72.7699966430664,72.7699966430664,72.76000213623047,72.7699966430664,14.0
2025-01-03 11:21:00+00:00,72.76000213623047,72.7699966430664,72.76000213623047,72.7699966430664,12.0
2025-01-03 11:22:00+00:00,72.76000213623047,72.77999877929688,72.75,72.7699966430664,36.0
2025-01-03 11:24:00+00:00,72.7699966430664,72.77999877929688,72.76000213623047,72.76000213623047,14.0
2025-01-03 11:25:00+00:00,72.79000091552734,72.79000091552734,72.7699966430664,72.7699966430664,17.0
2025-01-03 11:26:00+00:00,72.77999877929688,72.79000091552734,72.77999877929688,72.79000091552734,24.0
2025-01-03 11:27:00+00:00,72.83000183105469,72.83000183105469,72.79000091552734,72.79000091552734,45.0
2025-01-03 11:28:00+00:00,72.86000061035156,72.87000274658203,72.83000183105469,72.83000183105469,309.0
2025-01-03 11:29:00+00:00,72.86000061035156,72.87000274658203,72.8499984741211,72.86000061035156,26.0
2025-01-03 11:30:00+00:00,72.87999725341797,72.87999725341797,72.8499984741211,72.8499984741211,40.0
2025-01-03 11:31:00+00:00,72.9000015258789,72.9000015258789,72.87000274658203,72.88999938964844,80.0
2025-01-03 11:32:00+00:00,72.88999938964844,72.9000015258789,72.88999938964844,72.9000015258789,22.0
2025-01-03 11:33:00+00:00,72.9000015258789,72.9000015258789,72.87999725341797,72.87999725341797,53.0
2025-01-03 11:34:00+00:00,72.88999938964844,72.91000366210938,72.88999938964844,72.91000366210938,18.0
2025-01-03 11:35:00+00:00,72.87999725341797,72.9000015258789,72.87000274658203,72.88999938964844,101.0
2025-01-03 11:36:00+00:00,72.88999938964844,72.91000366210938,72.87999725341797,72.87999725341797,38.0
2025-01-03 11:37:00+00:00,72.88999938964844,72.9000015258789,72.88999938964844,72.88999938964844,9.0
2025-01-03 11:38:00+00:00,72.87999725341797,72.88999938964844,72.87000274658203,72.88999938964844,41.0
2025-01-03 11:39:00+00:00,72.87000274658203,72.87999725341797,72.87000274658203,72.87999725341797,24.0
2025-01-03 11:40:00+00:00,72.9000015258789,72.91000366210938,72.87999725341797,72.87999725341797,8.0
2025-01-03 11:41:00+00:00,72.91999816894531,72.91999816894531,72.9000015258789,72.91000366210938,69.0
2025-01-03 11:42:00+00:00,72.94000244140625,72.97000122070312,72.91999816894531,72.91999816894531,526.0
2025-01-03 11:43:00+00:00,72.95999908447266,72.97000122070312,72.94000244140625,72.94000244140625,186.0
2025-01-03 11:44:00+00:00,72.95999908447266,72.97000122070312,72.94999694824219,72.95999908447266,124.0
2025-01-03 11:45:00+00:00,72.91999816894531,72.94999694824219,72.91000366210938,72.94999694824219,48.0
2025-01-03 11:46:00+00:00,72.94999694824219,72.94999694824219,72.91999816894531,72.91999816894531,36.0
2025-01-03 11:47:00+00:00,72.94000244140625,72.95999908447266,72.94000244140625,72.94999694824219,94.0
2025-01-03 11:48:00+00:00,72.93000030517578,72.93000030517578,72.93000030517578,72.93000030517578,11.0
2025-01-03 11:49:00+00:00,72.93000030517578,72.93000030517578,72.91000366210938,72.91999816894531,44.0
2025-01-03 11:50:00+00:00,72.91999816894531,72.91999816894531,72.91000366210938,72.91999816894531,8.0
2025-01-03 11:51:00+00:00,72.94000244140625,72.94000244140625,72.91999816894531,72.91999816894531,51.0
2025-01-03 11:52:00+00:00,72.9800033569336,72.9800033569336,72.94999694824219,72.94999694824219,47.0
2025-01-03 11:53:00+00:00,73.0,73.0,72.9800033569336,72.9800033569336,84.0
2025-01-03 11:54:00+00:00,73.0,73.0,72.98999786376953,72.98999786376953,84.0
2025-01-03 11:55:00+00:00,72.97000122070312,73.0,72.95999908447266,72.98999786376953,100.0
2025-01-03 11:56:00+00:00,72.9800033569336,72.9800033569336,72.97000122070312,72.9800033569336,32.0
2025-01-03 11:57:00+00:00,73.01000213623047,73.01000213623047,72.9800033569336,72.9800033569336,81.0
2025-01-03 11:58:00+00:00,73.04000091552734,73.04000091552734,73.01000213623047,73.01000213623047,170.0
2025-01-03 11:59:00+00:00,73.05000305175781,73.06999969482422,73.02999877929688,73.04000091552734,190.0
2025-01-03 12:00:00+00:00,73.06999969482422,73.08000183105469,73.05000305175781,73.05000305175781,224.0
2025-01-03 12:01:00+00:00,73.06999969482422,73.08999633789062,73.05999755859375,73.06999969482422,119.0
2025-01-03 12:02:00+00:00,73.08999633789062,73.12999725341797,73.06999969482422,73.08000183105469,1541.0
2025-01-03 12:03:00+00:00,73.11000061035156,73.12000274658203,73.06999969482422,73.06999969482422,83.0
2025-01-03 12:04:00+00:00,73.11000061035156,73.12000274658203,73.0999984741211,73.11000061035156,101.0
2025-01-03 12:05:00+00:00,73.11000061035156,73.12000274658203,73.11000061035156,73.11000061035156,316.0
2025-01-03 12:06:00+00:00,73.08000183105469,73.0999984741211,73.08000183105469,73.0999984741211,110.0
2025-01-03 12:07:00+00:00,73.08000183105469,73.08999633789062,73.05999755859375,73.08000183105469,78.0
2025-01-03 12:08:00+00:00,73.08000183105469,73.08000183105469,73.06999969482422,73.08000183105469,45.0
2025-01-03 12:09:00+00:00,73.05999755859375,73.06999969482422,73.05999755859375,73.06999969482422,31.0
2025-01-03 12:10:00+00:00,73.04000091552734,73.06999969482422,73.04000091552734,73.05999755859375,121.0
2025-01-03 12:11:00+00:00,73.08000183105469,73.08000183105469,73.04000091552734,73.04000091552734,42.0
2025-01-03 12:12:00+00:00,73.05000305175781,73.08000183105469,73.05000305175781,73.06999969482422,37.0
2025-01-03 12:13:00+00:00,73.0199966430664,73.06999969482422,73.01000213623047,73.05000305175781,114.0
2025-01-03 12:14:00+00:00,73.02999877929688,73.02999877929688,73.0199966430664,73.02999877929688,28.0
2025-01-03 12:15:00+00:00,73.0199966430664,73.05999755859375,73.01000213623047,73.02999877929688,74.0
2025-01-03 12:16:00+00:00,72.98999786376953,73.0199966430664,72.9800033569336,73.0199966430664,170.0
2025-01-03 12:17:00+00:00,72.98999786376953,73.0,72.95999908447266,72.98999786376953,129.0
2025-01-03 12:18:00+00:00,72.94999694824219,72.98999786376953,72.94999694824219,72.98999786376953,49.0
2025-01-03 12:19:00+00:00,72.93000030517578,72.95999908447266,72.91999816894531,72.94000244140625,82.0
2025-01-03 12:20:00+00:00,72.94000244140625,72.94000244140625,72.91000366210938,72.93000030517578,49.0
2025-01-03 12:21:00+00:00,72.94999694824219,72.94999694824219,72.94000244140625,72.94999694824219,17.0
2025-01-03 12:22:00+00:00,72.9800033569336,72.9800033569336,72.93000030517578,72.94000244140625,202.0
2025-01-03 12:23:00+00:00,73.02999877929688,73.04000091552734,72.9800033569336,72.98999786376953,136.0
2025-01-03 12:24:00+00:00,73.04000091552734,73.06999969482422,73.0199966430664,73.04000091552734,425.0
2025-01-03 12:25:00+00:00,73.02999877929688,73.04000091552734,73.01000213623047,73.04000091552734,230.0
2025-01-03 12:26:00+00:00,72.98999786376953,73.02999877929688,72.9800033569336,73.02999877929688,52.0
2025-01-03 12:27:00+00:00,73.0,73.0,72.97000122070312,72.9800033569336,80.0
2025-01-03 12:28:00+00:00,73.0,73.0,72.98999786376953,73.0,26.0
2025-01-03 12:29:00+00:00,72.97000122070312,73.0199966430664,72.97000122070312,73.01000213623047,152.0
2025-01-03 12:30:00+00:00,72.97000122070312,72.9800033569336,72.97000122070312,72.97000122070312,35.0
2025-01-03 12:31:00+00:00,72.9800033569336,72.9800033569336,72.94000244140625,72.95999908447266,125.0
2025-01-03 12:32:00+00:00,72.9800033569336,72.98999786376953,72.97000122070312,72.9800033569336,29.0
2025-01-03 12:33:00+00:00,72.95999908447266,72.97000122070312,72.95999908447266,72.97000122070312,59.0
2025-01-03 12:34:00+00:00,72.93000030517578,72.98999786376953,72.93000030517578,72.95999908447266,177.0
2025-01-03 12:35:00+00:00,72.97000122070312,72.9800033569336,72.94000244140625,72.94000244140625,55.0
2025-01-03 12:36:00+00:00,73.0,73.01000213623047,72.9800033569336,72.98999786376953,66.0
2025-01-03 12:37:00+00:00,73.04000091552734,73.04000091552734,72.98999786376953,72.98999786376953,149.0
2025-01-03 12:38:00+00:00,73.02999877929688,73.04000091552734,73.0199966430664,73.02999877929688,41.0
2025-01-03 12:39:00+00:00,73.04000091552734,73.04000091552734,73.0199966430664,73.0199966430664,24.0
2025-01-03 12:40:00+00:00,73.02999877929688,73.05000305175781,73.02999877929688,73.05000305175781,109.0
2025-01-03 12:41:00+00:00,73.05000305175781,73.05000305175781,73.02999877929688,73.02999877929688,226.0
2025-01-03 12:42:00+00:00,73.08999633789062,73.0999984741211,73.05000305175781,73.05000305175781,90.0
2025-01-03 12:43:00+00:00,73.08999633789062,73.0999984741211,73.08999633789062,73.08999633789062,71.0
2025-01-03 12:44:00+00:00,73.06999969482422,73.08000183105469,73.06999969482422,73.08000183105469,38.0
2025-01-03 12:45:00+00:00,73.06999969482422,73.08000183105469,73.05999755859375,73.05999755859375,40.0
2025-01-03 12:46:00+00:00,73.05999755859375,73.08000183105469,73.05999755859375,73.06999969482422,69.0
2025-01-03 12:47:00+00:00,73.08999633789062,73.08999633789062,73.05000305175781,73.06999969482422,76.0
2025-01-03 12:48:00+00:00,73.08999633789062,73.11000061035156,73.08999633789062,73.0999984741211,159.0
2025-01-03 12:49:00+00:00,73.08999633789062,73.0999984741211,73.08999633789062,73.08999633789062,253.0
2025-01-03 12:50:00+00:00,73.0999984741211,73.0999984741211,73.08999633789062,73.0999984741211,51.0
2025-01-03 12:51:00+00:00,73.13999938964844,73.16000366210938,73.11000061035156,73.11000061035156,367.0
2025-01-03 12:52:00+00:00,73.12000274658203,73.13999938964844,73.12000274658203,73.13999938964844,161.0
2025-01-03 12:53:00+00:00,73.0999984741211,73.13999938964844,73.08999633789062,73.12000274658203,468.0
2025-01-03 12:54:00+00:00,73.08000183105469,73.0999984741211,73.05999755859375,73.0999984741211,233.0
2025-01-03 12:55:00+00:00,73.05999755859375,73.08000183105469,73.04000091552734,73.08000183105469,145.0
2025-01-03 12:56:00+00:00,73.05000305175781,73.05999755859375,73.01000213623047,73.05999755859375,551.0
2025-01-03 12:57:00+00:00,73.08000183105469,73.08000183105469,73.05999755859375,73.05999755859375,76.0
2025-01-03 12:58:00+00:00,73.08000183105469,73.08000183105469,73.06999969482422,73.08000183105469,60.0
2025-01-03 12:59:00+00:00,73.08999633789062,73.0999984741211,73.08999633789062,73.08999633789062,76.0
2025-01-03 13:00:00+00:00,73.02999877929688,73.08999633789062,73.01000213623047,73.08999633789062,685.0
2025-01-03 13:01:00+00:00,73.0,73.02999877929688,73.0,73.0199966430664,116.0
2025-01-03 13:02:00+00:00,73.0,73.02999877929688,72.98999786376953,73.0199966430664,235.0
2025-01-03 13:03:00+00:00,73.0199966430664,73.04000091552734,72.9800033569336,72.9800033569336,122.0
2025-01-03 13:04:00+00:00,73.0199966430664,73.05000305175781,73.0199966430664,73.02999877929688,48.0
2025-01-03 13:05:00+00:00,73.02999877929688,73.04000091552734,73.01000213623047,73.01000213623047,38.0
2025-01-03 13:06:00+00:00,73.12000274658203,73.12000274658203,73.0199966430664,73.02999877929688,972.0
2025-01-03 13:07:00+00:00,73.11000061035156,73.13999938964844,73.08999633789062,73.12000274658203,575.0
2025-01-03 13:08:00+00:00,73.13999938964844,73.13999938964844,73.11000061035156,73.11000061035156,577.0
2025-01-03 13:09:00+00:00,73.16000366210938,73.19000244140625,73.12999725341797,73.13999938964844,142.0
2025-01-03 13:10:00+00:00,73.16000366210938,73.16999816894531,73.13999938964844,73.16999816894531,155.0
2025-01-03 13:11:00+00:00,73.18000030517578,73.19999694824219,73.16000366210938,73.16999816894531,282.0
2025-01-03 13:12:00+00:00,73.18000030517578,73.19000244140625,73.1500015258789,73.16999816894531,63.0
2025-01-03 13:13:00+00:00,73.19999694824219,73.20999908447266,73.19000244140625,73.19000244140625,143.0
2025-01-03 13:14:00+00:00,73.22000122070312,73.22000122070312,73.19000244140625,73.19000244140625,167.0
2025-01-03 13:15:00+00:00,73.23999786376953,73.25,73.20999908447266,73.20999908447266,129.0
2025-01-03 13:16:00+00:00,73.2300033569336,73.29000091552734,73.19999694824219,73.25,775.0
2025-01-03 13:17:00+00:00,73.23999786376953,73.25,73.20999908447266,73.22000122070312,54.0
2025-01-03 13:18:00+00:00,73.23999786376953,73.23999786376953,73.22000122070312,73.2300033569336,115.0
2025-01-03 13:19:00+00:00,73.25,73.26000213623047,73.22000122070312,73.2300033569336,109.0
2025-01-03 13:20:00+00:00,73.25,73.26000213623047,73.2300033569336,73.25,88.0
2025-01-03 13:21:00+00:00,73.25,73.27999877929688,73.2300033569336,73.26000213623047,324.0
2025-01-03 13:22:00+00:00,73.27999877929688,73.27999877929688,73.20999908447266,73.25,227.0
2025-01-03 13:23:00+00:00,73.26000213623047,73.31999969482422,73.25,73.27999877929688,2010.0
2025-01-03 13:24:00+00:00,73.25,73.30000305175781,73.25,73.26000213623047,2833.0
2025-01-03 13:25:00+00:00,73.26000213623047,73.2699966430664,73.2300033569336,73.2699966430664,490.0
2025-01-03 13:26:00+00:00,73.25,73.2699966430664,73.22000122070312,73.25,448.0
2025-01-03 13:27:00+00:00,73.2300033569336,73.27999877929688,73.2300033569336,73.26000213623047,1362.0
2025-01-03 13:28:00+00:00,73.30000305175781,73.30999755859375,73.23999786376953,73.23999786376953,135.0
2025-01-03 13:29:00+00:00,73.30000305175781,73.31999969482422,73.2699966430664,73.30000305175781,290.0
2025-01-03 13:30:00+00:00,73.30000305175781,73.3499984741211,73.27999877929688,73.30000305175781,412.0
2025-01-03 13:31:00+00:00,73.33999633789062,73.33999633789062,73.30999755859375,73.30999755859375,131.0
2025-01-03 13:32:00+00:00,73.29000091552734,73.3499984741211,73.27999877929688,73.33999633789062,246.0
2025-01-03 13:33:00+00:00,73.30999755859375,73.31999969482422,73.29000091552734,73.30000305175781,541.0
2025-01-03 13:34:00+00:00,73.37999725341797,73.37999725341797,73.30999755859375,73.30999755859375,1881.0
2025-01-03 13:35:00+00:00,73.41000366210938,73.41000366210938,73.36000061035156,73.38999938964844,294.0
2025-01-03 13:36:00+00:00,73.41000366210938,73.41999816894531,73.37999725341797,73.41000366210938,1776.0
2025-01-03 13:37:00+00:00,73.41999816894531,73.43000030517578,73.38999938964844,73.41000366210938,493.0
2025-01-03 13:38:00+00:00,73.41000366210938,73.41999816894531,73.38999938964844,73.41999816894531,811.0
2025-01-03 13:39:00+00:00,73.45999908447266,73.45999908447266,73.41000366210938,73.41000366210938,719.0
2025-01-03 13:40:00+00:00,73.41999816894531,73.45999908447266,73.38999938964844,73.45999908447266,294.0
2025-01-03 13:41:00+00:00,73.41999816894531,73.43000030517578,73.41000366210938,73.41999816894531,107.0
2025-01-03 13:42:00+00:00,73.45999908447266,73.45999908447266,73.41999816894531,73.43000030517578,785.0
2025-01-03 13:43:00+00:00,73.45999908447266,73.4800033569336,73.44000244140625,73.47000122070312,344.0
2025-01-03 13:44:00+00:00,73.47000122070312,73.4800033569336,73.45999908447266,73.45999908447266,87.0
2025-01-03 13:45:00+00:00,73.45999908447266,73.47000122070312,73.41000366210938,73.47000122070312,499.0
2025-01-03 13:46:00+00:00,73.44000244140625,73.45999908447266,73.41999816894531,73.44999694824219,243.0
2025-01-03 13:47:00+00:00,73.52999877929688,73.52999877929688,73.41000366210938,73.43000030517578,731.0
2025-01-03 13:48:00+00:00,73.52999877929688,73.54000091552734,73.5,73.5199966430664,190.0
2025-01-03 13:49:00+00:00,73.54000091552734,73.55000305175781,73.52999877929688,73.52999877929688,130.0
2025-01-03 13:50:00+00:00,73.55000305175781,73.58000183105469,73.51000213623047,73.54000091552734,471.0
2025-01-03 13:51:00+00:00,73.55999755859375,73.58999633789062,73.54000091552734,73.55999755859375,1402.0
2025-01-03 13:52:00+00:00,73.55000305175781,73.58000183105469,73.54000091552734,73.56999969482422,238.0
2025-01-03 13:53:00+00:00,73.54000091552734,73.55999755859375,73.52999877929688,73.54000091552734,493.0
2025-01-03 13:54:00+00:00,73.5,73.54000091552734,73.4800033569336,73.54000091552734,1342.0
2025-01-03 13:55:00+00:00,73.4000015258789,73.5,73.38999938964844,73.48999786376953,1087.0
2025-01-03 13:56:00+00:00,73.41999816894531,73.41999816894531,73.37999725341797,73.38999938964844,783.0
2025-01-03 13:57:00+00:00,73.44000244140625,73.44999694824219,73.41000366210938,73.41000366210938,359.0
2025-01-03 13:58:00+00:00,73.44999694824219,73.45999908447266,73.41000366210938,73.44999694824219,2661.0
2025-01-03 13:59:00+00:00,73.4800033569336,73.48999786376953,73.41999816894531,73.44999694824219,787.0
2025-01-03 14:00:00+00:00,73.45999908447266,73.52999877929688,73.41000366210938,73.4800033569336,723.0
2025-01-03 14:01:00+00:00,73.44999694824219,73.45999908447266,73.37999725341797,73.44999694824219,724.0
2025-01-03 14:02:00+00:00,73.45999908447266,73.4800033569336,73.43000030517578,73.44000244140625,590.0
2025-01-03 14:03:00+00:00,73.41000366210938,73.47000122070312,73.4000015258789,73.45999908447266,586.0
2025-01-03 14:04:00+00:00,73.45999908447266,73.47000122070312,73.4000015258789,73.4000015258789,370.0
2025-01-03 14:05:00+00:00,73.37999725341797,73.4800033569336,73.37999725341797,73.47000122070312,729.0
2025-01-03 14:06:00+00:00,73.44999694824219,73.45999908447266,73.37000274658203,73.38999938964844,363.0
2025-01-03 14:07:00+00:00,73.44000244140625,73.45999908447266,73.41000366210938,73.44999694824219,367.0
2025-01-03 14:08:00+00:00,73.44000244140625,73.4800033569336,73.44000244140625,73.44999694824219,874.0
2025-01-03 14:09:00+00:00,73.51000213623047,73.5199966430664,73.44000244140625,73.44000244140625,415.0
2025-01-03 14:10:00+00:00,73.5,73.52999877929688,73.4800033569336,73.5199966430664,290.0
2025-01-03 14:11:00+00:00,73.48999786376953,73.51000213623047,73.45999908447266,73.5,290.0
2025-01-03 14:12:00+00:00,73.44999694824219,73.51000213623047,73.41999816894531,73.5,379.0
2025-01-03 14:13:00+00:00,73.41000366210938,73.44000244140625,73.4000015258789,73.44000244140625,264.0
2025-01-03 14:14:00+00:00,73.43000030517578,73.44000244140625,73.4000015258789,73.41000366210938,191.0
2025-01-03 14:15:00+00:00,73.41000366210938,73.43000030517578,73.36000061035156,73.41999816894531,1340.0
2025-01-03 14:16:00+00:00,73.41000366210938,73.45999908447266,73.4000015258789,73.41000366210938,625.0
2025-01-03 14:17:00+00:00,73.45999908447266,73.45999908447266,73.41999816894531,73.41999816894531,302.0
2025-01-03 14:18:00+00:00,73.54000091552734,73.55000305175781,73.45999908447266,73.45999908447266,538.0
2025-01-03 14:19:00+00:00,73.55999755859375,73.58999633789062,73.54000091552734,73.55000305175781,530.0
2025-01-03 14:20:00+00:00,73.58000183105469,73.58999633789062,73.52999877929688,73.55000305175781,1787.0
2025-01-03 14:21:00+00:00,73.55999755859375,73.58999633789062,73.54000091552734,73.56999969482422,1183.0
2025-01-03 14:22:00+00:00,73.5,73.55999755859375,73.45999908447266,73.55999755859375,777.0
2025-01-03 14:23:00+00:00,73.51000213623047,73.5199966430664,73.45999908447266,73.48999786376953,191.0
2025-01-03 14:24:00+00:00,73.4800033569336,73.54000091552734,73.47000122070312,73.51000213623047,448.0
2025-01-03 14:25:00+00:00,73.52999877929688,73.54000091552734,73.47000122070312,73.4800033569336,166.0
2025-01-03 14:26:00+00:00,73.56999969482422,73.58999633789062,73.5199966430664,73.54000091552734,856.0
2025-01-03 14:27:00+00:00,73.5999984741211,73.62000274658203,73.55999755859375,73.55999755859375,913.0
2025-01-03 14:28:00+00:00,73.5999984741211,73.63999938964844,73.58999633789062,73.58999633789062,430.0
2025-01-03 14:29:00+00:00,73.58000183105469,73.61000061035156,73.58000183105469,73.58999633789062,306.0
2025-01-03 14:30:00+00:00,73.56999969482422,73.62000274658203,73.56999969482422,73.5999984741211,432.0
2025-01-03 14:31:00+00:00,73.55999755859375,73.5999984741211,73.55000305175781,73.58000183105469,367.0
2025-01-03 14:32:00+00:00,73.56999969482422,73.58999633789062,73.55000305175781,73.56999969482422,272.0
2025-01-03 14:33:00+00:00,73.54000091552734,73.58000183105469,73.52999877929688,73.56999969482422,641.0
2025-01-03 14:34:00+00:00,73.54000091552734,73.55999755859375,73.51000213623047,73.55000305175781,596.0
2025-01-03 14:35:00+00:00,73.55000305175781,73.55999755859375,73.51000213623047,73.54000091552734,433.0
2025-01-03 14:36:00+00:00,73.52999877929688,73.54000091552734,73.51000213623047,73.54000091552734,254.0
2025-01-03 14:37:00+00:00,73.58000183105469,73.58000183105469,73.5,73.52999877929688,515.0
2025-01-03 14:38:00+00:00,73.55000305175781,73.56999969482422,73.52999877929688,73.55999755859375,225.0
2025-01-03 14:39:00+00:00,73.62000274658203,73.62000274658203,73.55000305175781,73.55999755859375,295.0
2025-01-03 14:40:00+00:00,73.62999725341797,73.63999938964844,73.58999633789062,73.62000274658203,1398.0
2025-01-03 14:41:00+00:00,73.61000061035156,73.6500015258789,73.61000061035156,73.63999938964844,215.0
2025-01-03 14:42:00+00:00,73.5999984741211,73.62000274658203,73.58000183105469,73.61000061035156,149.0
2025-01-03 14:43:00+00:00,73.58999633789062,73.61000061035156,73.52999877929688,73.61000061035156,799.0
2025-01-03 14:44:00+00:00,73.61000061035156,73.63999938964844,73.55999755859375,73.58999633789062,433.0
2025-01-03 14:45:00+00:00,73.58999633789062,73.62000274658203,73.55999755859375,73.62000274658203,292.0
2025-01-03 14:46:00+00:00,73.52999877929688,73.58000183105469,73.52999877929688,73.58000183105469,417.0
2025-01-03 14:47:00+00:00,73.5199966430664,73.52999877929688,73.51000213623047,73.52999877929688,237.0
2025-01-03 14:48:00+00:00,73.5199966430664,73.54000091552734,73.4800033569336,73.51000213623047,425.0
2025-01-03 14:49:00+00:00,73.51000213623047,73.5199966430664,73.47000122070312,73.5199966430664,243.0
2025-01-03 14:50:00+00:00,73.5,73.5199966430664,73.48999786376953,73.5,142.0
2025-01-03 14:51:00+00:00,73.45999908447266,73.5199966430664,73.44999694824219,73.48999786376953,359.0
2025-01-03 14:52:00+00:00,73.44999694824219,73.47000122070312,73.41999816894531,73.44999694824219,288.0
2025-01-03 14:53:00+00:00,73.44000244140625,73.47000122070312,73.43000030517578,73.44999694824219,211.0
2025-01-03 14:54:00+00:00,73.44000244140625,73.44999694824219,73.41999816894531,73.43000030517578,291.0
2025-01-03 14:55:00+00:00,73.45999908447266,73.51000213623047,73.43000030517578,73.44000244140625,290.0
2025-01-03 14:56:00+00:00,73.51000213623047,73.5199966430664,73.45999908447266,73.45999908447266,177.0
2025-01-03 14:57:00+00:00,73.48999786376953,73.52999877929688,73.48999786376953,73.5199966430664,216.0
2025-01-03 14:58:00+00:00,73.5199966430664,73.5199966430664,73.5,73.51000213623047,165.0
2025-01-03 14:59:00+00:00,73.56999969482422,73.56999969482422,73.51000213623047,73.5199966430664,175.0
2025-01-03 15:00:00+00:00,73.5999984741211,73.61000061035156,73.55000305175781,73.55000305175781,582.0
2025-01-03 15:01:00+00:00,73.6500015258789,73.66999816894531,73.58000183105469,73.58000183105469,1091.0
2025-01-03 15:02:00+00:00,73.66000366210938,73.72000122070312,73.5999984741211,73.6500015258789,1280.0
2025-01-03 15:03:00+00:00,73.62000274658203,73.6500015258789,73.58999633789062,73.6500015258789,854.0
2025-01-03 15:04:00+00:00,73.63999938964844,73.6500015258789,73.5999984741211,73.62000274658203,270.0
2025-01-03 15:05:00+00:00,73.61000061035156,73.6500015258789,73.5999984741211,73.6500015258789,278.0
2025-01-03 15:06:00+00:00,73.66000366210938,73.66999816894531,73.62000274658203,73.62000274658203,190.0
2025-01-03 15:07:00+00:00,73.69000244140625,73.70999908447266,73.6500015258789,73.66000366210938,949.0
2025-01-03 15:08:00+00:00,73.69999694824219,73.72000122070312,73.68000030517578,73.69000244140625,560.0
2025-01-03 15:09:00+00:00,73.66000366210938,73.69999694824219,73.66000366210938,73.69000244140625,203.0
2025-01-03 15:10:00+00:00,73.6500015258789,73.66999816894531,73.62000274658203,73.66999816894531,230.0
2025-01-03 15:11:00+00:00,73.66000366210938,73.66999816894531,73.62000274658203,73.62999725341797,225.0
2025-01-03 15:12:00+00:00,73.6500015258789,73.68000030517578,73.62999725341797,73.66000366210938,241.0
2025-01-03 15:13:00+00:00,73.69999694824219,73.70999908447266,73.63999938964844,73.66000366210938,410.0
2025-01-03 15:14:00+00:00,73.66999816894531,73.72000122070312,73.66000366210938,73.69999694824219,350.0
2025-01-03 15:15:00+00:00,73.69000244140625,73.69999694824219,73.66000366210938,73.66999816894531,269.0
2025-01-03 15:16:00+00:00,73.66999816894531,73.7300033569336,73.66000366210938,73.69000244140625,402.0
2025-01-03 15:17:00+00:00,73.66000366210938,73.69000244140625,73.66000366210938,73.68000030517578,294.0
2025-01-03 15:18:00+00:00,73.6500015258789,73.66999816894531,73.63999938964844,73.66000366210938,207.0
2025-01-03 15:19:00+00:00,73.63999938964844,73.66000366210938,73.62000274658203,73.6500015258789,241.0
2025-01-03 15:20:00+00:00,73.62999725341797,73.6500015258789,73.62000274658203,73.6500015258789,206.0
2025-01-03 15:21:00+00:00,73.62999725341797,73.62999725341797,73.61000061035156,73.62999725341797,194.0
2025-01-03 15:22:00+00:00,73.66000366210938,73.66000366210938,73.62000274658203,73.62000274658203,359.0
2025-01-03 15:23:00+00:00,73.63999938964844,73.68000030517578,73.63999938964844,73.66000366210938,164.0
2025-01-03 15:24:00+00:00,73.63999938964844,73.6500015258789,73.62000274658203,73.62999725341797,200.0
2025-01-03 15:25:00+00:00,73.63999938964844,73.6500015258789,73.62000274658203,73.63999938964844,234.0
2025-01-03 15:26:00+00:00,73.63999938964844,73.66000366210938,73.63999938964844,73.63999938964844,168.0
2025-01-03 15:27:00+00:00,73.6500015258789,73.68000030517578,73.63999938964844,73.6500015258789,129.0
2025-01-03 15:28:00+00:00,73.66000366210938,73.66000366210938,73.63999938964844,73.66000366210938,130.0
2025-01-03 15:29:00+00:00,73.66000366210938,73.66999816894531,73.6500015258789,73.66000366210938,169.0
2025-01-03 15:30:00+00:00,73.69999694824219,73.69999694824219,73.63999938964844,73.66000366210938,354.0
2025-01-03 15:31:00+00:00,73.7300033569336,73.75,73.70999908447266,73.70999908447266,627.0
2025-01-03 15:32:00+00:00,73.73999786376953,73.75,73.72000122070312,73.7300033569336,221.0
2025-01-03 15:33:00+00:00,73.7300033569336,73.76000213623047,73.7300033569336,73.73999786376953,213.0
2025-01-03 15:34:00+00:00,73.7300033569336,73.75,73.70999908447266,73.7300033569336,283.0
2025-01-03 15:35:00+00:00,73.69999694824219,73.73999786376953,73.69999694824219,73.7300033569336,216.0
2025-01-03 15:36:00+00:00,73.76000213623047,73.79000091552734,73.70999908447266,73.70999908447266,1963.0
2025-01-03 15:37:00+00:00,73.80999755859375,73.83000183105469,73.76000213623047,73.7699966430664,562.0
2025-01-03 15:38:00+00:00,73.76000213623047,73.81999969482422,73.75,73.80999755859375,205.0
2025-01-03 15:39:00+00:00,73.73999786376953,73.76000213623047,73.73999786376953,73.76000213623047,474.0
2025-01-03 15:40:00+00:00,73.76000213623047,73.76000213623047,73.69999694824219,73.75,340.0
2025-01-03 15:41:00+00:00,73.76000213623047,73.79000091552734,73.76000213623047,73.76000213623047,188.0
2025-01-03 15:42:00+00:00,73.72000122070312,73.79000091552734,73.72000122070312,73.79000091552734,615.0
2025-01-03 15:43:00+00:00,73.77999877929688,73.77999877929688,73.70999908447266,73.7300033569336,431.0
2025-01-03 15:44:00+00:00,73.77999877929688,73.79000091552734,73.7699966430664,73.7699966430664,224.0
2025-01-03 15:45:00+00:00,73.73999786376953,73.77999877929688,73.73999786376953,73.77999877929688,251.0
2025-01-03 15:46:00+00:00,73.7699966430664,73.77999877929688,73.72000122070312,73.75,636.0
2025-01-03 15:47:00+00:00,73.77999877929688,73.80000305175781,73.72000122070312,73.76000213623047,546.0
2025-01-03 15:48:00+00:00,73.80000305175781,73.81999969482422,73.7699966430664,73.7699966430664,179.0
2025-01-03 15:49:00+00:00,73.80000305175781,73.80999755859375,73.79000091552734,73.80000305175781,201.0
2025-01-03 15:50:00+00:00,73.7699966430664,73.81999969482422,73.7699966430664,73.80000305175781,187.0
2025-01-03 15:51:00+00:00,73.83000183105469,73.83999633789062,73.77999877929688,73.77999877929688,478.0
2025-01-03 15:52:00+00:00,73.83999633789062,73.8499984741211,73.81999969482422,73.83000183105469,190.0
2025-01-03 15:53:00+00:00,73.80000305175781,73.83999633789062,73.80000305175781,73.83000183105469,603.0
2025-01-03 15:54:00+00:00,73.80999755859375,73.81999969482422,73.79000091552734,73.80000305175781,216.0
2025-01-03 15:55:00+00:00,73.80999755859375,73.81999969482422,73.77999877929688,73.80999755859375,238.0
2025-01-03 15:56:00+00:00,73.7699966430664,73.81999969482422,73.75,73.80999755859375,572.0
2025-01-03 15:57:00+00:00,73.80000305175781,73.80000305175781,73.76000213623047,73.77999877929688,159.0
2025-01-03 15:58:00+00:00,73.77999877929688,73.80000305175781,73.75,73.79000091552734,919.0
2025-01-03 15:59:00+00:00,73.80999755859375,73.81999969482422,73.76000213623047,73.7699966430664,885.0
2025-01-03 16:00:00+00:00,73.81999969482422,73.83000183105469,73.80999755859375,73.81999969482422,289.0
2025-01-03 16:01:00+00:00,73.80999755859375,73.83999633789062,73.77999877929688,73.83000183105469,294.0
2025-01-03 16:02:00+00:00,73.7699966430664,73.81999969482422,73.73999786376953,73.80999755859375,767.0
2025-01-03 16:03:00+00:00,73.81999969482422,73.83999633789062,73.76000213623047,73.76000213623047,217.0
2025-01-03 16:04:00+00:00,73.83999633789062,73.8499984741211,73.80000305175781,73.80999755859375,1015.0
2025-01-03 16:05:00+00:00,73.80999755859375,73.83999633789062,73.80000305175781,73.83999633789062,276.0
2025-01-03 16:06:00+00:00,73.7699966430664,73.80999755859375,73.7699966430664,73.80000305175781,184.0
2025-01-03 16:07:00+00:00,73.75,73.79000091552734,73.73999786376953,73.77999877929688,263.0
2025-01-03 16:08:00+00:00,73.75,73.7699966430664,73.75,73.75,214.0
2025-01-03 16:09:00+00:00,73.73999786376953,73.76000213623047,73.7300033569336,73.75,225.0
2025-01-03 16:10:00+00:00,73.75,73.77999877929688,73.72000122070312,73.75,1189.0
2025-01-03 16:11:00+00:00,73.70999908447266,73.75,73.69999694824219,73.75,714.0
2025-01-03 16:12:00+00:00,73.70999908447266,73.7300033569336,73.69999694824219,73.72000122070312,564.0
2025-01-03 16:13:00+00:00,73.68000030517578,73.72000122070312,73.6500015258789,73.72000122070312,441.0
2025-01-03 16:14:00+00:00,73.72000122070312,73.7300033569336,73.68000030517578,73.69000244140625,654.0
2025-01-03 16:15:00+00:00,73.70999908447266,73.72000122070312,73.66000366210938,73.72000122070312,3862.0
2025-01-03 16:16:00+00:00,73.69999694824219,73.70999908447266,73.69000244140625,73.70999908447266,147.0
2025-01-03 16:17:00+00:00,73.7300033569336,73.73999786376953,73.68000030517578,73.69000244140625,742.0
2025-01-03 16:18:00+00:00,73.7699966430664,73.77999877929688,73.72000122070312,73.7300033569336,772.0
2025-01-03 16:19:00+00:00,73.7699966430664,73.77999877929688,73.76000213623047,73.7699966430664,163.0
2025-01-03 16:20:00+00:00,73.75,73.79000091552734,73.73999786376953,73.7699966430664,184.0
2025-01-03 16:21:00+00:00,73.77999877929688,73.79000091552734,73.75,73.75,170.0
2025-01-03 16:22:00+00:00,73.80999755859375,73.83000183105469,73.7699966430664,73.77999877929688,2209.0
2025-01-03 16:23:00+00:00,73.80999755859375,73.83999633789062,73.79000091552734,73.81999969482422,741.0
2025-01-03 16:24:00+00:00,73.86000061035156,73.88999938964844,73.80000305175781,73.80999755859375,2536.0
2025-01-03 16:25:00+00:00,73.87000274658203,73.9000015258789,73.83999633789062,73.8499984741211,922.0
2025-01-03 16:26:00+00:00,73.87000274658203,73.88999938964844,73.86000061035156,73.87000274658203,515.0
2025-01-03 16:27:00+00:00,73.83999633789062,73.87000274658203,73.83999633789062,73.87000274658203,325.0
2025-01-03 16:28:00+00:00,73.8499984741211,73.87000274658203,73.81999969482422,73.83999633789062,610.0
2025-01-03 16:29:00+00:00,73.81999969482422,73.86000061035156,73.80999755859375,73.8499984741211,704.0
2025-01-03 16:30:00+00:00,73.83999633789062,73.83999633789062,73.77999877929688,73.80999755859375,644.0
2025-01-03 16:31:00+00:00,73.87000274658203,73.87000274658203,73.83999633789062,73.83999633789062,411.0
2025-01-03 16:32:00+00:00,73.86000061035156,73.87999725341797,73.86000061035156,73.87000274658203,125.0
2025-01-03 16:33:00+00:00,73.88999938964844,73.91000366210938,73.87000274658203,73.87000274658203,416.0
2025-01-03 16:34:00+00:00,73.91000366210938,73.91999816894531,73.88999938964844,73.88999938964844,415.0
2025-01-03 16:35:00+00:00,73.94000244140625,73.94999694824219,73.9000015258789,73.91000366210938,581.0
2025-01-03 16:36:00+00:00,73.95999908447266,73.97000122070312,73.93000030517578,73.94000244140625,588.0
2025-01-03 16:37:00+00:00,73.9800033569336,73.9800033569336,73.94999694824219,73.95999908447266,678.0
2025-01-03 16:38:00+00:00,73.94000244140625,73.9800033569336,73.94000244140625,73.9800033569336,264.0
2025-01-03 16:39:00+00:00,73.97000122070312,73.9800033569336,73.94000244140625,73.94000244140625,812.0
2025-01-03 16:40:00+00:00,73.95999908447266,73.9800033569336,73.95999908447266,73.97000122070312,286.0
2025-01-03 16:41:00+00:00,73.95999908447266,73.98999786376953,73.94999694824219,73.95999908447266,334.0
2025-01-03 16:42:00+00:00,74.0,74.01000213623047,73.94999694824219,73.95999908447266,536.0
2025-01-03 16:43:00+00:00,74.0,74.01000213623047,74.0,74.0,136.0
2025-01-03 16:44:00+00:00,73.9800033569336,74.02999877929688,73.9800033569336,74.01000213623047,398.0
2025-01-03 16:45:00+00:00,73.97000122070312,73.9800033569336,73.94000244140625,73.97000122070312,389.0
2025-01-03 16:46:00+00:00,73.9800033569336,73.98999786376953,73.94999694824219,73.95999908447266,165.0
2025-01-03 16:47:00+00:00,73.97000122070312,73.9800033569336,73.95999908447266,73.95999908447266,161.0
2025-01-03 16:48:00+00:00,73.95999908447266,73.95999908447266,73.91000366210938,73.95999908447266,1203.0
2025-01-03 16:49:00+00:00,73.9800033569336,73.98999786376953,73.97000122070312,73.97000122070312,136.0
2025-01-03 16:50:00+00:00,74.0,74.0,73.97000122070312,73.9800033569336,256.0
2025-01-03 16:51:00+00:00,73.9800033569336,74.01000213623047,73.9800033569336,74.0,493.0
2025-01-03 16:52:00+00:00,74.0,74.0,73.97000122070312,73.9800033569336,266.0
2025-01-03 16:53:00+00:00,73.97000122070312,73.98999786376953,73.95999908447266,73.98999786376953,671.0
2025-01-03 16:54:00+00:00,73.9800033569336,74.0,73.94999694824219,73.95999908447266,315.0
2025-01-03 16:55:00+00:00,74.0,74.0199966430664,73.95999908447266,73.9800033569336,558.0
2025-01-03 16:56:00+00:00,73.9800033569336,74.0199966430664,73.9800033569336,74.0,686.0
2025-01-03 16:57:00+00:00,73.9800033569336,73.98999786376953,73.95999908447266,73.9800033569336,235.0
2025-01-03 16:58:00+00:00,74.0,74.01000213623047,73.9800033569336,73.9800033569336,384.0
2025-01-03 16:59:00+00:00,74.04000091552734,74.05000305175781,74.0,74.0,1436.0
2025-01-03 17:00:00+00:00,74.0199966430664,74.05999755859375,74.0199966430664,74.04000091552734,1009.0
2025-01-03 17:01:00+00:00,74.05000305175781,74.05000305175781,74.0199966430664,74.02999877929688,186.0
2025-01-03 17:02:00+00:00,74.02999877929688,74.05999755859375,74.02999877929688,74.05000305175781,161.0
2025-01-03 17:03:00+00:00,74.01000213623047,74.04000091552734,74.01000213623047,74.02999877929688,162.0
2025-01-03 17:04:00+00:00,74.01000213623047,74.02999877929688,73.98999786376953,74.01000213623047,453.0
2025-01-03 17:05:00+00:00,74.02999877929688,74.04000091552734,74.01000213623047,74.01000213623047,116.0
2025-01-03 17:06:00+00:00,74.04000091552734,74.04000091552734,74.0199966430664,74.02999877929688,261.0
2025-01-03 17:07:00+00:00,74.05999755859375,74.06999969482422,74.04000091552734,74.05000305175781,257.0
2025-01-03 17:08:00+00:00,74.04000091552734,74.05999755859375,74.04000091552734,74.05999755859375,103.0
2025-01-03 17:09:00+00:00,74.05000305175781,74.06999969482422,74.04000091552734,74.05000305175781,124.0
2025-01-03 17:10:00+00:00,74.04000091552734,74.06999969482422,74.02999877929688,74.05000305175781,321.0
2025-01-03 17:11:00+00:00,74.02999877929688,74.05000305175781,74.02999877929688,74.04000091552734,100.0
2025-01-03 17:12:00+00:00,74.02999877929688,74.04000091552734,74.0199966430664,74.02999877929688,140.0
2025-01-03 17:13:00+00:00,74.02999877929688,74.04000091552734,74.0199966430664,74.0199966430664,227.0
2025-01-03 17:14:00+00:00,74.05000305175781,74.05999755859375,74.02999877929688,74.02999877929688,2261.0
2025-01-03 17:15:00+00:00,74.06999969482422,74.08999633789062,74.04000091552734,74.05000305175781,261.0
2025-01-03 17:16:00+00:00,74.06999969482422,74.08000183105469,74.05999755859375,74.06999969482422,166.0
2025-01-03 17:17:00+00:00,74.11000061035156,74.11000061035156,74.06999969482422,74.06999969482422,548.0
2025-01-03 17:18:00+00:00,74.1500015258789,74.1500015258789,74.11000061035156,74.11000061035156,1863.0
2025-01-03 17:19:00+00:00,74.0999984741211,74.13999938964844,74.0999984741211,74.13999938964844,410.0
2025-01-03 17:20:00+00:00,74.08999633789062,74.12000274658203,74.08999633789062,74.11000061035156,196.0
2025-01-03 17:21:00+00:00,74.13999938964844,74.13999938964844,74.0999984741211,74.0999984741211,544.0
2025-01-03 17:22:00+00:00,74.12999725341797,74.13999938964844,74.12000274658203,74.13999938964844,338.0
2025-01-03 17:23:00+00:00,74.12000274658203,74.13999938964844,74.11000061035156,74.12999725341797,247.0
2025-01-03 17:24:00+00:00,74.12000274658203,74.12999725341797,74.11000061035156,74.12000274658203,154.0
2025-01-03 17:25:00+00:00,74.12000274658203,74.12999725341797,74.11000061035156,74.12000274658203,136.0
2025-01-03 17:26:00+00:00,74.18000030517578,74.19000244140625,74.12000274658203,74.12000274658203,387.0
2025-01-03 17:27:00+00:00,74.16999816894531,74.19999694824219,74.16999816894531,74.18000030517578,472.0
2025-01-03 17:28:00+00:00,74.19000244140625,74.19000244140625,74.13999938964844,74.16000366210938,285.0
2025-01-03 17:29:00+00:00,74.19000244140625,74.19999694824219,74.16999816894531,74.19000244140625,603.0
2025-01-03 17:30:00+00:00,74.18000030517578,74.19999694824219,74.16999816894531,74.19999694824219,309.0
2025-01-03 17:31:00+00:00,74.19999694824219,74.19999694824219,74.13999938964844,74.18000030517578,1066.0
2025-01-03 17:32:00+00:00,74.18000030517578,74.19999694824219,74.16999816894531,74.19999694824219,442.0
2025-01-03 17:33:00+00:00,74.16999816894531,74.16999816894531,74.16000366210938,74.16999816894531,416.0
2025-01-03 17:34:00+00:00,74.18000030517578,74.19000244140625,74.16000366210938,74.16000366210938,807.0
2025-01-03 17:35:00+00:00,74.18000030517578,74.18000030517578,74.16999816894531,74.18000030517578,220.0
2025-01-03 17:36:00+00:00,74.18000030517578,74.19000244140625,74.16999816894531,74.18000030517578,146.0
2025-01-03 17:37:00+00:00,74.16000366210938,74.16999816894531,74.13999938964844,74.16999816894531,489.0
2025-01-03 17:38:00+00:00,74.1500015258789,74.16000366210938,74.13999938964844,74.1500015258789,95.0
2025-01-03 17:39:00+00:00,74.12999725341797,74.16000366210938,74.12999725341797,74.1500015258789,423.0
2025-01-03 17:40:00+00:00,74.1500015258789,74.1500015258789,74.11000061035156,74.12999725341797,301.0
2025-01-03 17:41:00+00:00,74.18000030517578,74.18000030517578,74.1500015258789,74.1500015258789,492.0
2025-01-03 17:42:00+00:00,74.19000244140625,74.19000244140625,74.16999816894531,74.16999816894531,183.0
2025-01-03 17:43:00+00:00,74.19000244140625,74.19999694824219,74.16000366210938,74.19000244140625,255.0
2025-01-03 17:44:00+00:00,74.2300033569336,74.2300033569336,74.19000244140625,74.19000244140625,891.0
2025-01-03 17:45:00+00:00,74.20999908447266,74.2300033569336,74.19999694824219,74.2300033569336,168.0
2025-01-03 17:46:00+00:00,74.23999786376953,74.26000213623047,74.19999694824219,74.20999908447266,521.0
2025-01-03 17:47:00+00:00,74.26000213623047,74.31999969482422,74.23999786376953,74.25,2738.0
2025-01-03 17:48:00+00:00,74.25,74.26000213623047,74.19999694824219,74.25,930.0
2025-01-03 17:49:00+00:00,74.25,74.25,74.22000122070312,74.23999786376953,104.0
2025-01-03 17:50:00+00:00,74.20999908447266,74.23999786376953,74.20999908447266,74.23999786376953,473.0
2025-01-03 17:51:00+00:00,74.22000122070312,74.23999786376953,74.19999694824219,74.19999694824219,415.0
2025-01-03 17:52:00+00:00,74.19999694824219,74.2300033569336,74.18000030517578,74.2300033569336,223.0
2025-01-03 17:53:00+00:00,74.20999908447266,74.20999908447266,74.18000030517578,74.19000244140625,205.0
2025-01-03 17:54:00+00:00,74.20999908447266,74.22000122070312,74.19999694824219,74.20999908447266,99.0
2025-01-03 17:55:00+00:00,74.26000213623047,74.26000213623047,74.20999908447266,74.22000122070312,2663.0
2025-01-03 17:56:00+00:00,74.2699966430664,74.27999877929688,74.23999786376953,74.25,2180.0
2025-01-03 17:57:00+00:00,74.30000305175781,74.30000305175781,74.25,74.2699966430664,308.0
2025-01-03 17:58:00+00:00,74.29000091552734,74.31999969482422,74.29000091552734,74.30999755859375,819.0
2025-01-03 17:59:00+00:00,74.30000305175781,74.30999755859375,74.27999877929688,74.29000091552734,144.0
2025-01-03 18:00:00+00:00,74.27999877929688,74.30999755859375,74.2699966430664,74.30000305175781,612.0
2025-01-03 18:01:00+00:00,74.29000091552734,74.29000091552734,74.26000213623047,74.27999877929688,121.0
2025-01-03 18:02:00+00:00,74.33000183105469,74.33000183105469,74.2699966430664,74.29000091552734,511.0
2025-01-03 18:03:00+00:00,74.31999969482422,74.33999633789062,74.30999755859375,74.33000183105469,180.0
2025-01-03 18:04:00+00:00,74.33999633789062,74.33999633789062,74.31999969482422,74.33000183105469,166.0
2025-01-03 18:05:00+00:00,74.33000183105469,74.33999633789062,74.31999969482422,74.33000183105469,171.0
2025-01-03 18:06:00+00:00,74.31999969482422,74.33000183105469,74.30000305175781,74.33000183105469,630.0
2025-01-03 18:07:00+00:00,74.31999969482422,74.31999969482422,74.29000091552734,74.31999969482422,366.0
2025-01-03 18:08:00+00:00,74.33999633789062,74.33999633789062,74.30999755859375,74.33000183105469,187.0
2025-01-03 18:09:00+00:00,74.31999969482422,74.3499984741211,74.30999755859375,74.33000183105469,1305.0
2025-01-03 18:10:00+00:00,74.2699966430664,74.33000183105469,74.25,74.33000183105469,761.0
2025-01-03 18:11:00+00:00,74.19000244140625,74.2699966430664,74.19000244140625,74.2699966430664,2268.0
2025-01-03 18:12:00+00:00,74.18000030517578,74.19000244140625,74.16000366210938,74.19000244140625,471.0
2025-01-03 18:13:00+00:00,74.22000122070312,74.22000122070312,74.16000366210938,74.18000030517578,297.0
2025-01-03 18:14:00+00:00,74.20999908447266,74.2300033569336,74.20999908447266,74.22000122070312,154.0
2025-01-03 18:15:00+00:00,74.2300033569336,74.23999786376953,74.20999908447266,74.20999908447266,456.0
2025-01-03 18:16:00+00:00,74.25,74.25,74.22000122070312,74.2300033569336,527.0
2025-01-03 18:17:00+00:00,74.20999908447266,74.23999786376953,74.19999694824219,74.23999786376953,467.0
2025-01-03 18:18:00+00:00,74.19000244140625,74.20999908447266,74.18000030517578,74.19000244140625,591.0
2025-01-03 18:19:00+00:00,74.1500015258789,74.19999694824219,74.12999725341797,74.19999694824219,926.0
2025-01-03 18:20:00+00:00,74.13999938964844,74.1500015258789,74.11000061035156,74.1500015258789,816.0
2025-01-03 18:21:00+00:00,74.08000183105469,74.12999725341797,74.08000183105469,74.12999725341797,754.0
2025-01-03 18:22:00+00:00,74.02999877929688,74.08999633789062,74.0199966430664,74.06999969482422,1121.0
2025-01-03 18:23:00+00:00,74.02999877929688,74.05000305175781,74.01000213623047,74.02999877929688,781.0
2025-01-03 18:24:00+00:00,74.0199966430664,74.05000305175781,74.01000213623047,74.02999877929688,899.0
2025-01-03 18:25:00+00:00,74.0199966430664,74.06999969482422,74.0199966430664,74.0199966430664,4207.0
2025-01-03 18:26:00+00:00,74.05000305175781,74.06999969482422,74.01000213623047,74.0199966430664,772.0
2025-01-03 18:27:00+00:00,74.08000183105469,74.08999633789062,74.04000091552734,74.05000305175781,616.0
2025-01-03 18:28:00+00:00,74.12000274658203,74.12000274658203,74.08000183105469,74.0999984741211,386.0
2025-01-03 18:29:00+00:00,74.11000061035156,74.13999938964844,74.0999984741211,74.12999725341797,798.0
2025-01-03 18:30:00+00:00,74.13999938964844,74.13999938964844,74.0999984741211,74.11000061035156,376.0
2025-01-03 18:31:00+00:00,74.13999938964844,74.13999938964844,74.12000274658203,74.13999938964844,309.0
2025-01-03 18:32:00+00:00,74.16999816894531,74.16999816894531,74.12999725341797,74.12999725341797,188.0
2025-01-03 18:33:00+00:00,74.19000244140625,74.19000244140625,74.16000366210938,74.16000366210938,332.0
2025-01-03 18:34:00+00:00,74.19999694824219,74.19999694824219,74.16999816894531,74.18000030517578,290.0
2025-01-03 18:35:00+00:00,74.19999694824219,74.19999694824219,74.18000030517578,74.19000244140625,135.0
2025-01-03 18:36:00+00:00,74.12999725341797,74.19000244140625,74.12999725341797,74.18000030517578,382.0
2025-01-03 18:37:00+00:00,74.12000274658203,74.12999725341797,74.12000274658203,74.12999725341797,192.0
2025-01-03 18:38:00+00:00,74.08000183105469,74.12999725341797,74.08000183105469,74.12999725341797,487.0
2025-01-03 18:39:00+00:00,74.0199966430664,74.08000183105469,74.0199966430664,74.08000183105469,713.0
2025-01-03 18:40:00+00:00,73.98999786376953,74.0199966430664,73.9800033569336,74.01000213623047,769.0
2025-01-03 18:41:00+00:00,73.91999816894531,74.0,73.91999816894531,73.98999786376953,2045.0
2025-01-03 18:42:00+00:00,73.93000030517578,73.94999694824219,73.9000015258789,73.91000366210938,1460.0
2025-01-03 18:43:00+00:00,73.9800033569336,74.01000213623047,73.93000030517578,73.94000244140625,517.0
2025-01-03 18:44:00+00:00,73.94000244140625,73.9800033569336,73.94000244140625,73.9800033569336,546.0
2025-01-03 18:45:00+00:00,73.94000244140625,73.94000244140625,73.88999938964844,73.94000244140625,450.0
2025-01-03 18:46:00+00:00,73.94000244140625,73.94999694824219,73.91999816894531,73.93000030517578,146.0
2025-01-03 18:47:00+00:00,73.95999908447266,73.9800033569336,73.94000244140625,73.94000244140625,465.0
2025-01-03 18:48:00+00:00,74.0,74.01000213623047,73.94999694824219,73.95999908447266,823.0
2025-01-03 18:49:00+00:00,74.0,74.01000213623047,73.97000122070312,73.98999786376953,208.0
2025-01-03 18:50:00+00:00,74.01000213623047,74.0199966430664,73.97000122070312,73.98999786376953,266.0
2025-01-03 18:51:00+00:00,73.98999786376953,74.0199966430664,73.95999908447266,74.0,508.0
2025-01-03 18:52:00+00:00,73.9800033569336,73.98999786376953,73.9800033569336,73.98999786376953,114.0
2025-01-03 18:53:00+00:00,73.98999786376953,74.0,73.9800033569336,73.98999786376953,176.0
2025-01-03 18:54:00+00:00,73.98999786376953,74.0,73.9800033569336,73.98999786376953,232.0
2025-01-03 18:55:00+00:00,74.0199966430664,74.0199966430664,73.98999786376953,74.0,367.0
2025-01-03 18:56:00+00:00,74.0199966430664,74.02999877929688,74.01000213623047,74.0199966430664,130.0
2025-01-03 18:57:00+00:00,74.02999877929688,74.04000091552734,74.0199966430664,74.0199966430664,122.0
2025-01-03 18:58:00+00:00,74.02999877929688,74.04000091552734,74.0199966430664,74.02999877929688,218.0
2025-01-03 18:59:00+00:00,74.05000305175781,74.05999755859375,74.02999877929688,74.02999877929688,736.0
2025-01-03 19:00:00+00:00,74.02999877929688,74.05000305175781,74.0,74.05000305175781,480.0
2025-01-03 19:01:00+00:00,74.01000213623047,74.06999969482422,74.01000213623047,74.04000091552734,354.0
2025-01-03 19:02:00+00:00,74.02999877929688,74.04000091552734,74.0,74.01000213623047,117.0
2025-01-03 19:03:00+00:00,74.0199966430664,74.04000091552734,74.01000213623047,74.02999877929688,134.0
2025-01-03 19:04:00+00:00,74.05000305175781,74.05000305175781,74.0,74.0199966430664,243.0
2025-01-03 19:05:00+00:00,74.08999633789062,74.0999984741211,74.02999877929688,74.05000305175781,1109.0
2025-01-03 19:06:00+00:00,74.0999984741211,74.12000274658203,74.08000183105469,74.0999984741211,451.0
2025-01-03 19:07:00+00:00,74.11000061035156,74.11000061035156,74.08000183105469,74.08999633789062,140.0
2025-01-03 19:08:00+00:00,74.05000305175781,74.12000274658203,74.05000305175781,74.11000061035156,469.0
2025-01-03 19:09:00+00:00,74.05999755859375,74.05999755859375,74.05000305175781,74.05999755859375,111.0
2025-01-03 19:10:00+00:00,74.05999755859375,74.05999755859375,74.02999877929688,74.05999755859375,272.0
2025-01-03 19:11:00+00:00,74.08999633789062,74.0999984741211,74.05000305175781,74.05999755859375,278.0
2025-01-03 19:12:00+00:00,74.08999633789062,74.0999984741211,74.08000183105469,74.08000183105469,486.0
2025-01-03 19:13:00+00:00,74.08999633789062,74.0999984741211,74.08000183105469,74.0999984741211,175.0
2025-01-03 19:14:00+00:00,74.0999984741211,74.11000061035156,74.06999969482422,74.08999633789062,372.0
2025-01-03 19:15:00+00:00,74.08999633789062,74.11000061035156,74.08000183105469,74.0999984741211,252.0
2025-01-03 19:16:00+00:00,74.06999969482422,74.08999633789062,74.05999755859375,74.08000183105469,256.0
2025-01-03 19:17:00+00:00,74.04000091552734,74.06999969482422,74.02999877929688,74.06999969482422,423.0
2025-01-03 19:18:00+00:00,74.0,74.04000091552734,73.98999786376953,74.04000091552734,861.0
2025-01-03 19:19:00+00:00,74.05999755859375,74.05999755859375,74.0,74.0,365.0
2025-01-03 19:20:00+00:00,74.02999877929688,74.05999755859375,74.02999877929688,74.05000305175781,337.0
2025-01-03 19:21:00+00:00,74.0199966430664,74.05000305175781,74.0199966430664,74.02999877929688,201.0
2025-01-03 19:22:00+00:00,74.04000091552734,74.04000091552734,74.0,74.0199966430664,615.0
2025-01-03 19:23:00+00:00,74.0199966430664,74.05000305175781,73.97000122070312,74.04000091552734,1460.0
2025-01-03 19:24:00+00:00,73.95999908447266,74.0199966430664,73.93000030517578,74.0199966430664,2643.0
2025-01-03 19:25:00+00:00,73.94000244140625,73.95999908447266,73.91000366210938,73.94999694824219,815.0
2025-01-03 19:26:00+00:00,73.91999816894531,73.94999694824219,73.9000015258789,73.94000244140625,722.0
2025-01-03 19:27:00+00:00,73.94999694824219,73.97000122070312,73.91000366210938,73.91000366210938,1352.0
2025-01-03 19:28:00+00:00,73.94000244140625,74.02999877929688,73.91000366210938,73.94999694824219,3357.0
2025-01-03 19:29:00+00:00,73.93000030517578,73.9800033569336,73.93000030517578,73.94000244140625,3634.0
2025-01-03 19:30:00+00:00,73.94999694824219,73.97000122070312,73.93000030517578,73.94999694824219,1637.0
2025-01-03 19:31:00+00:00,73.9800033569336,73.98999786376953,73.94000244140625,73.94999694824219,559.0
2025-01-03 19:32:00+00:00,74.0,74.0,73.9800033569336,73.9800033569336,178.0
2025-01-03 19:33:00+00:00,73.98999786376953,74.01000213623047,73.98999786376953,74.0,264.0
2025-01-03 19:34:00+00:00,73.9800033569336,73.98999786376953,73.9800033569336,73.98999786376953,75.0
2025-01-03 19:35:00+00:00,73.98999786376953,74.0,73.97000122070312,73.97000122070312,154.0
2025-01-03 19:36:00+00:00,74.0,74.01000213623047,73.98999786376953,73.98999786376953,119.0
2025-01-03 19:37:00+00:00,73.98999786376953,74.0,73.98999786376953,74.0,130.0
2025-01-03 19:38:00+00:00,73.98999786376953,73.98999786376953,73.9800033569336,73.98999786376953,63.0
2025-01-03 19:39:00+00:00,73.98999786376953,74.0,73.9800033569336,73.98999786376953,83.0
2025-01-03 19:40:00+00:00,74.0,74.0,73.98999786376953,73.98999786376953,67.0
2025-01-03 19:41:00+00:00,74.0,74.0,73.98999786376953,74.0,159.0
2025-01-03 19:42:00+00:00,74.0,74.0199966430664,74.0,74.0,139.0
2025-01-03 19:43:00+00:00,74.01000213623047,74.01000213623047,73.98999786376953,74.0,166.0
2025-01-03 19:44:00+00:00,74.0199966430664,74.02999877929688,74.01000213623047,74.01000213623047,92.0
2025-01-03 19:45:00+00:00,74.05000305175781,74.05000305175781,74.0199966430664,74.0199966430664,75.0
2025-01-03 19:46:00+00:00,74.05000305175781,74.05999755859375,74.02999877929688,74.05000305175781,277.0
2025-01-03 19:47:00+00:00,74.05000305175781,74.05000305175781,74.02999877929688,74.04000091552734,197.0
2025-01-03 19:48:00+00:00,74.05000305175781,74.05999755859375,74.04000091552734,74.05000305175781,57.0
2025-01-03 19:49:00+00:00,74.08999633789062,74.0999984741211,74.05000305175781,74.05000305175781,170.0
2025-01-03 19:50:00+00:00,74.05999755859375,74.0999984741211,74.05999755859375,74.08000183105469,73.0
2025-01-03 19:51:00+00:00,74.05999755859375,74.06999969482422,74.05999755859375,74.06999969482422,38.0
2025-01-03 19:52:00+00:00,74.06999969482422,74.08000183105469,74.05999755859375,74.06999969482422,91.0
2025-01-03 19:53:00+00:00,74.05999755859375,74.08000183105469,74.05999755859375,74.06999969482422,94.0
2025-01-03 19:54:00+00:00,74.05999755859375,74.06999969482422,74.05999755859375,74.05999755859375,204.0
2025-01-03 19:55:00+00:00,74.08000183105469,74.08000183105469,74.06999969482422,74.06999969482422,13.0
2025-01-03 19:56:00+00:00,74.08999633789062,74.0999984741211,74.08000183105469,74.08999633789062,110.0
2025-01-03 19:57:00+00:00,74.11000061035156,74.11000061035156,74.0999984741211,74.0999984741211,56.0
2025-01-03 19:58:00+00:00,74.11000061035156,74.12000274658203,74.0999984741211,74.0999984741211,101.0
2025-01-03 19:59:00+00:00,74.12000274658203,74.12999725341797,74.11000061035156,74.11000061035156,58.0
2025-01-03 20:00:00+00:00,74.12999725341797,74.1500015258789,74.12000274658203,74.12000274658203,156.0
2025-01-03 20:01:00+00:00,74.12999725341797,74.13999938964844,74.12999725341797,74.12999725341797,109.0
2025-01-03 20:02:00+00:00,74.12999725341797,74.12999725341797,74.12000274658203,74.12000274658203,76.0
2025-01-03 20:03:00+00:00,74.0999984741211,74.12999725341797,74.0999984741211,74.12999725341797,290.0
2025-01-03 20:04:00+00:00,74.0999984741211,74.0999984741211,74.08999633789062,74.08999633789062,76.0
2025-01-03 20:05:00+00:00,74.08999633789062,74.0999984741211,74.08000183105469,74.08999633789062,44.0
2025-01-03 20:06:00+00:00,74.06999969482422,74.08000183105469,74.06999969482422,74.08000183105469,59.0
2025-01-03 20:07:00+00:00,74.06999969482422,74.06999969482422,74.06999969482422,74.06999969482422,32.0
2025-01-03 20:08:00+00:00,74.05999755859375,74.06999969482422,74.05999755859375,74.06999969482422,66.0
2025-01-03 20:09:00+00:00,74.05000305175781,74.06999969482422,74.05000305175781,74.06999969482422,216.0
2025-01-03 20:10:00+00:00,74.06999969482422,74.06999969482422,74.05000305175781,74.05000305175781,85.0
2025-01-03 20:11:00+00:00,74.05999755859375,74.08000183105469,74.05999755859375,74.06999969482422,90.0
2025-01-03 20:12:00+00:00,74.05999755859375,74.05999755859375,74.05000305175781,74.05000305175781,26.0
2025-01-03 20:13:00+00:00,74.05999755859375,74.05999755859375,74.05999755859375,74.05999755859375,31.0
2025-01-03 20:14:00+00:00,74.02999877929688,74.05000305175781,74.02999877929688,74.05000305175781,52.0
2025-01-03 20:15:00+00:00,74.02999877929688,74.04000091552734,74.02999877929688,74.02999877929688,38.0
2025-01-03 20:16:00+00:00,74.02999877929688,74.04000091552734,74.0199966430664,74.02999877929688,63.0
2025-01-03 20:17:00+00:00,74.02999877929688,74.04000091552734,74.02999877929688,74.04000091552734,57.0
2025-01-03 20:18:00+00:00,74.0,74.04000091552734,74.0,74.02999877929688,106.0
2025-01-03 20:19:00+00:00,74.0,74.01000213623047,73.98999786376953,74.01000213623047,213.0
2025-01-03 20:20:00+00:00,74.0199966430664,74.02999877929688,74.01000213623047,74.01000213623047,73.0
2025-01-03 20:21:00+00:00,74.02999877929688,74.02999877929688,74.0199966430664,74.0199966430664,44.0
2025-01-03 20:22:00+00:00,74.02999877929688,74.04000091552734,74.02999877929688,74.04000091552734,51.0
2025-01-03 20:23:00+00:00,74.02999877929688,74.04000091552734,74.02999877929688,74.02999877929688,29.0
2025-01-03 20:24:00+00:00,74.05999755859375,74.05999755859375,74.02999877929688,74.02999877929688,111.0
2025-01-03 20:25:00+00:00,74.04000091552734,74.05000305175781,74.04000091552734,74.05000305175781,63.0
2025-01-03 20:26:00+00:00,74.05999755859375,74.06999969482422,74.05000305175781,74.05999755859375,25.0
2025-01-03 20:27:00+00:00,74.05999755859375,74.06999969482422,74.05999755859375,74.05999755859375,20.0
2025-01-03 20:28:00+00:00,74.06999969482422,74.06999969482422,74.05999755859375,74.06999969482422,66.0
2025-01-03 20:29:00+00:00,74.05999755859375,74.08000183105469,74.05999755859375,74.06999969482422,137.0
2025-01-03 20:30:00+00:00,74.04000091552734,74.05999755859375,74.04000091552734,74.05000305175781,55.0
2025-01-03 20:31:00+00:00,74.04000091552734,74.05999755859375,74.04000091552734,74.04000091552734,63.0
2025-01-03 20:32:00+00:00,74.05000305175781,74.05000305175781,74.02999877929688,74.02999877929688,75.0
2025-01-03 20:33:00+00:00,74.08000183105469,74.08000183105469,74.05000305175781,74.05000305175781,78.0
2025-01-03 20:34:00+00:00,74.06999969482422,74.06999969482422,74.05999755859375,74.06999969482422,154.0
2025-01-03 20:35:00+00:00,74.05999755859375,74.08000183105469,74.05999755859375,74.06999969482422,41.0
2025-01-03 20:36:00+00:00,74.05999755859375,74.06999969482422,74.05999755859375,74.05999755859375,34.0
2025-01-03 20:37:00+00:00,74.05999755859375,74.05999755859375,74.05999755859375,74.05999755859375,73.0
2025-01-03 20:38:00+00:00,74.05000305175781,74.05999755859375,74.05000305175781,74.05999755859375,57.0
2025-01-03 20:40:00+00:00,74.05999755859375,74.06999969482422,74.05000305175781,74.05999755859375,43.0
2025-01-03 20:41:00+00:00,74.05000305175781,74.05999755859375,74.05000305175781,74.05000305175781,20.0
2025-01-03 20:42:00+00:00,74.04000091552734,74.05000305175781,74.04000091552734,74.05000305175781,12.0
2025-01-03 20:43:00+00:00,74.02999877929688,74.04000091552734,74.02999877929688,74.04000091552734,47.0
2025-01-03 20:44:00+00:00,74.04000091552734,74.04000091552734,74.02999877929688,74.02999877929688,37.0
2025-01-03 20:45:00+00:00,74.02999877929688,74.04000091552734,74.0199966430664,74.04000091552734,46.0
2025-01-03 20:46:00+00:00,74.02999877929688,74.02999877929688,74.0199966430664,74.02999877929688,28.0
2025-01-03 20:47:00+00:00,74.02999877929688,74.02999877929688,74.0199966430664,74.02999877929688,43.0
2025-01-03 20:48:00+00:00,74.04000091552734,74.04000091552734,74.02999877929688,74.02999877929688,52.0
2025-01-03 20:49:00+00:00,74.0199966430664,74.02999877929688,74.0199966430664,74.0199966430664,20.0
2025-01-03 20:50:00+00:00,74.0,74.0199966430664,73.98999786376953,74.0199966430664,109.0
2025-01-03 20:51:00+00:00,74.0,74.01000213623047,73.98999786376953,74.0,103.0
2025-01-03 20:52:00+00:00,74.0,74.0,73.98999786376953,74.0,32.0
2025-01-03 20:53:00+00:00,74.0199966430664,74.02999877929688,74.0,74.0,209.0
2025-01-03 20:54:00+00:00,74.02999877929688,74.04000091552734,74.0199966430664,74.0199966430664,47.0
2025-01-03 20:55:00+00:00,74.0199966430664,74.04000091552734,74.0199966430664,74.02999877929688,170.0
2025-01-03 20:56:00+00:00,74.0199966430664,74.0199966430664,74.0199966430664,74.0199966430664,37.0
2025-01-03 20:57:00+00:00,74.0199966430664,74.02999877929688,74.01000213623047,74.0199966430664,109.0
2025-01-03 20:58:00+00:00,74.02999877929688,74.02999877929688,74.0199966430664,74.0199966430664,193.0
2025-01-03 20:59:00+00:00,74.0199966430664,74.04000091552734,74.0199966430664,74.02999877929688,90.0
2025-01-03 21:00:00+00:00,74.02999877929688,74.02999877929688,74.01000213623047,74.0199966430664,118.0
2025-01-03 21:01:00+00:00,74.02999877929688,74.02999877929688,74.0199966430664,74.0199966430664,29.0
2025-01-03 21:02:00+00:00,74.02999877929688,74.04000091552734,74.02999877929688,74.04000091552734,13.0
2025-01-03 21:03:00+00:00,74.02999877929688,74.04000091552734,74.02999877929688,74.04000091552734,22.0
2025-01-03 21:04:00+00:00,74.01000213623047,74.04000091552734,74.01000213623047,74.04000091552734,35.0
2025-01-03 21:05:00+00:00,74.0,74.01000213623047,74.0,74.01000213623047,43.0
2025-01-03 21:06:00+00:00,74.01000213623047,74.01000213623047,74.0,74.0,22.0
2025-01-03 21:07:00+00:00,74.01000213623047,74.0199966430664,73.98999786376953,74.0,46.0
2025-01-03 21:08:00+00:00,74.0199966430664,74.0199966430664,74.0,74.01000213623047,20.0
2025-01-03 21:09:00+00:00,74.0199966430664,74.0199966430664,74.01000213623047,74.0199966430664,4.0
2025-01-03 21:10:00+00:00,74.0199966430664,74.0199966430664,74.0199966430664,74.0199966430664,15.0
2025-01-03 21:11:00+00:00,74.01000213623047,74.0199966430664,74.01000213623047,74.0199966430664,3.0
2025-01-03 21:12:00+00:00,74.01000213623047,74.01000213623047,74.01000213623047,74.01000213623047,17.0
2025-01-03 21:13:00+00:00,74.01000213623047,74.0199966430664,74.0,74.01000213623047,32.0
2025-01-03 21:14:00+00:00,74.01000213623047,74.0199966430664,74.01000213623047,74.0199966430664,20.0
2025-01-03 21:15:00+00:00,74.0,74.0,73.98999786376953,74.0,79.0
2025-01-03 21:16:00+00:00,74.0,74.0,73.98999786376953,74.0,19.0
2025-01-03 21:17:00+00:00,74.0,74.0,73.98999786376953,74.0,47.0
2025-01-03 21:18:00+00:00,74.0,74.01000213623047,74.0,74.0,10.0
2025-01-03 21:19:00+00:00,74.01000213623047,74.01000213623047,74.0,74.0,4.0
2025-01-03 21:20:00+00:00,74.0,74.0,74.0,74.0,20.0
2025-01-03 21:21:00+00:00,74.01000213623047,74.01000213623047,74.0,74.0,5.0
2025-01-03 21:22:00+00:00,74.01000213623047,74.01000213623047,74.0,74.0,14.0
2025-01-03 21:23:00+00:00,74.02999877929688,74.02999877929688,74.0199966430664,74.0199966430664,22.0
2025-01-03 21:24:00+00:00,74.02999877929688,74.02999877929688,74.0199966430664,74.02999877929688,4.0
2025-01-03 21:25:00+00:00,74.02999877929688,74.04000091552734,74.0199966430664,74.0199966430664,11.0
2025-01-03 21:26:00+00:00,74.02999877929688,74.04000091552734,74.0199966430664,74.04000091552734,57.0
2025-01-03 21:27:00+00:00,74.04000091552734,74.04000091552734,74.02999877929688,74.02999877929688,103.0
2025-01-03 21:28:00+00:00,74.05000305175781,74.05000305175781,74.04000091552734,74.05000305175781,18.0
2025-01-03 21:29:00+00:00,74.02999877929688,74.05000305175781,74.02999877929688,74.05000305175781,16.0
2025-01-03 21:30:00+00:00,74.0199966430664,74.02999877929688,74.0199966430664,74.02999877929688,50.0
2025-01-03 21:31:00+00:00,74.0199966430664,74.02999877929688,74.01000213623047,74.02999877929688,67.0
2025-01-03 21:32:00+00:00,74.0199966430664,74.0199966430664,74.01000213623047,74.0199966430664,6.0
2025-01-03 21:33:00+00:00,74.0199966430664,74.0199966430664,74.0199966430664,74.0199966430664,20.0
2025-01-03 21:34:00+00:00,74.04000091552734,74.04000091552734,74.02999877929688,74.02999877929688,23.0
2025-01-03 21:35:00+00:00,74.04000091552734,74.04000091552734,74.02999877929688,74.04000091552734,11.0
2025-01-03 21:36:00+00:00,74.0199966430664,74.02999877929688,74.0199966430664,74.0199966430664,19.0
2025-01-03 21:37:00+00:00,74.01000213623047,74.0199966430664,74.01000213623047,74.0199966430664,5.0
2025-01-03 21:38:00+00:00,74.0199966430664,74.0199966430664,74.0199966430664,74.0199966430664,23.0
2025-01-03 21:39:00+00:00,74.0199966430664,74.02999877929688,74.0199966430664,74.02999877929688,15.0
2025-01-03 21:40:00+00:00,74.02999877929688,74.04000091552734,74.02999877929688,74.02999877929688,18.0
2025-01-03 21:41:00+00:00,74.05000305175781,74.05000305175781,74.04000091552734,74.04000091552734,60.0
2025-01-03 21:42:00+00:00,74.04000091552734,74.04000091552734,74.04000091552734,74.04000091552734,17.0
2025-01-03 21:43:00+00:00,74.05000305175781,74.05000305175781,74.05000305175781,74.05000305175781,51.0
2025-01-03 21:44:00+00:00,74.04000091552734,74.05000305175781,74.04000091552734,74.04000091552734,284.0
2025-01-03 21:45:00+00:00,74.05000305175781,74.05999755859375,74.04000091552734,74.05999755859375,20.0
2025-01-03 21:46:00+00:00,74.05999755859375,74.05999755859375,74.05000305175781,74.05000305175781,9.0
2025-01-03 21:47:00+00:00,74.05999755859375,74.06999969482422,74.05000305175781,74.05999755859375,36.0
2025-01-03 21:48:00+00:00,74.05999755859375,74.06999969482422,74.05999755859375,74.05999755859375,22.0
2025-01-03 21:49:00+00:00,74.06999969482422,74.06999969482422,74.05999755859375,74.05999755859375,107.0
2025-01-03 21:50:00+00:00,74.08999633789062,74.08999633789062,74.05999755859375,74.05999755859375,97.0
2025-01-03 21:51:00+00:00,74.08000183105469,74.08999633789062,74.06999969482422,74.08999633789062,34.0
2025-01-03 21:52:00+00:00,74.08999633789062,74.08999633789062,74.06999969482422,74.08000183105469,9.0
2025-01-03 21:53:00+00:00,74.08999633789062,74.08999633789062,74.08000183105469,74.08999633789062,13.0
2025-01-03 21:54:00+00:00,74.08999633789062,74.08999633789062,74.08000183105469,74.08999633789062,38.0
2025-01-03 21:55:00+00:00,74.05000305175781,74.08000183105469,74.04000091552734,74.05000305175781,650.0
2025-01-03 21:56:00+00:00,74.04000091552734,74.05000305175781,74.02999877929688,74.04000091552734,73.0
2025-01-03 21:57:00+00:00,74.05000305175781,74.05000305175781,74.04000091552734,74.05000305175781,10.0
2025-01-03 21:58:00+00:00,74.05999755859375,74.05999755859375,74.04000091552734,74.05000305175781,47.0
2025-01-03 21:59:00+00:00,74.06999969482422,74.06999969482422,74.02999877929688,74.05999755859375,128.0
