Datetime,Close,High,Low,Open,Volume
2025-03-19 22:00:00+00:00,3058.5,3058.60009765625,3057.0,3058.0,0.0
2025-03-19 22:01:00+00:00,3058.5,3059.5,3058.5,3058.60009765625,154.0
2025-03-19 22:02:00+00:00,3058.199951171875,3058.300048828125,3057.199951171875,3058.300048828125,98.0
2025-03-19 22:03:00+00:00,3058.5,3058.5,3058.0,3058.10009765625,57.0
2025-03-19 22:04:00+00:00,3058.89990234375,3058.89990234375,3058.5,3058.5,13.0
2025-03-19 22:05:00+00:00,3059.0,3059.199951171875,3058.699951171875,3058.89990234375,38.0
2025-03-19 22:06:00+00:00,3059.60009765625,3059.60009765625,3058.699951171875,3058.89990234375,41.0
2025-03-19 22:07:00+00:00,3059.699951171875,3059.699951171875,3059.39990234375,3059.5,16.0
2025-03-19 22:08:00+00:00,3060.0,3060.0,3059.60009765625,3059.699951171875,50.0
2025-03-19 22:09:00+00:00,3059.800048828125,3060.300048828125,3059.800048828125,3060.0,32.0
2025-03-19 22:10:00+00:00,3059.10009765625,3059.89990234375,3059.10009765625,3059.89990234375,22.0
2025-03-19 22:11:00+00:00,3059.300048828125,3059.300048828125,3059.10009765625,3059.199951171875,4.0
2025-03-19 22:12:00+00:00,3059.10009765625,3059.60009765625,3059.10009765625,3059.39990234375,11.0
2025-03-19 22:13:00+00:00,3059.300048828125,3059.5,3059.300048828125,3059.39990234375,7.0
2025-03-19 22:14:00+00:00,3059.10009765625,3059.300048828125,3059.10009765625,3059.300048828125,4.0
2025-03-19 22:15:00+00:00,3059.300048828125,3059.89990234375,3059.10009765625,3059.10009765625,43.0
2025-03-19 22:16:00+00:00,3058.699951171875,3059.39990234375,3058.699951171875,3059.199951171875,78.0
2025-03-19 22:17:00+00:00,3058.800048828125,3059.0,3058.60009765625,3058.89990234375,62.0
2025-03-19 22:18:00+00:00,3058.5,3058.800048828125,3058.5,3058.60009765625,16.0
2025-03-19 22:19:00+00:00,3058.199951171875,3058.800048828125,3058.199951171875,3058.699951171875,29.0
2025-03-19 22:20:00+00:00,3057.60009765625,3058.300048828125,3057.60009765625,3058.199951171875,29.0
2025-03-19 22:21:00+00:00,3057.89990234375,3058.10009765625,3057.60009765625,3057.800048828125,54.0
2025-03-19 22:22:00+00:00,3057.39990234375,3058.0,3057.39990234375,3057.89990234375,34.0
2025-03-19 22:23:00+00:00,3057.39990234375,3057.39990234375,3057.10009765625,3057.39990234375,63.0
2025-03-19 22:24:00+00:00,3057.699951171875,3057.699951171875,3057.300048828125,3057.5,33.0
2025-03-19 22:25:00+00:00,3057.800048828125,3057.89990234375,3057.800048828125,3057.89990234375,11.0
2025-03-19 22:26:00+00:00,3057.800048828125,3058.0,3057.800048828125,3058.0,7.0
2025-03-19 22:27:00+00:00,3058.0,3058.0,3057.800048828125,3057.800048828125,4.0
2025-03-19 22:28:00+00:00,3058.60009765625,3058.699951171875,3058.0,3058.0,18.0
2025-03-19 22:29:00+00:00,3058.5,3058.60009765625,3058.5,3058.60009765625,5.0
2025-03-19 22:30:00+00:00,3058.39990234375,3058.60009765625,3058.300048828125,3058.39990234375,27.0
2025-03-19 22:31:00+00:00,3058.699951171875,3058.699951171875,3058.5,3058.5,11.0
2025-03-19 22:32:00+00:00,3058.60009765625,3058.800048828125,3058.60009765625,3058.60009765625,12.0
2025-03-19 22:33:00+00:00,3059.10009765625,3059.199951171875,3058.699951171875,3058.699951171875,39.0
2025-03-19 22:34:00+00:00,3059.0,3059.300048828125,3059.0,3059.199951171875,11.0
2025-03-19 22:35:00+00:00,3059.0,3059.10009765625,3059.0,3059.10009765625,4.0
2025-03-19 22:36:00+00:00,3059.60009765625,3059.60009765625,3059.0,3059.10009765625,13.0
2025-03-19 22:37:00+00:00,3059.5,3059.699951171875,3059.5,3059.699951171875,6.0
2025-03-19 22:38:00+00:00,3059.10009765625,3059.60009765625,3059.10009765625,3059.5,21.0
2025-03-19 22:39:00+00:00,3058.5,3059.300048828125,3058.0,3059.300048828125,120.0
2025-03-19 22:40:00+00:00,3058.5,3058.89990234375,3058.5,3058.5,17.0
2025-03-19 22:41:00+00:00,3058.5,3058.5,3058.300048828125,3058.5,13.0
2025-03-19 22:42:00+00:00,3058.60009765625,3058.89990234375,3058.5,3058.60009765625,14.0
2025-03-19 22:43:00+00:00,3058.60009765625,3058.60009765625,3058.5,3058.5,2.0
2025-03-19 22:44:00+00:00,3058.300048828125,3058.300048828125,3058.199951171875,3058.300048828125,6.0
2025-03-19 22:45:00+00:00,3058.60009765625,3058.800048828125,3058.5,3058.5,7.0
2025-03-19 22:46:00+00:00,3058.5,3058.60009765625,3058.5,3058.60009765625,3.0
2025-03-19 22:47:00+00:00,3058.5,3058.5,3058.39990234375,3058.5,5.0
2025-03-19 22:48:00+00:00,3058.300048828125,3058.5,3058.300048828125,3058.5,3.0
2025-03-19 22:49:00+00:00,3058.60009765625,3058.800048828125,3058.5,3058.5,9.0
2025-03-19 22:50:00+00:00,3058.60009765625,3058.699951171875,3058.60009765625,3058.699951171875,3.0
2025-03-19 22:51:00+00:00,3059.0,3059.199951171875,3058.800048828125,3058.800048828125,16.0
2025-03-19 22:52:00+00:00,3059.199951171875,3059.5,3058.89990234375,3058.89990234375,34.0
2025-03-19 22:53:00+00:00,3059.300048828125,3059.300048828125,3059.199951171875,3059.199951171875,5.0
2025-03-19 22:54:00+00:00,3059.39990234375,3059.39990234375,3059.199951171875,3059.199951171875,7.0
2025-03-19 22:55:00+00:00,3059.60009765625,3060.0,3059.60009765625,3059.60009765625,45.0
2025-03-19 22:56:00+00:00,3059.89990234375,3059.89990234375,3059.699951171875,3059.89990234375,5.0
2025-03-19 22:57:00+00:00,3059.699951171875,3059.699951171875,3059.699951171875,3059.699951171875,2.0
2025-03-19 22:58:00+00:00,3059.699951171875,3059.699951171875,3059.39990234375,3059.60009765625,8.0
2025-03-19 22:59:00+00:00,3059.60009765625,3059.60009765625,3059.39990234375,3059.5,6.0
2025-03-19 23:00:00+00:00,3059.10009765625,3059.5,3059.0,3059.5,20.0
2025-03-19 23:01:00+00:00,3059.199951171875,3059.300048828125,3059.199951171875,3059.300048828125,2.0
2025-03-19 23:02:00+00:00,3058.89990234375,3059.10009765625,3058.89990234375,3059.10009765625,3.0
2025-03-19 23:03:00+00:00,3058.699951171875,3059.0,3058.699951171875,3059.0,15.0
2025-03-19 23:04:00+00:00,3058.60009765625,3058.60009765625,3058.199951171875,3058.60009765625,16.0
2025-03-19 23:05:00+00:00,3058.300048828125,3058.699951171875,3058.300048828125,3058.699951171875,13.0
2025-03-19 23:06:00+00:00,3058.5,3058.5,3058.10009765625,3058.199951171875,15.0
2025-03-19 23:07:00+00:00,3058.60009765625,3058.800048828125,3058.39990234375,3058.39990234375,12.0
2025-03-19 23:08:00+00:00,3058.89990234375,3059.0,3058.699951171875,3058.699951171875,9.0
2025-03-19 23:09:00+00:00,3059.0,3059.0,3058.60009765625,3058.699951171875,8.0
2025-03-19 23:10:00+00:00,3058.89990234375,3059.10009765625,3058.89990234375,3059.0,7.0
2025-03-19 23:11:00+00:00,3059.0,3059.199951171875,3058.89990234375,3059.0,6.0
2025-03-19 23:12:00+00:00,3058.89990234375,3058.89990234375,3058.89990234375,3058.89990234375,1.0
2025-03-19 23:14:00+00:00,3058.89990234375,3059.0,3058.800048828125,3059.0,11.0
2025-03-19 23:15:00+00:00,3059.0,3059.0,3058.800048828125,3058.89990234375,3.0
2025-03-19 23:16:00+00:00,3058.699951171875,3058.800048828125,3058.699951171875,3058.699951171875,4.0
2025-03-19 23:17:00+00:00,3058.800048828125,3058.800048828125,3058.60009765625,3058.699951171875,8.0
2025-03-19 23:18:00+00:00,3059.10009765625,3059.10009765625,3059.0,3059.0,6.0
2025-03-19 23:19:00+00:00,3059.5,3059.5,3059.300048828125,3059.300048828125,5.0
2025-03-19 23:20:00+00:00,3059.5,3059.5,3059.39990234375,3059.5,7.0
2025-03-19 23:21:00+00:00,3059.5,3059.5,3059.300048828125,3059.39990234375,9.0
2025-03-19 23:22:00+00:00,3059.5,3059.5,3059.300048828125,3059.5,4.0
2025-03-19 23:23:00+00:00,3059.699951171875,3059.800048828125,3059.5,3059.5,24.0
2025-03-19 23:24:00+00:00,3060.0,3060.0,3059.5,3059.5,11.0
2025-03-19 23:25:00+00:00,3059.699951171875,3060.0,3059.699951171875,3060.0,14.0
2025-03-19 23:26:00+00:00,3059.89990234375,3060.0,3059.60009765625,3059.60009765625,20.0
2025-03-19 23:27:00+00:00,3059.699951171875,3060.10009765625,3059.699951171875,3060.0,13.0
2025-03-19 23:28:00+00:00,3059.89990234375,3059.89990234375,3059.60009765625,3059.89990234375,8.0
2025-03-19 23:29:00+00:00,3059.800048828125,3059.89990234375,3059.699951171875,3059.699951171875,8.0
2025-03-19 23:30:00+00:00,3059.60009765625,3060.10009765625,3059.60009765625,3059.89990234375,40.0
2025-03-19 23:31:00+00:00,3059.5,3059.800048828125,3059.5,3059.699951171875,13.0
2025-03-19 23:32:00+00:00,3059.199951171875,3059.39990234375,3059.199951171875,3059.39990234375,14.0
2025-03-19 23:33:00+00:00,3059.0,3059.10009765625,3058.800048828125,3059.10009765625,28.0
2025-03-19 23:34:00+00:00,3059.199951171875,3059.199951171875,3058.89990234375,3059.0,18.0
2025-03-19 23:35:00+00:00,3058.89990234375,3059.10009765625,3058.89990234375,3059.10009765625,11.0
2025-03-19 23:36:00+00:00,3058.60009765625,3058.89990234375,3058.199951171875,3058.89990234375,30.0
2025-03-19 23:37:00+00:00,3058.60009765625,3058.699951171875,3058.10009765625,3058.5,46.0
2025-03-19 23:38:00+00:00,3058.60009765625,3058.699951171875,3058.5,3058.699951171875,8.0
2025-03-19 23:39:00+00:00,3058.60009765625,3058.60009765625,3058.199951171875,3058.5,18.0
2025-03-19 23:40:00+00:00,3058.39990234375,3058.800048828125,3058.39990234375,3058.60009765625,23.0
2025-03-19 23:41:00+00:00,3058.800048828125,3058.800048828125,3058.5,3058.5,8.0
2025-03-19 23:42:00+00:00,3059.0,3059.0,3058.800048828125,3058.89990234375,6.0
2025-03-19 23:43:00+00:00,3059.0,3059.199951171875,3058.89990234375,3058.89990234375,11.0
2025-03-19 23:44:00+00:00,3059.10009765625,3059.199951171875,3059.0,3059.10009765625,6.0
2025-03-19 23:45:00+00:00,3059.199951171875,3059.199951171875,3059.199951171875,3059.199951171875,2.0
2025-03-19 23:46:00+00:00,3059.10009765625,3059.199951171875,3059.0,3059.10009765625,7.0
2025-03-19 23:47:00+00:00,3059.10009765625,3059.10009765625,3059.0,3059.10009765625,3.0
2025-03-19 23:48:00+00:00,3059.5,3059.5,3059.10009765625,3059.10009765625,30.0
2025-03-19 23:49:00+00:00,3059.5,3059.5,3059.39990234375,3059.39990234375,7.0
2025-03-19 23:50:00+00:00,3059.699951171875,3059.699951171875,3059.39990234375,3059.5,17.0
2025-03-19 23:51:00+00:00,3059.699951171875,3059.699951171875,3059.60009765625,3059.60009765625,13.0
2025-03-19 23:52:00+00:00,3060.0,3060.699951171875,3059.699951171875,3059.699951171875,70.0
2025-03-19 23:53:00+00:00,3059.89990234375,3060.0,3059.800048828125,3060.0,8.0
2025-03-19 23:54:00+00:00,3059.39990234375,3059.800048828125,3059.300048828125,3059.800048828125,22.0
2025-03-19 23:55:00+00:00,3059.199951171875,3059.39990234375,3059.10009765625,3059.39990234375,12.0
2025-03-19 23:56:00+00:00,3059.39990234375,3059.39990234375,3059.199951171875,3059.199951171875,11.0
2025-03-19 23:57:00+00:00,3059.5,3059.699951171875,3059.300048828125,3059.300048828125,16.0
2025-03-19 23:58:00+00:00,3059.699951171875,3059.89990234375,3059.60009765625,3059.699951171875,8.0
2025-03-19 23:59:00+00:00,3059.60009765625,3059.60009765625,3059.60009765625,3059.60009765625,3.0
2025-03-20 00:00:00+00:00,3060.10009765625,3060.60009765625,3059.60009765625,3059.60009765625,79.0
2025-03-20 00:01:00+00:00,3060.5,3060.60009765625,3060.10009765625,3060.300048828125,34.0
2025-03-20 00:02:00+00:00,3060.800048828125,3060.89990234375,3060.39990234375,3060.39990234375,26.0
2025-03-20 00:03:00+00:00,3062.300048828125,3062.5,3060.800048828125,3060.800048828125,492.0
2025-03-20 00:04:00+00:00,3061.89990234375,3062.60009765625,3061.89990234375,3062.199951171875,137.0
2025-03-20 00:05:00+00:00,3062.10009765625,3062.5,3061.60009765625,3061.89990234375,97.0
2025-03-20 00:06:00+00:00,3062.699951171875,3062.89990234375,3062.0,3062.0,82.0
2025-03-20 00:07:00+00:00,3062.5,3063.199951171875,3062.300048828125,3062.800048828125,251.0
2025-03-20 00:08:00+00:00,3062.800048828125,3063.0,3062.5,3062.5,61.0
2025-03-20 00:09:00+00:00,3062.699951171875,3063.0,3062.60009765625,3062.699951171875,29.0
2025-03-20 00:10:00+00:00,3062.699951171875,3063.0,3062.60009765625,3062.60009765625,47.0
2025-03-20 00:11:00+00:00,3062.699951171875,3062.800048828125,3062.39990234375,3062.699951171875,39.0
2025-03-20 00:12:00+00:00,3061.800048828125,3062.699951171875,3061.800048828125,3062.60009765625,44.0
2025-03-20 00:13:00+00:00,3060.699951171875,3061.800048828125,3060.699951171875,3061.800048828125,95.0
2025-03-20 00:14:00+00:00,3060.60009765625,3060.89990234375,3059.5,3060.800048828125,162.0
2025-03-20 00:15:00+00:00,3059.800048828125,3060.800048828125,3059.800048828125,3060.699951171875,58.0
2025-03-20 00:16:00+00:00,3059.5,3060.39990234375,3059.5,3059.800048828125,95.0
2025-03-20 00:17:00+00:00,3059.300048828125,3059.800048828125,3058.89990234375,3059.60009765625,88.0
2025-03-20 00:18:00+00:00,3060.699951171875,3060.89990234375,3059.300048828125,3059.300048828125,95.0
2025-03-20 00:19:00+00:00,3061.199951171875,3061.199951171875,3060.699951171875,3060.699951171875,37.0
2025-03-20 00:20:00+00:00,3061.10009765625,3061.39990234375,3061.0,3061.300048828125,26.0
2025-03-20 00:21:00+00:00,3061.699951171875,3061.800048828125,3061.0,3061.199951171875,48.0
2025-03-20 00:22:00+00:00,3062.0,3062.199951171875,3061.800048828125,3061.800048828125,53.0
2025-03-20 00:23:00+00:00,3062.60009765625,3063.0,3061.800048828125,3061.800048828125,119.0
2025-03-20 00:24:00+00:00,3063.199951171875,3063.60009765625,3062.5,3062.60009765625,122.0
2025-03-20 00:25:00+00:00,3062.5,3063.39990234375,3062.5,3063.199951171875,59.0
2025-03-20 00:26:00+00:00,3061.89990234375,3062.60009765625,3061.800048828125,3062.5,112.0
2025-03-20 00:27:00+00:00,3061.300048828125,3061.89990234375,3060.89990234375,3061.89990234375,80.0
2025-03-20 00:28:00+00:00,3060.89990234375,3061.5,3060.89990234375,3061.300048828125,75.0
2025-03-20 00:29:00+00:00,3061.699951171875,3062.0,3060.89990234375,3060.89990234375,36.0
2025-03-20 00:30:00+00:00,3061.10009765625,3061.89990234375,3061.10009765625,3061.800048828125,50.0
2025-03-20 00:31:00+00:00,3061.199951171875,3061.199951171875,3060.699951171875,3061.10009765625,61.0
2025-03-20 00:32:00+00:00,3060.800048828125,3061.699951171875,3060.800048828125,3061.39990234375,98.0
2025-03-20 00:33:00+00:00,3061.60009765625,3061.60009765625,3060.800048828125,3060.800048828125,30.0
2025-03-20 00:34:00+00:00,3061.10009765625,3061.39990234375,3061.0,3061.300048828125,32.0
2025-03-20 00:35:00+00:00,3061.0,3061.0,3060.5,3060.89990234375,34.0
2025-03-20 00:36:00+00:00,3060.89990234375,3061.300048828125,3060.800048828125,3061.0,48.0
2025-03-20 00:37:00+00:00,3061.0,3061.89990234375,3060.800048828125,3060.800048828125,67.0
2025-03-20 00:38:00+00:00,3060.10009765625,3060.800048828125,3060.10009765625,3060.800048828125,51.0
2025-03-20 00:39:00+00:00,3059.60009765625,3060.300048828125,3059.60009765625,3060.0,82.0
2025-03-20 00:40:00+00:00,3059.5,3060.39990234375,3059.300048828125,3059.5,75.0
2025-03-20 00:41:00+00:00,3060.300048828125,3060.39990234375,3059.699951171875,3059.699951171875,27.0
2025-03-20 00:42:00+00:00,3060.199951171875,3060.60009765625,3059.39990234375,3060.39990234375,102.0
2025-03-20 00:43:00+00:00,3060.5,3061.10009765625,3060.0,3060.5,146.0
2025-03-20 00:44:00+00:00,3060.60009765625,3060.60009765625,3060.0,3060.300048828125,14.0
2025-03-20 00:45:00+00:00,3061.199951171875,3061.39990234375,3060.5,3060.60009765625,42.0
2025-03-20 00:46:00+00:00,3060.699951171875,3062.10009765625,3060.60009765625,3061.199951171875,184.0
2025-03-20 00:47:00+00:00,3060.199951171875,3060.699951171875,3060.0,3060.699951171875,32.0
2025-03-20 00:48:00+00:00,3060.199951171875,3060.300048828125,3060.10009765625,3060.300048828125,117.0
2025-03-20 00:49:00+00:00,3060.60009765625,3060.60009765625,3060.10009765625,3060.10009765625,22.0
2025-03-20 00:50:00+00:00,3059.699951171875,3060.5,3059.699951171875,3060.5,26.0
2025-03-20 00:51:00+00:00,3059.5,3059.800048828125,3059.5,3059.800048828125,17.0
2025-03-20 00:52:00+00:00,3059.800048828125,3060.0,3059.60009765625,3059.60009765625,26.0
2025-03-20 00:53:00+00:00,3061.699951171875,3061.699951171875,3059.800048828125,3060.0,136.0
2025-03-20 00:54:00+00:00,3061.199951171875,3061.5,3061.199951171875,3061.5,17.0
2025-03-20 00:55:00+00:00,3061.199951171875,3061.5,3061.199951171875,3061.199951171875,21.0
2025-03-20 00:56:00+00:00,3061.5,3061.60009765625,3061.0,3061.10009765625,17.0
2025-03-20 00:57:00+00:00,3061.39990234375,3061.800048828125,3061.39990234375,3061.60009765625,23.0
2025-03-20 00:58:00+00:00,3061.10009765625,3061.39990234375,3061.0,3061.39990234375,12.0
2025-03-20 00:59:00+00:00,3061.5,3061.699951171875,3060.699951171875,3061.0,78.0
2025-03-20 01:00:00+00:00,3063.300048828125,3063.5,3061.5,3061.699951171875,296.0
2025-03-20 01:01:00+00:00,3062.89990234375,3064.300048828125,3062.800048828125,3063.199951171875,264.0
2025-03-20 01:02:00+00:00,3063.60009765625,3063.800048828125,3062.199951171875,3062.800048828125,98.0
2025-03-20 01:03:00+00:00,3063.5,3064.10009765625,3063.0,3063.5,152.0
2025-03-20 01:04:00+00:00,3063.10009765625,3063.800048828125,3062.89990234375,3063.300048828125,60.0
2025-03-20 01:05:00+00:00,3062.699951171875,3063.300048828125,3062.0,3063.10009765625,59.0
2025-03-20 01:06:00+00:00,3060.800048828125,3062.699951171875,3060.699951171875,3062.5,95.0
2025-03-20 01:07:00+00:00,3060.39990234375,3060.800048828125,3058.699951171875,3060.800048828125,306.0
2025-03-20 01:08:00+00:00,3060.699951171875,3060.699951171875,3059.800048828125,3060.300048828125,75.0
2025-03-20 01:09:00+00:00,3060.300048828125,3060.800048828125,3060.10009765625,3060.699951171875,58.0
2025-03-20 01:10:00+00:00,3060.199951171875,3060.699951171875,3059.800048828125,3060.199951171875,44.0
2025-03-20 01:11:00+00:00,3060.60009765625,3061.0,3060.0,3060.0,93.0
2025-03-20 01:12:00+00:00,3061.800048828125,3061.89990234375,3060.39990234375,3060.800048828125,69.0
2025-03-20 01:13:00+00:00,3062.699951171875,3062.699951171875,3061.89990234375,3061.89990234375,58.0
2025-03-20 01:14:00+00:00,3063.199951171875,3063.5,3061.800048828125,3062.699951171875,94.0
2025-03-20 01:15:00+00:00,3062.89990234375,3063.800048828125,3061.89990234375,3063.39990234375,146.0
2025-03-20 01:16:00+00:00,3063.0,3063.10009765625,3062.60009765625,3062.699951171875,35.0
2025-03-20 01:17:00+00:00,3063.199951171875,3063.89990234375,3062.699951171875,3063.0,68.0
2025-03-20 01:18:00+00:00,3063.300048828125,3063.89990234375,3062.89990234375,3063.199951171875,46.0
2025-03-20 01:19:00+00:00,3064.199951171875,3064.60009765625,3063.60009765625,3063.60009765625,127.0
2025-03-20 01:20:00+00:00,3064.800048828125,3065.199951171875,3064.10009765625,3064.199951171875,287.0
2025-03-20 01:21:00+00:00,3063.89990234375,3064.699951171875,3063.699951171875,3064.699951171875,74.0
2025-03-20 01:22:00+00:00,3063.0,3064.0,3062.5,3064.0,123.0
2025-03-20 01:23:00+00:00,3063.10009765625,3063.300048828125,3062.800048828125,3062.800048828125,39.0
2025-03-20 01:24:00+00:00,3063.10009765625,3063.60009765625,3062.89990234375,3063.10009765625,51.0
2025-03-20 01:25:00+00:00,3062.5,3063.5,3062.39990234375,3063.300048828125,46.0
2025-03-20 01:26:00+00:00,3062.10009765625,3062.39990234375,3061.89990234375,3062.39990234375,22.0
2025-03-20 01:27:00+00:00,3062.5,3063.0,3061.800048828125,3062.10009765625,39.0
2025-03-20 01:28:00+00:00,3062.199951171875,3063.0,3062.10009765625,3062.300048828125,35.0
2025-03-20 01:29:00+00:00,3062.199951171875,3062.300048828125,3061.800048828125,3062.300048828125,74.0
2025-03-20 01:30:00+00:00,3061.89990234375,3062.699951171875,3061.5,3062.39990234375,66.0
2025-03-20 01:31:00+00:00,3061.89990234375,3062.0,3061.60009765625,3061.89990234375,43.0
2025-03-20 01:32:00+00:00,3062.199951171875,3062.199951171875,3061.60009765625,3061.800048828125,22.0
2025-03-20 01:33:00+00:00,3062.89990234375,3063.0,3062.0,3062.0,58.0
2025-03-20 01:34:00+00:00,3062.699951171875,3062.699951171875,3062.10009765625,3062.699951171875,11.0
2025-03-20 01:35:00+00:00,3062.699951171875,3062.699951171875,3062.300048828125,3062.5,8.0
2025-03-20 01:36:00+00:00,3062.199951171875,3062.5,3061.699951171875,3062.39990234375,45.0
2025-03-20 01:37:00+00:00,3062.800048828125,3062.800048828125,3062.0,3062.199951171875,134.0
2025-03-20 01:38:00+00:00,3062.699951171875,3063.39990234375,3062.699951171875,3062.800048828125,67.0
2025-03-20 01:39:00+00:00,3062.10009765625,3062.699951171875,3061.699951171875,3062.60009765625,95.0
2025-03-20 01:40:00+00:00,3061.89990234375,3062.0,3061.699951171875,3062.0,17.0
2025-03-20 01:41:00+00:00,3061.60009765625,3062.0,3061.39990234375,3061.699951171875,37.0
2025-03-20 01:42:00+00:00,3061.0,3061.800048828125,3060.699951171875,3061.39990234375,49.0
2025-03-20 01:43:00+00:00,3060.5,3060.89990234375,3060.39990234375,3060.89990234375,144.0
2025-03-20 01:44:00+00:00,3060.800048828125,3060.89990234375,3060.10009765625,3060.60009765625,48.0
2025-03-20 01:45:00+00:00,3059.60009765625,3060.800048828125,3059.300048828125,3060.800048828125,140.0
2025-03-20 01:46:00+00:00,3059.800048828125,3059.89990234375,3059.5,3059.89990234375,39.0
2025-03-20 01:47:00+00:00,3060.199951171875,3060.39990234375,3059.300048828125,3059.60009765625,118.0
2025-03-20 01:48:00+00:00,3061.0,3061.199951171875,3060.39990234375,3060.39990234375,129.0
2025-03-20 01:49:00+00:00,3060.800048828125,3061.199951171875,3060.5,3061.199951171875,57.0
2025-03-20 01:50:00+00:00,3060.10009765625,3060.89990234375,3060.10009765625,3060.800048828125,25.0
2025-03-20 01:51:00+00:00,3059.800048828125,3060.300048828125,3059.800048828125,3060.0,30.0
2025-03-20 01:52:00+00:00,3059.300048828125,3059.800048828125,3058.699951171875,3059.800048828125,99.0
2025-03-20 01:53:00+00:00,3059.199951171875,3059.5,3059.199951171875,3059.300048828125,26.0
2025-03-20 01:54:00+00:00,3058.5,3059.300048828125,3058.199951171875,3059.199951171875,90.0
2025-03-20 01:55:00+00:00,3058.60009765625,3058.699951171875,3057.699951171875,3058.39990234375,158.0
2025-03-20 01:56:00+00:00,3058.699951171875,3059.10009765625,3058.39990234375,3058.39990234375,42.0
2025-03-20 01:57:00+00:00,3057.89990234375,3058.699951171875,3057.800048828125,3058.60009765625,67.0
2025-03-20 01:58:00+00:00,3058.10009765625,3058.300048828125,3057.5,3057.89990234375,77.0
2025-03-20 01:59:00+00:00,3057.199951171875,3058.0,3056.89990234375,3058.0,171.0
2025-03-20 02:00:00+00:00,3056.800048828125,3057.89990234375,3056.5,3057.10009765625,141.0
2025-03-20 02:01:00+00:00,3056.89990234375,3057.10009765625,3056.300048828125,3056.699951171875,103.0
2025-03-20 02:02:00+00:00,3057.800048828125,3057.89990234375,3056.5,3056.800048828125,65.0
2025-03-20 02:03:00+00:00,3058.199951171875,3058.199951171875,3057.5,3058.0,43.0
2025-03-20 02:04:00+00:00,3058.699951171875,3059.0,3058.60009765625,3058.60009765625,52.0
2025-03-20 02:05:00+00:00,3058.5,3058.89990234375,3058.39990234375,3058.699951171875,24.0
2025-03-20 02:06:00+00:00,3059.60009765625,3059.60009765625,3058.300048828125,3058.60009765625,51.0
2025-03-20 02:07:00+00:00,3059.199951171875,3059.699951171875,3059.0,3059.60009765625,46.0
2025-03-20 02:08:00+00:00,3059.199951171875,3059.199951171875,3058.800048828125,3059.199951171875,32.0
2025-03-20 02:09:00+00:00,3058.5,3059.10009765625,3058.5,3059.10009765625,17.0
2025-03-20 02:10:00+00:00,3058.10009765625,3059.300048828125,3058.0,3058.39990234375,148.0
2025-03-20 02:11:00+00:00,3058.60009765625,3059.199951171875,3057.89990234375,3058.0,56.0
2025-03-20 02:12:00+00:00,3059.60009765625,3059.699951171875,3058.699951171875,3058.699951171875,78.0
2025-03-20 02:13:00+00:00,3059.60009765625,3060.699951171875,3059.60009765625,3059.699951171875,198.0
2025-03-20 02:14:00+00:00,3059.800048828125,3060.300048828125,3059.60009765625,3059.60009765625,42.0
2025-03-20 02:15:00+00:00,3060.0,3060.5,3059.699951171875,3059.699951171875,59.0
2025-03-20 02:16:00+00:00,3059.5,3059.89990234375,3059.199951171875,3059.89990234375,28.0
2025-03-20 02:17:00+00:00,3059.39990234375,3059.5,3059.199951171875,3059.5,21.0
2025-03-20 02:18:00+00:00,3059.800048828125,3059.800048828125,3059.199951171875,3059.199951171875,17.0
2025-03-20 02:19:00+00:00,3060.0,3060.5,3059.60009765625,3059.800048828125,60.0
2025-03-20 02:20:00+00:00,3060.0,3060.39990234375,3059.89990234375,3059.89990234375,85.0
2025-03-20 02:21:00+00:00,3060.0,3060.199951171875,3059.699951171875,3060.0,33.0
2025-03-20 02:22:00+00:00,3059.60009765625,3059.89990234375,3059.5,3059.89990234375,10.0
2025-03-20 02:23:00+00:00,3059.800048828125,3059.89990234375,3059.10009765625,3059.5,77.0
2025-03-20 02:24:00+00:00,3059.800048828125,3059.89990234375,3059.699951171875,3059.89990234375,13.0
2025-03-20 02:25:00+00:00,3059.800048828125,3060.0,3059.699951171875,3059.800048828125,33.0
2025-03-20 02:26:00+00:00,3059.699951171875,3060.0,3059.699951171875,3059.800048828125,27.0
2025-03-20 02:27:00+00:00,3059.10009765625,3059.800048828125,3059.10009765625,3059.800048828125,23.0
2025-03-20 02:28:00+00:00,3059.0,3059.5,3058.89990234375,3059.0,44.0
2025-03-20 02:29:00+00:00,3058.699951171875,3059.0,3058.300048828125,3058.800048828125,54.0
2025-03-20 02:30:00+00:00,3059.699951171875,3059.699951171875,3058.89990234375,3059.0,66.0
2025-03-20 02:31:00+00:00,3059.300048828125,3059.60009765625,3059.10009765625,3059.60009765625,39.0
2025-03-20 02:32:00+00:00,3058.60009765625,3059.199951171875,3058.5,3059.199951171875,20.0
2025-03-20 02:33:00+00:00,3058.60009765625,3058.89990234375,3058.5,3058.5,10.0
2025-03-20 02:34:00+00:00,3057.800048828125,3058.60009765625,3057.699951171875,3058.60009765625,142.0
2025-03-20 02:35:00+00:00,3057.10009765625,3057.800048828125,3057.10009765625,3057.699951171875,117.0
2025-03-20 02:36:00+00:00,3057.0,3057.199951171875,3056.800048828125,3057.199951171875,40.0
2025-03-20 02:37:00+00:00,3057.199951171875,3057.5,3057.0,3057.0,40.0
2025-03-20 02:38:00+00:00,3056.10009765625,3057.5,3055.699951171875,3057.300048828125,83.0
2025-03-20 02:39:00+00:00,3056.10009765625,3056.10009765625,3055.300048828125,3056.0,112.0
2025-03-20 02:40:00+00:00,3057.10009765625,3057.199951171875,3056.300048828125,3056.300048828125,94.0
2025-03-20 02:41:00+00:00,3057.199951171875,3057.199951171875,3056.60009765625,3057.0,46.0
2025-03-20 02:42:00+00:00,3057.0,3057.199951171875,3056.89990234375,3057.199951171875,19.0
2025-03-20 02:43:00+00:00,3056.300048828125,3056.89990234375,3056.300048828125,3056.89990234375,23.0
2025-03-20 02:44:00+00:00,3055.89990234375,3056.39990234375,3055.89990234375,3056.300048828125,16.0
2025-03-20 02:45:00+00:00,3056.0,3056.199951171875,3055.89990234375,3056.199951171875,14.0
2025-03-20 02:46:00+00:00,3055.89990234375,3056.10009765625,3055.699951171875,3055.89990234375,20.0
2025-03-20 02:47:00+00:00,3055.39990234375,3055.89990234375,3055.199951171875,3055.89990234375,22.0
2025-03-20 02:48:00+00:00,3055.5,3056.10009765625,3055.39990234375,3055.5,43.0
2025-03-20 02:49:00+00:00,3054.800048828125,3055.800048828125,3054.60009765625,3055.300048828125,68.0
2025-03-20 02:50:00+00:00,3054.60009765625,3054.89990234375,3054.10009765625,3054.699951171875,133.0
2025-03-20 02:51:00+00:00,3055.0,3055.300048828125,3054.10009765625,3054.60009765625,133.0
2025-03-20 02:52:00+00:00,3055.199951171875,3055.60009765625,3054.699951171875,3055.0,54.0
2025-03-20 02:53:00+00:00,3054.60009765625,3055.300048828125,3054.0,3055.199951171875,118.0
2025-03-20 02:54:00+00:00,3054.60009765625,3055.199951171875,3054.39990234375,3054.699951171875,66.0
2025-03-20 02:55:00+00:00,3054.60009765625,3055.10009765625,3054.60009765625,3054.800048828125,23.0
2025-03-20 02:56:00+00:00,3054.800048828125,3054.800048828125,3054.300048828125,3054.5,58.0
2025-03-20 02:57:00+00:00,3055.300048828125,3055.39990234375,3054.800048828125,3054.89990234375,86.0
2025-03-20 02:58:00+00:00,3054.300048828125,3055.199951171875,3054.300048828125,3055.199951171875,39.0
2025-03-20 02:59:00+00:00,3054.199951171875,3054.39990234375,3053.699951171875,3054.39990234375,73.0
2025-03-20 03:00:00+00:00,3054.39990234375,3054.800048828125,3054.199951171875,3054.39990234375,73.0
2025-03-20 03:01:00+00:00,3056.0,3056.10009765625,3054.300048828125,3054.300048828125,92.0
2025-03-20 03:02:00+00:00,3055.800048828125,3056.39990234375,3055.199951171875,3055.89990234375,114.0
2025-03-20 03:03:00+00:00,3055.89990234375,3056.0,3055.300048828125,3055.60009765625,72.0
2025-03-20 03:04:00+00:00,3056.0,3056.699951171875,3055.60009765625,3055.800048828125,104.0
2025-03-20 03:05:00+00:00,3055.5,3056.199951171875,3055.199951171875,3056.199951171875,47.0
2025-03-20 03:06:00+00:00,3055.10009765625,3055.5,3055.10009765625,3055.39990234375,31.0
2025-03-20 03:07:00+00:00,3055.199951171875,3055.5,3055.199951171875,3055.199951171875,8.0
2025-03-20 03:08:00+00:00,3055.0,3055.10009765625,3054.699951171875,3055.10009765625,50.0
2025-03-20 03:09:00+00:00,3054.800048828125,3055.10009765625,3054.699951171875,3055.10009765625,22.0
2025-03-20 03:10:00+00:00,3055.60009765625,3055.89990234375,3054.699951171875,3054.699951171875,54.0
2025-03-20 03:11:00+00:00,3056.199951171875,3056.199951171875,3055.699951171875,3055.699951171875,46.0
2025-03-20 03:12:00+00:00,3056.10009765625,3056.10009765625,3055.800048828125,3056.10009765625,27.0
2025-03-20 03:13:00+00:00,3057.10009765625,3057.199951171875,3056.199951171875,3056.300048828125,47.0
2025-03-20 03:14:00+00:00,3057.699951171875,3057.699951171875,3056.89990234375,3057.10009765625,67.0
2025-03-20 03:15:00+00:00,3057.800048828125,3058.39990234375,3057.300048828125,3057.699951171875,176.0
2025-03-20 03:16:00+00:00,3058.10009765625,3058.300048828125,3057.699951171875,3057.800048828125,52.0
2025-03-20 03:17:00+00:00,3057.800048828125,3058.199951171875,3057.800048828125,3058.10009765625,18.0
2025-03-20 03:18:00+00:00,3057.60009765625,3058.0,3057.39990234375,3057.89990234375,29.0
2025-03-20 03:19:00+00:00,3056.800048828125,3057.300048828125,3056.699951171875,3057.300048828125,44.0
2025-03-20 03:20:00+00:00,3056.300048828125,3056.800048828125,3056.0,3056.800048828125,41.0
2025-03-20 03:21:00+00:00,3056.699951171875,3056.699951171875,3056.199951171875,3056.39990234375,19.0
2025-03-20 03:22:00+00:00,3056.699951171875,3057.199951171875,3056.5,3056.800048828125,32.0
2025-03-20 03:23:00+00:00,3057.10009765625,3057.10009765625,3056.39990234375,3056.60009765625,20.0
2025-03-20 03:24:00+00:00,3057.0,3057.39990234375,3057.0,3057.10009765625,35.0
2025-03-20 03:25:00+00:00,3057.89990234375,3057.89990234375,3057.10009765625,3057.10009765625,27.0
2025-03-20 03:26:00+00:00,3057.300048828125,3058.10009765625,3057.300048828125,3058.0,25.0
2025-03-20 03:27:00+00:00,3056.89990234375,3057.5,3056.60009765625,3057.39990234375,114.0
2025-03-20 03:28:00+00:00,3056.89990234375,3057.300048828125,3056.89990234375,3057.0,12.0
2025-03-20 03:29:00+00:00,3057.199951171875,3057.199951171875,3056.89990234375,3057.0,20.0
2025-03-20 03:30:00+00:00,3057.300048828125,3057.699951171875,3057.0,3057.0,18.0
2025-03-20 03:31:00+00:00,3056.800048828125,3057.5,3056.800048828125,3057.39990234375,29.0
2025-03-20 03:32:00+00:00,3056.800048828125,3057.0,3056.5,3057.0,17.0
2025-03-20 03:33:00+00:00,3057.300048828125,3057.5,3056.5,3056.60009765625,47.0
2025-03-20 03:34:00+00:00,3058.39990234375,3058.39990234375,3057.60009765625,3057.60009765625,40.0
2025-03-20 03:35:00+00:00,3058.10009765625,3058.39990234375,3057.800048828125,3058.300048828125,19.0
2025-03-20 03:36:00+00:00,3057.0,3057.800048828125,3057.0,3057.800048828125,23.0
2025-03-20 03:37:00+00:00,3057.10009765625,3057.39990234375,3057.0,3057.10009765625,17.0
2025-03-20 03:38:00+00:00,3057.39990234375,3057.699951171875,3057.199951171875,3057.199951171875,37.0
2025-03-20 03:39:00+00:00,3056.60009765625,3057.300048828125,3056.60009765625,3057.300048828125,19.0
2025-03-20 03:40:00+00:00,3056.800048828125,3057.0,3056.60009765625,3056.699951171875,28.0
2025-03-20 03:41:00+00:00,3056.60009765625,3056.800048828125,3056.300048828125,3056.800048828125,35.0
2025-03-20 03:42:00+00:00,3057.0,3057.0,3056.60009765625,3056.699951171875,9.0
2025-03-20 03:43:00+00:00,3056.60009765625,3056.800048828125,3056.60009765625,3056.60009765625,6.0
2025-03-20 03:44:00+00:00,3056.10009765625,3056.5,3056.10009765625,3056.39990234375,13.0
2025-03-20 03:45:00+00:00,3056.5,3056.5,3056.0,3056.10009765625,22.0
2025-03-20 03:46:00+00:00,3056.0,3056.5,3056.0,3056.5,5.0
2025-03-20 03:47:00+00:00,3055.89990234375,3056.199951171875,3055.89990234375,3056.0,22.0
2025-03-20 03:48:00+00:00,3056.699951171875,3056.699951171875,3056.0,3056.0,11.0
2025-03-20 03:49:00+00:00,3056.800048828125,3056.800048828125,3056.39990234375,3056.5,25.0
2025-03-20 03:50:00+00:00,3057.0,3057.10009765625,3056.699951171875,3056.699951171875,18.0
2025-03-20 03:51:00+00:00,3057.39990234375,3057.39990234375,3057.10009765625,3057.10009765625,15.0
2025-03-20 03:52:00+00:00,3057.800048828125,3057.800048828125,3057.39990234375,3057.39990234375,24.0
2025-03-20 03:53:00+00:00,3057.800048828125,3058.0,3057.800048828125,3057.89990234375,8.0
2025-03-20 03:54:00+00:00,3057.800048828125,3057.89990234375,3057.699951171875,3057.699951171875,7.0
2025-03-20 03:55:00+00:00,3057.39990234375,3058.0,3057.199951171875,3057.89990234375,91.0
2025-03-20 03:56:00+00:00,3058.10009765625,3058.199951171875,3057.60009765625,3057.60009765625,19.0
2025-03-20 03:57:00+00:00,3058.10009765625,3058.5,3057.60009765625,3058.300048828125,55.0
2025-03-20 03:58:00+00:00,3057.89990234375,3058.199951171875,3057.800048828125,3058.199951171875,15.0
2025-03-20 04:00:00+00:00,3057.800048828125,3058.10009765625,3057.60009765625,3057.89990234375,25.0
2025-03-20 04:01:00+00:00,3057.800048828125,3058.0,3057.699951171875,3057.699951171875,26.0
2025-03-20 04:02:00+00:00,3057.5,3057.89990234375,3057.5,3057.89990234375,5.0
2025-03-20 04:03:00+00:00,3057.60009765625,3057.699951171875,3057.5,3057.60009765625,18.0
2025-03-20 04:04:00+00:00,3057.0,3057.39990234375,3056.800048828125,3057.39990234375,43.0
2025-03-20 04:05:00+00:00,3056.199951171875,3056.89990234375,3056.199951171875,3056.800048828125,21.0
2025-03-20 04:06:00+00:00,3057.0,3057.10009765625,3056.39990234375,3056.5,29.0
2025-03-20 04:07:00+00:00,3057.60009765625,3057.60009765625,3057.10009765625,3057.10009765625,8.0
2025-03-20 04:08:00+00:00,3057.5,3057.5,3057.39990234375,3057.39990234375,5.0
2025-03-20 04:09:00+00:00,3057.60009765625,3057.699951171875,3057.60009765625,3057.699951171875,5.0
2025-03-20 04:10:00+00:00,3057.800048828125,3057.800048828125,3057.5,3057.699951171875,12.0
2025-03-20 04:11:00+00:00,3058.0,3058.0,3057.89990234375,3057.89990234375,12.0
2025-03-20 04:12:00+00:00,3057.800048828125,3058.10009765625,3057.699951171875,3058.10009765625,33.0
2025-03-20 04:13:00+00:00,3058.0,3058.0,3057.800048828125,3057.800048828125,7.0
2025-03-20 04:14:00+00:00,3058.0,3058.0,3057.89990234375,3058.0,8.0
2025-03-20 04:15:00+00:00,3057.89990234375,3058.199951171875,3057.60009765625,3058.10009765625,24.0
2025-03-20 04:16:00+00:00,3057.89990234375,3057.89990234375,3057.800048828125,3057.89990234375,10.0
2025-03-20 04:17:00+00:00,3057.89990234375,3057.89990234375,3057.699951171875,3057.800048828125,15.0
2025-03-20 04:18:00+00:00,3057.800048828125,3057.89990234375,3057.699951171875,3057.89990234375,16.0
2025-03-20 04:19:00+00:00,3058.199951171875,3058.199951171875,3057.699951171875,3057.699951171875,21.0
2025-03-20 04:20:00+00:00,3058.199951171875,3058.300048828125,3058.199951171875,3058.300048828125,13.0
2025-03-20 04:21:00+00:00,3059.300048828125,3059.60009765625,3058.300048828125,3058.300048828125,186.0
2025-03-20 04:22:00+00:00,3060.5,3060.60009765625,3059.300048828125,3059.300048828125,348.0
2025-03-20 04:23:00+00:00,3060.300048828125,3060.5,3060.0,3060.5,40.0
2025-03-20 04:24:00+00:00,3060.39990234375,3060.60009765625,3060.300048828125,3060.39990234375,27.0
2025-03-20 04:25:00+00:00,3060.699951171875,3060.89990234375,3060.199951171875,3060.300048828125,48.0
2025-03-20 04:26:00+00:00,3061.199951171875,3061.5,3060.60009765625,3060.60009765625,163.0
2025-03-20 04:27:00+00:00,3061.0,3061.39990234375,3060.89990234375,3061.199951171875,59.0
2025-03-20 04:28:00+00:00,3061.699951171875,3062.0,3060.89990234375,3060.89990234375,99.0
2025-03-20 04:29:00+00:00,3062.199951171875,3062.300048828125,3061.39990234375,3061.60009765625,87.0
2025-03-20 04:30:00+00:00,3062.60009765625,3062.60009765625,3062.0,3062.10009765625,50.0
2025-03-20 04:31:00+00:00,3063.800048828125,3064.300048828125,3062.39990234375,3062.5,437.0
2025-03-20 04:32:00+00:00,3063.5,3063.89990234375,3063.199951171875,3063.800048828125,99.0
2025-03-20 04:33:00+00:00,3063.39990234375,3063.699951171875,3063.10009765625,3063.5,81.0
2025-03-20 04:34:00+00:00,3064.0,3064.0,3063.199951171875,3063.300048828125,96.0
2025-03-20 04:35:00+00:00,3064.60009765625,3064.89990234375,3063.699951171875,3064.10009765625,161.0
2025-03-20 04:36:00+00:00,3064.39990234375,3064.699951171875,3064.199951171875,3064.60009765625,77.0
2025-03-20 04:37:00+00:00,3063.699951171875,3064.199951171875,3062.89990234375,3064.199951171875,140.0
2025-03-20 04:38:00+00:00,3064.10009765625,3064.300048828125,3063.39990234375,3063.60009765625,67.0
2025-03-20 04:39:00+00:00,3063.89990234375,3064.5,3063.89990234375,3064.10009765625,57.0
2025-03-20 04:40:00+00:00,3063.89990234375,3064.199951171875,3063.800048828125,3064.10009765625,45.0
2025-03-20 04:41:00+00:00,3064.5,3064.5,3063.800048828125,3063.800048828125,64.0
2025-03-20 04:42:00+00:00,3064.10009765625,3064.699951171875,3063.60009765625,3064.5,155.0
2025-03-20 04:43:00+00:00,3063.89990234375,3064.300048828125,3063.60009765625,3064.10009765625,102.0
2025-03-20 04:44:00+00:00,3064.60009765625,3064.89990234375,3063.89990234375,3063.89990234375,75.0
2025-03-20 04:45:00+00:00,3064.199951171875,3065.199951171875,3064.10009765625,3064.5,233.0
2025-03-20 04:46:00+00:00,3063.5,3064.89990234375,3063.39990234375,3064.10009765625,166.0
2025-03-20 04:47:00+00:00,3063.60009765625,3063.800048828125,3063.300048828125,3063.5,30.0
2025-03-20 04:48:00+00:00,3063.800048828125,3063.89990234375,3063.300048828125,3063.5,42.0
2025-03-20 04:49:00+00:00,3064.0,3064.0,3063.699951171875,3063.89990234375,16.0
2025-03-20 04:50:00+00:00,3063.60009765625,3064.300048828125,3063.60009765625,3063.89990234375,63.0
2025-03-20 04:51:00+00:00,3063.10009765625,3063.800048828125,3062.800048828125,3063.800048828125,127.0
2025-03-20 04:52:00+00:00,3062.800048828125,3063.10009765625,3062.300048828125,3063.0,83.0
2025-03-20 04:53:00+00:00,3062.60009765625,3062.800048828125,3062.5,3062.699951171875,32.0
2025-03-20 04:54:00+00:00,3062.5,3062.800048828125,3062.39990234375,3062.699951171875,24.0
2025-03-20 04:55:00+00:00,3062.39990234375,3062.5,3062.199951171875,3062.39990234375,55.0
2025-03-20 04:56:00+00:00,3061.0,3062.5,3060.60009765625,3062.5,179.0
2025-03-20 04:57:00+00:00,3060.39990234375,3061.89990234375,3060.39990234375,3061.0,109.0
2025-03-20 04:58:00+00:00,3060.300048828125,3061.5,3060.300048828125,3060.60009765625,107.0
2025-03-20 04:59:00+00:00,3060.300048828125,3060.5,3059.60009765625,3060.199951171875,212.0
2025-03-20 05:00:00+00:00,3059.5,3060.39990234375,3059.300048828125,3060.300048828125,121.0
2025-03-20 05:01:00+00:00,3060.10009765625,3060.199951171875,3059.39990234375,3059.60009765625,40.0
2025-03-20 05:02:00+00:00,3060.60009765625,3060.89990234375,3060.10009765625,3060.10009765625,68.0
2025-03-20 05:03:00+00:00,3059.60009765625,3060.39990234375,3059.199951171875,3060.39990234375,55.0
2025-03-20 05:04:00+00:00,3060.199951171875,3060.199951171875,3059.800048828125,3059.800048828125,25.0
2025-03-20 05:05:00+00:00,3059.10009765625,3059.89990234375,3059.0,3059.89990234375,52.0
2025-03-20 05:06:00+00:00,3058.89990234375,3059.39990234375,3058.699951171875,3059.10009765625,66.0
2025-03-20 05:07:00+00:00,3058.89990234375,3059.10009765625,3058.39990234375,3058.699951171875,72.0
2025-03-20 05:08:00+00:00,3058.800048828125,3059.10009765625,3058.60009765625,3059.0,28.0
2025-03-20 05:09:00+00:00,3060.0,3060.10009765625,3059.199951171875,3059.199951171875,50.0
2025-03-20 05:10:00+00:00,3060.300048828125,3060.300048828125,3059.800048828125,3060.10009765625,54.0
2025-03-20 05:11:00+00:00,3059.89990234375,3060.39990234375,3059.800048828125,3060.10009765625,32.0
2025-03-20 05:12:00+00:00,3060.0,3060.0,3059.60009765625,3059.89990234375,32.0
2025-03-20 05:13:00+00:00,3060.39990234375,3060.5,3060.0,3060.10009765625,80.0
2025-03-20 05:14:00+00:00,3060.60009765625,3061.10009765625,3060.199951171875,3060.39990234375,190.0
2025-03-20 05:15:00+00:00,3060.300048828125,3061.300048828125,3060.10009765625,3060.39990234375,629.0
2025-03-20 05:16:00+00:00,3061.300048828125,3061.300048828125,3060.199951171875,3060.300048828125,197.0
2025-03-20 05:17:00+00:00,3061.800048828125,3062.10009765625,3061.199951171875,3061.199951171875,245.0
2025-03-20 05:18:00+00:00,3060.800048828125,3062.10009765625,3060.699951171875,3061.800048828125,160.0
2025-03-20 05:19:00+00:00,3060.10009765625,3060.800048828125,3059.89990234375,3060.699951171875,75.0
2025-03-20 05:20:00+00:00,3059.5,3060.10009765625,3059.5,3059.89990234375,30.0
2025-03-20 05:21:00+00:00,3059.699951171875,3059.699951171875,3059.0,3059.300048828125,46.0
2025-03-20 05:22:00+00:00,3059.10009765625,3059.60009765625,3059.0,3059.39990234375,42.0
2025-03-20 05:23:00+00:00,3058.5,3059.199951171875,3058.5,3059.10009765625,47.0
2025-03-20 05:24:00+00:00,3057.800048828125,3058.39990234375,3057.60009765625,3058.39990234375,133.0
2025-03-20 05:25:00+00:00,3057.39990234375,3057.699951171875,3057.0,3057.60009765625,130.0
2025-03-20 05:26:00+00:00,3056.89990234375,3057.60009765625,3056.800048828125,3057.39990234375,87.0
2025-03-20 05:27:00+00:00,3055.89990234375,3056.89990234375,3055.800048828125,3056.800048828125,105.0
2025-03-20 05:28:00+00:00,3055.800048828125,3056.199951171875,3055.199951171875,3055.800048828125,290.0
2025-03-20 05:29:00+00:00,3056.89990234375,3057.199951171875,3055.5,3055.800048828125,266.0
2025-03-20 05:30:00+00:00,3056.60009765625,3056.800048828125,3056.0,3056.800048828125,103.0
2025-03-20 05:31:00+00:00,3056.0,3056.60009765625,3055.199951171875,3056.5,100.0
2025-03-20 05:32:00+00:00,3055.60009765625,3056.199951171875,3055.60009765625,3055.800048828125,21.0
2025-03-20 05:33:00+00:00,3055.0,3055.699951171875,3054.5,3055.5,213.0
2025-03-20 05:34:00+00:00,3055.39990234375,3055.5,3054.89990234375,3054.89990234375,47.0
2025-03-20 05:35:00+00:00,3054.800048828125,3055.5,3054.10009765625,3055.5,99.0
2025-03-20 05:36:00+00:00,3054.5,3054.89990234375,3054.10009765625,3054.89990234375,55.0
2025-03-20 05:37:00+00:00,3054.10009765625,3054.5,3054.10009765625,3054.39990234375,30.0
2025-03-20 05:38:00+00:00,3054.699951171875,3054.699951171875,3054.10009765625,3054.199951171875,32.0
2025-03-20 05:39:00+00:00,3054.60009765625,3054.89990234375,3054.300048828125,3054.699951171875,38.0
2025-03-20 05:40:00+00:00,3054.0,3054.5,3053.89990234375,3054.5,68.0
2025-03-20 05:41:00+00:00,3053.800048828125,3054.10009765625,3053.199951171875,3053.89990234375,141.0
2025-03-20 05:42:00+00:00,3053.89990234375,3054.199951171875,3053.5,3053.89990234375,63.0
2025-03-20 05:43:00+00:00,3054.60009765625,3055.199951171875,3054.10009765625,3054.10009765625,102.0
2025-03-20 05:44:00+00:00,3055.300048828125,3055.39990234375,3054.800048828125,3054.89990234375,55.0
2025-03-20 05:45:00+00:00,3055.10009765625,3055.800048828125,3054.800048828125,3055.300048828125,82.0
2025-03-20 05:46:00+00:00,3055.10009765625,3055.800048828125,3055.10009765625,3055.199951171875,46.0
2025-03-20 05:47:00+00:00,3055.10009765625,3055.39990234375,3054.800048828125,3055.39990234375,39.0
2025-03-20 05:48:00+00:00,3055.300048828125,3055.5,3054.800048828125,3055.0,46.0
2025-03-20 05:49:00+00:00,3054.89990234375,3055.39990234375,3054.800048828125,3055.199951171875,63.0
2025-03-20 05:50:00+00:00,3054.60009765625,3055.0,3054.0,3054.800048828125,82.0
2025-03-20 05:51:00+00:00,3053.89990234375,3054.800048828125,3053.800048828125,3054.699951171875,46.0
2025-03-20 05:52:00+00:00,3054.300048828125,3054.300048828125,3053.699951171875,3054.0,55.0
2025-03-20 05:53:00+00:00,3053.60009765625,3054.10009765625,3053.39990234375,3054.10009765625,52.0
2025-03-20 05:54:00+00:00,3054.5,3054.5,3053.60009765625,3053.60009765625,34.0
2025-03-20 05:55:00+00:00,3054.5,3054.89990234375,3054.39990234375,3054.39990234375,75.0
2025-03-20 05:56:00+00:00,3054.699951171875,3054.699951171875,3054.10009765625,3054.5,42.0
2025-03-20 05:57:00+00:00,3055.39990234375,3055.60009765625,3054.800048828125,3054.800048828125,29.0
2025-03-20 05:58:00+00:00,3055.300048828125,3055.5,3055.300048828125,3055.5,27.0
2025-03-20 05:59:00+00:00,3055.300048828125,3055.5,3055.199951171875,3055.199951171875,9.0
2025-03-20 06:00:00+00:00,3055.60009765625,3055.89990234375,3055.199951171875,3055.300048828125,29.0
2025-03-20 06:01:00+00:00,3054.800048828125,3055.60009765625,3054.800048828125,3055.5,39.0
2025-03-20 06:02:00+00:00,3054.5,3054.89990234375,3054.300048828125,3054.800048828125,33.0
2025-03-20 06:03:00+00:00,3054.800048828125,3054.800048828125,3054.10009765625,3054.300048828125,21.0
2025-03-20 06:04:00+00:00,3055.10009765625,3055.10009765625,3054.5,3054.699951171875,25.0
2025-03-20 06:05:00+00:00,3055.300048828125,3055.5,3055.199951171875,3055.199951171875,14.0
2025-03-20 06:06:00+00:00,3057.10009765625,3057.699951171875,3055.300048828125,3055.39990234375,203.0
2025-03-20 06:07:00+00:00,3057.10009765625,3057.39990234375,3056.699951171875,3057.0,138.0
2025-03-20 06:08:00+00:00,3057.0,3057.300048828125,3056.60009765625,3056.89990234375,51.0
2025-03-20 06:09:00+00:00,3057.300048828125,3057.300048828125,3056.89990234375,3056.89990234375,13.0
2025-03-20 06:10:00+00:00,3057.800048828125,3057.800048828125,3057.300048828125,3057.300048828125,48.0
2025-03-20 06:11:00+00:00,3057.5,3057.89990234375,3057.300048828125,3057.699951171875,76.0
2025-03-20 06:12:00+00:00,3057.10009765625,3057.699951171875,3056.800048828125,3057.60009765625,40.0
2025-03-20 06:13:00+00:00,3057.39990234375,3057.39990234375,3057.0,3057.0,34.0
2025-03-20 06:14:00+00:00,3057.39990234375,3057.699951171875,3057.300048828125,3057.5,32.0
2025-03-20 06:15:00+00:00,3057.0,3057.39990234375,3056.89990234375,3057.300048828125,22.0
2025-03-20 06:16:00+00:00,3057.0,3057.5,3056.89990234375,3057.10009765625,53.0
2025-03-20 06:17:00+00:00,3057.199951171875,3057.60009765625,3056.89990234375,3056.89990234375,32.0
2025-03-20 06:18:00+00:00,3057.300048828125,3057.39990234375,3057.0,3057.0,10.0
2025-03-20 06:19:00+00:00,3057.5,3057.89990234375,3057.39990234375,3057.39990234375,70.0
2025-03-20 06:20:00+00:00,3056.89990234375,3057.300048828125,3056.800048828125,3057.300048828125,34.0
2025-03-20 06:21:00+00:00,3057.699951171875,3057.699951171875,3056.699951171875,3056.89990234375,72.0
2025-03-20 06:22:00+00:00,3058.39990234375,3059.0,3057.800048828125,3057.800048828125,345.0
2025-03-20 06:23:00+00:00,3058.60009765625,3058.699951171875,3058.300048828125,3058.39990234375,145.0
2025-03-20 06:24:00+00:00,3058.5,3059.10009765625,3058.300048828125,3058.699951171875,116.0
2025-03-20 06:25:00+00:00,3058.5,3059.199951171875,3058.39990234375,3058.39990234375,85.0
2025-03-20 06:26:00+00:00,3057.699951171875,3058.5,3057.39990234375,3058.5,90.0
2025-03-20 06:27:00+00:00,3056.60009765625,3058.199951171875,3056.39990234375,3057.60009765625,119.0
2025-03-20 06:28:00+00:00,3057.5,3057.60009765625,3056.39990234375,3056.5,84.0
2025-03-20 06:29:00+00:00,3057.10009765625,3057.800048828125,3057.10009765625,3057.300048828125,86.0
2025-03-20 06:30:00+00:00,3056.800048828125,3057.10009765625,3056.39990234375,3057.0,96.0
2025-03-20 06:31:00+00:00,3056.10009765625,3056.699951171875,3055.89990234375,3056.699951171875,110.0
2025-03-20 06:32:00+00:00,3055.5,3056.300048828125,3055.39990234375,3056.199951171875,411.0
2025-03-20 06:33:00+00:00,3056.0,3056.199951171875,3055.300048828125,3055.300048828125,96.0
2025-03-20 06:34:00+00:00,3055.60009765625,3056.0,3055.39990234375,3055.89990234375,44.0
2025-03-20 06:35:00+00:00,3054.5,3055.60009765625,3054.5,3055.60009765625,208.0
2025-03-20 06:36:00+00:00,3053.699951171875,3054.60009765625,3053.300048828125,3054.60009765625,216.0
2025-03-20 06:37:00+00:00,3053.699951171875,3054.39990234375,3053.39990234375,3053.699951171875,337.0
2025-03-20 06:38:00+00:00,3054.699951171875,3054.800048828125,3053.60009765625,3053.699951171875,299.0
2025-03-20 06:39:00+00:00,3055.300048828125,3055.300048828125,3054.800048828125,3054.800048828125,57.0
2025-03-20 06:40:00+00:00,3055.89990234375,3056.0,3054.800048828125,3055.199951171875,196.0
2025-03-20 06:41:00+00:00,3055.699951171875,3056.0,3055.199951171875,3056.0,62.0
2025-03-20 06:42:00+00:00,3056.60009765625,3057.60009765625,3055.699951171875,3055.800048828125,176.0
2025-03-20 06:43:00+00:00,3056.89990234375,3057.300048828125,3056.300048828125,3056.699951171875,109.0
2025-03-20 06:44:00+00:00,3057.10009765625,3057.300048828125,3056.800048828125,3057.10009765625,44.0
2025-03-20 06:45:00+00:00,3056.60009765625,3057.5,3056.60009765625,3056.89990234375,74.0
2025-03-20 06:46:00+00:00,3056.0,3056.5,3056.0,3056.39990234375,63.0
2025-03-20 06:47:00+00:00,3056.10009765625,3056.5,3056.0,3056.10009765625,54.0
2025-03-20 06:48:00+00:00,3056.800048828125,3057.0,3055.89990234375,3055.89990234375,65.0
2025-03-20 06:49:00+00:00,3056.199951171875,3056.89990234375,3056.10009765625,3056.800048828125,24.0
2025-03-20 06:50:00+00:00,3055.89990234375,3056.300048828125,3055.800048828125,3056.300048828125,54.0
2025-03-20 06:51:00+00:00,3056.199951171875,3056.60009765625,3055.800048828125,3055.800048828125,55.0
2025-03-20 06:52:00+00:00,3056.10009765625,3056.39990234375,3056.0,3056.10009765625,19.0
2025-03-20 06:53:00+00:00,3056.10009765625,3056.300048828125,3056.0,3056.300048828125,6.0
2025-03-20 06:54:00+00:00,3056.699951171875,3056.699951171875,3056.0,3056.10009765625,12.0
2025-03-20 06:55:00+00:00,3056.89990234375,3056.89990234375,3056.39990234375,3056.5,30.0
2025-03-20 06:56:00+00:00,3056.10009765625,3056.60009765625,3056.10009765625,3056.60009765625,26.0
2025-03-20 06:57:00+00:00,3056.199951171875,3056.300048828125,3055.89990234375,3056.199951171875,32.0
2025-03-20 06:58:00+00:00,3056.10009765625,3056.10009765625,3055.699951171875,3056.0,33.0
2025-03-20 06:59:00+00:00,3055.800048828125,3056.0,3055.300048828125,3055.699951171875,100.0
2025-03-20 07:00:00+00:00,3054.199951171875,3055.89990234375,3054.0,3055.89990234375,134.0
2025-03-20 07:01:00+00:00,3051.89990234375,3054.300048828125,3051.699951171875,3054.300048828125,526.0
2025-03-20 07:02:00+00:00,3052.89990234375,3054.199951171875,3052.10009765625,3052.10009765625,447.0
2025-03-20 07:03:00+00:00,3053.10009765625,3053.60009765625,3052.60009765625,3052.699951171875,133.0
2025-03-20 07:04:00+00:00,3053.60009765625,3053.89990234375,3052.699951171875,3053.10009765625,143.0
2025-03-20 07:05:00+00:00,3054.10009765625,3054.5,3053.199951171875,3053.5,193.0
2025-03-20 07:06:00+00:00,3053.60009765625,3054.60009765625,3053.5,3054.199951171875,69.0
2025-03-20 07:07:00+00:00,3053.300048828125,3053.5,3052.39990234375,3053.5,76.0
2025-03-20 07:08:00+00:00,3053.39990234375,3053.60009765625,3053.0,3053.300048828125,127.0
2025-03-20 07:09:00+00:00,3053.60009765625,3053.699951171875,3053.10009765625,3053.39990234375,39.0
2025-03-20 07:10:00+00:00,3053.5,3053.89990234375,3053.300048828125,3053.39990234375,95.0
2025-03-20 07:11:00+00:00,3053.5,3053.800048828125,3053.10009765625,3053.300048828125,51.0
2025-03-20 07:12:00+00:00,3052.800048828125,3053.5,3052.699951171875,3053.39990234375,56.0
2025-03-20 07:13:00+00:00,3052.5,3053.0,3052.300048828125,3052.89990234375,75.0
2025-03-20 07:14:00+00:00,3053.10009765625,3053.300048828125,3052.5,3052.60009765625,75.0
2025-03-20 07:15:00+00:00,3052.5,3053.300048828125,3052.300048828125,3053.0,64.0
2025-03-20 07:16:00+00:00,3052.39990234375,3052.89990234375,3052.300048828125,3052.5,91.0
2025-03-20 07:17:00+00:00,3053.0,3053.0,3052.5,3052.60009765625,62.0
2025-03-20 07:18:00+00:00,3053.0,3053.300048828125,3052.89990234375,3053.0,77.0
2025-03-20 07:19:00+00:00,3053.0,3053.300048828125,3052.699951171875,3053.10009765625,255.0
2025-03-20 07:20:00+00:00,3052.39990234375,3053.0,3052.300048828125,3052.800048828125,85.0
2025-03-20 07:21:00+00:00,3052.0,3052.199951171875,3051.5,3052.199951171875,139.0
2025-03-20 07:22:00+00:00,3052.800048828125,3052.89990234375,3052.0,3052.10009765625,57.0
2025-03-20 07:23:00+00:00,3053.800048828125,3054.10009765625,3052.699951171875,3052.800048828125,207.0
2025-03-20 07:24:00+00:00,3053.60009765625,3054.0,3053.5,3053.800048828125,35.0
2025-03-20 07:25:00+00:00,3054.300048828125,3054.39990234375,3053.60009765625,3053.60009765625,71.0
2025-03-20 07:26:00+00:00,3053.89990234375,3054.199951171875,3053.5,3054.10009765625,29.0
2025-03-20 07:27:00+00:00,3053.800048828125,3054.199951171875,3053.39990234375,3053.89990234375,110.0
2025-03-20 07:28:00+00:00,3053.10009765625,3054.0,3052.89990234375,3053.89990234375,80.0
2025-03-20 07:29:00+00:00,3054.10009765625,3054.300048828125,3053.0,3053.10009765625,86.0
2025-03-20 07:30:00+00:00,3054.10009765625,3054.10009765625,3054.0,3054.0,4.0
2025-03-20 07:40:00+00:00,3052.60009765625,3052.800048828125,3052.10009765625,3052.199951171875,723.0
2025-03-20 07:41:00+00:00,3052.300048828125,3053.199951171875,3052.300048828125,3052.699951171875,52.0
2025-03-20 07:42:00+00:00,3052.300048828125,3052.39990234375,3051.89990234375,3052.300048828125,72.0
2025-03-20 07:43:00+00:00,3051.800048828125,3052.60009765625,3051.800048828125,3052.39990234375,79.0
2025-03-20 07:44:00+00:00,3051.89990234375,3051.89990234375,3051.39990234375,3051.60009765625,112.0
2025-03-20 07:45:00+00:00,3051.0,3051.89990234375,3050.699951171875,3051.699951171875,155.0
2025-03-20 07:46:00+00:00,3050.5,3051.0,3049.800048828125,3051.0,231.0
2025-03-20 07:47:00+00:00,3050.60009765625,3050.60009765625,3048.89990234375,3050.39990234375,350.0
2025-03-20 07:48:00+00:00,3050.89990234375,3050.89990234375,3050.39990234375,3050.699951171875,93.0
2025-03-20 07:49:00+00:00,3050.0,3050.89990234375,3049.89990234375,3050.89990234375,120.0
2025-03-20 07:50:00+00:00,3050.699951171875,3050.89990234375,3049.699951171875,3049.89990234375,109.0
2025-03-20 07:51:00+00:00,3050.39990234375,3051.0,3050.199951171875,3050.60009765625,70.0
2025-03-20 07:52:00+00:00,3050.60009765625,3051.199951171875,3050.60009765625,3050.89990234375,52.0
2025-03-20 07:53:00+00:00,3050.0,3051.10009765625,3049.800048828125,3050.60009765625,193.0
2025-03-20 07:54:00+00:00,3049.89990234375,3050.10009765625,3049.60009765625,3049.800048828125,43.0
2025-03-20 07:55:00+00:00,3048.89990234375,3049.800048828125,3048.800048828125,3049.60009765625,135.0
2025-03-20 07:56:00+00:00,3049.0,3049.300048828125,3048.60009765625,3048.800048828125,67.0
2025-03-20 07:57:00+00:00,3049.300048828125,3049.300048828125,3048.60009765625,3049.10009765625,58.0
2025-03-20 07:58:00+00:00,3049.89990234375,3050.0,3049.10009765625,3049.199951171875,131.0
2025-03-20 07:59:00+00:00,3049.0,3049.800048828125,3049.0,3049.800048828125,45.0
2025-03-20 08:00:00+00:00,3050.39990234375,3050.39990234375,3048.89990234375,3049.300048828125,86.0
2025-03-20 08:01:00+00:00,3050.39990234375,3050.800048828125,3050.199951171875,3050.199951171875,79.0
2025-03-20 08:02:00+00:00,3051.0,3051.0,3050.300048828125,3050.39990234375,59.0
2025-03-20 08:03:00+00:00,3049.0,3050.800048828125,3049.0,3050.699951171875,73.0
2025-03-20 08:04:00+00:00,3049.39990234375,3049.699951171875,3048.699951171875,3048.800048828125,54.0
2025-03-20 08:05:00+00:00,3049.300048828125,3049.5,3048.39990234375,3049.5,86.0
2025-03-20 08:06:00+00:00,3049.5,3049.5,3049.0,3049.0,40.0
2025-03-20 08:07:00+00:00,3048.89990234375,3049.60009765625,3048.800048828125,3049.60009765625,92.0
2025-03-20 08:08:00+00:00,3049.300048828125,3049.5,3049.0,3049.0,55.0
2025-03-20 08:09:00+00:00,3048.39990234375,3049.199951171875,3048.300048828125,3049.10009765625,146.0
2025-03-20 08:10:00+00:00,3049.10009765625,3049.300048828125,3048.10009765625,3048.39990234375,94.0
2025-03-20 08:11:00+00:00,3050.300048828125,3050.39990234375,3049.199951171875,3049.199951171875,69.0
2025-03-20 08:12:00+00:00,3049.199951171875,3050.60009765625,3049.0,3050.300048828125,115.0
2025-03-20 08:13:00+00:00,3049.199951171875,3049.300048828125,3049.10009765625,3049.300048828125,36.0
2025-03-20 08:14:00+00:00,3049.800048828125,3049.89990234375,3049.10009765625,3049.39990234375,93.0
2025-03-20 08:15:00+00:00,3048.199951171875,3050.0,3048.199951171875,3049.800048828125,111.0
2025-03-20 08:16:00+00:00,3048.39990234375,3048.5,3048.10009765625,3048.199951171875,87.0
2025-03-20 08:17:00+00:00,3048.39990234375,3048.699951171875,3048.199951171875,3048.199951171875,32.0
2025-03-20 08:18:00+00:00,3048.5,3048.60009765625,3048.0,3048.199951171875,53.0
2025-03-20 08:19:00+00:00,3048.5,3048.60009765625,3048.199951171875,3048.39990234375,67.0
2025-03-20 08:20:00+00:00,3048.5,3048.699951171875,3048.199951171875,3048.39990234375,34.0
2025-03-20 08:21:00+00:00,3048.300048828125,3048.800048828125,3048.0,3048.39990234375,50.0
2025-03-20 08:22:00+00:00,3047.89990234375,3048.39990234375,3047.800048828125,3048.10009765625,101.0
2025-03-20 08:23:00+00:00,3048.199951171875,3048.199951171875,3047.699951171875,3047.699951171875,39.0
2025-03-20 08:24:00+00:00,3047.10009765625,3048.199951171875,3047.0,3048.199951171875,89.0
2025-03-20 08:25:00+00:00,3046.5,3047.300048828125,3046.199951171875,3047.10009765625,140.0
2025-03-20 08:26:00+00:00,3046.199951171875,3047.10009765625,3045.89990234375,3046.5,113.0
2025-03-20 08:27:00+00:00,3046.60009765625,3046.89990234375,3045.5,3046.10009765625,189.0
2025-03-20 08:28:00+00:00,3047.699951171875,3047.800048828125,3046.300048828125,3046.5,144.0
2025-03-20 08:29:00+00:00,3047.199951171875,3047.800048828125,3047.0,3047.699951171875,59.0
2025-03-20 08:30:00+00:00,3048.300048828125,3048.300048828125,3047.0,3047.10009765625,77.0
2025-03-20 08:31:00+00:00,3048.39990234375,3048.699951171875,3048.199951171875,3048.199951171875,110.0
2025-03-20 08:32:00+00:00,3048.199951171875,3048.5,3048.10009765625,3048.39990234375,39.0
2025-03-20 08:33:00+00:00,3049.10009765625,3049.199951171875,3047.89990234375,3048.300048828125,86.0
2025-03-20 08:34:00+00:00,3048.5,3049.60009765625,3048.10009765625,3049.300048828125,227.0
2025-03-20 08:35:00+00:00,3049.39990234375,3049.5,3048.5,3048.5,66.0
2025-03-20 08:36:00+00:00,3049.199951171875,3049.5,3048.89990234375,3049.199951171875,66.0
2025-03-20 08:37:00+00:00,3048.800048828125,3049.10009765625,3048.5,3049.10009765625,31.0
2025-03-20 08:38:00+00:00,3049.39990234375,3049.5,3048.89990234375,3049.0,34.0
2025-03-20 08:39:00+00:00,3049.5,3049.60009765625,3049.5,3049.5,10.0
2025-03-20 08:40:00+00:00,3048.699951171875,3049.60009765625,3048.5,3049.60009765625,41.0
2025-03-20 08:41:00+00:00,3048.39990234375,3048.800048828125,3048.0,3048.699951171875,83.0
2025-03-20 08:42:00+00:00,3047.800048828125,3048.300048828125,3047.800048828125,3048.199951171875,28.0
2025-03-20 08:43:00+00:00,3047.699951171875,3047.89990234375,3047.300048828125,3047.89990234375,57.0
2025-03-20 08:44:00+00:00,3047.5,3047.699951171875,3047.0,3047.5,53.0
2025-03-20 08:45:00+00:00,3047.39990234375,3047.5,3047.0,3047.5,43.0
2025-03-20 08:46:00+00:00,3047.0,3047.39990234375,3047.0,3047.39990234375,20.0
2025-03-20 08:47:00+00:00,3046.300048828125,3047.10009765625,3046.10009765625,3047.10009765625,134.0
2025-03-20 08:48:00+00:00,3048.10009765625,3048.10009765625,3046.199951171875,3046.39990234375,154.0
2025-03-20 08:49:00+00:00,3048.5,3048.699951171875,3048.199951171875,3048.199951171875,140.0
2025-03-20 08:50:00+00:00,3048.300048828125,3048.60009765625,3048.199951171875,3048.39990234375,40.0
2025-03-20 08:51:00+00:00,3049.0,3049.0,3048.300048828125,3048.5,150.0
2025-03-20 08:52:00+00:00,3050.10009765625,3050.39990234375,3048.5,3049.0,168.0
2025-03-20 08:53:00+00:00,3049.199951171875,3050.5,3048.800048828125,3049.89990234375,234.0
2025-03-20 08:54:00+00:00,3050.0,3050.39990234375,3049.199951171875,3049.199951171875,113.0
2025-03-20 08:55:00+00:00,3049.300048828125,3050.5,3048.800048828125,3050.199951171875,70.0
2025-03-20 08:56:00+00:00,3048.89990234375,3049.199951171875,3048.89990234375,3049.10009765625,31.0
2025-03-20 08:57:00+00:00,3049.300048828125,3049.39990234375,3049.0,3049.0,33.0
2025-03-20 08:58:00+00:00,3049.5,3049.60009765625,3049.39990234375,3049.39990234375,20.0
2025-03-20 08:59:00+00:00,3049.199951171875,3049.5,3049.0,3049.300048828125,30.0
2025-03-20 09:00:00+00:00,3049.0,3049.699951171875,3049.0,3049.10009765625,70.0
2025-03-20 09:01:00+00:00,3048.800048828125,3049.39990234375,3048.800048828125,3048.89990234375,50.0
2025-03-20 09:02:00+00:00,3048.199951171875,3048.89990234375,3048.0,3048.699951171875,74.0
2025-03-20 09:03:00+00:00,3049.199951171875,3049.39990234375,3048.199951171875,3048.300048828125,48.0
2025-03-20 09:04:00+00:00,3049.10009765625,3049.60009765625,3049.0,3049.10009765625,64.0
2025-03-20 09:05:00+00:00,3049.199951171875,3049.300048828125,3049.10009765625,3049.10009765625,12.0
2025-03-20 09:06:00+00:00,3050.800048828125,3050.800048828125,3049.300048828125,3049.300048828125,132.0
2025-03-20 09:07:00+00:00,3051.10009765625,3051.199951171875,3050.60009765625,3050.800048828125,212.0
2025-03-20 09:08:00+00:00,3050.10009765625,3051.39990234375,3050.10009765625,3051.199951171875,197.0
2025-03-20 09:09:00+00:00,3050.699951171875,3050.800048828125,3050.10009765625,3050.199951171875,30.0
2025-03-20 09:10:00+00:00,3050.60009765625,3050.60009765625,3050.199951171875,3050.60009765625,44.0
2025-03-20 09:11:00+00:00,3051.10009765625,3051.199951171875,3050.5,3050.60009765625,157.0
2025-03-20 09:12:00+00:00,3051.60009765625,3051.699951171875,3051.0,3051.10009765625,57.0
2025-03-20 09:13:00+00:00,3050.89990234375,3051.699951171875,3050.89990234375,3051.60009765625,68.0
2025-03-20 09:14:00+00:00,3050.60009765625,3050.800048828125,3050.300048828125,3050.699951171875,58.0
2025-03-20 09:15:00+00:00,3051.300048828125,3051.300048828125,3050.800048828125,3050.800048828125,27.0
2025-03-20 09:16:00+00:00,3051.60009765625,3051.60009765625,3050.89990234375,3051.199951171875,45.0
2025-03-20 09:17:00+00:00,3051.800048828125,3051.89990234375,3051.300048828125,3051.5,31.0
2025-03-20 09:18:00+00:00,3051.300048828125,3051.89990234375,3051.199951171875,3051.800048828125,47.0
2025-03-20 09:19:00+00:00,3050.60009765625,3051.5,3050.39990234375,3051.5,38.0
2025-03-20 09:20:00+00:00,3051.0,3051.0,3050.60009765625,3050.800048828125,32.0
2025-03-20 09:21:00+00:00,3051.300048828125,3051.300048828125,3050.5,3050.89990234375,43.0
2025-03-20 09:22:00+00:00,3052.10009765625,3052.39990234375,3051.199951171875,3051.300048828125,143.0
2025-03-20 09:23:00+00:00,3052.39990234375,3052.60009765625,3052.10009765625,3052.300048828125,81.0
2025-03-20 09:24:00+00:00,3052.199951171875,3052.5,3051.89990234375,3052.5,117.0
2025-03-20 09:25:00+00:00,3052.300048828125,3052.5,3052.10009765625,3052.199951171875,90.0
2025-03-20 09:26:00+00:00,3052.60009765625,3052.800048828125,3051.800048828125,3052.199951171875,132.0
2025-03-20 09:27:00+00:00,3051.39990234375,3052.5,3051.39990234375,3052.5,62.0
2025-03-20 09:28:00+00:00,3051.699951171875,3052.10009765625,3050.800048828125,3051.39990234375,161.0
2025-03-20 09:29:00+00:00,3051.39990234375,3051.699951171875,3051.10009765625,3051.699951171875,77.0
2025-03-20 09:30:00+00:00,3051.39990234375,3051.89990234375,3051.199951171875,3051.5,112.0
2025-03-20 09:31:00+00:00,3051.800048828125,3051.89990234375,3050.89990234375,3051.199951171875,85.0
2025-03-20 09:32:00+00:00,3052.0,3052.39990234375,3051.5,3051.800048828125,104.0
2025-03-20 09:33:00+00:00,3051.5,3052.199951171875,3051.5,3051.800048828125,52.0
2025-03-20 09:34:00+00:00,3051.89990234375,3051.89990234375,3051.39990234375,3051.5,94.0
2025-03-20 09:35:00+00:00,3051.60009765625,3052.10009765625,3051.39990234375,3052.0,124.0
2025-03-20 09:36:00+00:00,3052.0,3052.0,3051.0,3051.60009765625,155.0
2025-03-20 09:37:00+00:00,3052.300048828125,3052.300048828125,3051.800048828125,3052.0,79.0
2025-03-20 09:38:00+00:00,3052.5,3052.60009765625,3051.800048828125,3052.199951171875,70.0
2025-03-20 09:39:00+00:00,3052.5,3052.60009765625,3052.0,3052.60009765625,81.0
2025-03-20 09:40:00+00:00,3052.10009765625,3052.5,3051.89990234375,3052.300048828125,50.0
2025-03-20 09:41:00+00:00,3052.5,3053.0,3052.10009765625,3052.10009765625,133.0
2025-03-20 09:42:00+00:00,3052.0,3053.0,3051.89990234375,3052.699951171875,99.0
2025-03-20 09:43:00+00:00,3051.10009765625,3052.0,3051.10009765625,3052.0,72.0
2025-03-20 09:44:00+00:00,3051.199951171875,3051.199951171875,3050.800048828125,3051.0,77.0
2025-03-20 09:45:00+00:00,3050.60009765625,3051.39990234375,3049.800048828125,3051.39990234375,178.0
2025-03-20 09:46:00+00:00,3050.199951171875,3051.10009765625,3050.10009765625,3050.5,62.0
2025-03-20 09:47:00+00:00,3049.300048828125,3050.10009765625,3049.199951171875,3050.0,118.0
2025-03-20 09:48:00+00:00,3050.300048828125,3050.699951171875,3049.10009765625,3049.39990234375,374.0
2025-03-20 09:49:00+00:00,3049.89990234375,3050.699951171875,3049.800048828125,3050.199951171875,133.0
2025-03-20 09:50:00+00:00,3049.5,3050.5,3049.5,3050.0,228.0
2025-03-20 09:51:00+00:00,3048.300048828125,3049.5,3048.199951171875,3049.39990234375,212.0
2025-03-20 09:52:00+00:00,3047.800048828125,3048.699951171875,3047.699951171875,3048.39990234375,222.0
2025-03-20 09:53:00+00:00,3048.39990234375,3049.0,3047.60009765625,3047.699951171875,207.0
2025-03-20 09:54:00+00:00,3048.199951171875,3049.0,3048.0,3048.5,72.0
2025-03-20 09:55:00+00:00,3049.89990234375,3050.0,3048.300048828125,3048.300048828125,129.0
2025-03-20 09:56:00+00:00,3049.300048828125,3050.0,3049.300048828125,3049.800048828125,36.0
2025-03-20 09:57:00+00:00,3049.0,3050.10009765625,3049.0,3049.300048828125,89.0
2025-03-20 09:58:00+00:00,3048.5,3049.39990234375,3048.300048828125,3049.10009765625,92.0
2025-03-20 09:59:00+00:00,3048.199951171875,3048.89990234375,3048.199951171875,3048.60009765625,40.0
2025-03-20 10:00:00+00:00,3048.199951171875,3048.199951171875,3047.0,3048.199951171875,126.0
2025-03-20 10:01:00+00:00,3047.10009765625,3048.300048828125,3047.0,3048.10009765625,94.0
2025-03-20 10:02:00+00:00,3046.699951171875,3047.10009765625,3046.300048828125,3046.89990234375,52.0
2025-03-20 10:03:00+00:00,3046.199951171875,3046.800048828125,3045.89990234375,3046.800048828125,77.0
2025-03-20 10:04:00+00:00,3046.0,3046.60009765625,3045.5,3046.300048828125,74.0
2025-03-20 10:05:00+00:00,3046.199951171875,3046.60009765625,3046.0,3046.10009765625,123.0
2025-03-20 10:06:00+00:00,3045.39990234375,3046.199951171875,3045.300048828125,3046.199951171875,113.0
2025-03-20 10:07:00+00:00,3044.0,3045.60009765625,3043.0,3045.5,518.0
2025-03-20 10:08:00+00:00,3042.800048828125,3044.60009765625,3042.5,3044.0,361.0
2025-03-20 10:09:00+00:00,3043.5,3043.800048828125,3042.699951171875,3042.89990234375,157.0
2025-03-20 10:10:00+00:00,3041.800048828125,3043.89990234375,3041.60009765625,3043.60009765625,228.0
2025-03-20 10:11:00+00:00,3043.0,3043.10009765625,3041.699951171875,3041.89990234375,94.0
2025-03-20 10:12:00+00:00,3042.10009765625,3043.5,3042.10009765625,3043.0,108.0
2025-03-20 10:13:00+00:00,3042.0,3043.0,3041.699951171875,3042.199951171875,126.0
2025-03-20 10:14:00+00:00,3041.89990234375,3042.199951171875,3041.699951171875,3042.10009765625,96.0
2025-03-20 10:15:00+00:00,3041.300048828125,3042.0,3040.699951171875,3041.800048828125,350.0
2025-03-20 10:16:00+00:00,3040.5,3041.39990234375,3039.89990234375,3041.300048828125,300.0
2025-03-20 10:17:00+00:00,3038.300048828125,3040.60009765625,3038.0,3040.5,456.0
2025-03-20 10:18:00+00:00,3039.0,3039.60009765625,3038.0,3038.300048828125,234.0
2025-03-20 10:19:00+00:00,3038.800048828125,3039.5,3038.5,3039.10009765625,100.0
2025-03-20 10:20:00+00:00,3039.60009765625,3039.699951171875,3038.199951171875,3038.699951171875,193.0
2025-03-20 10:21:00+00:00,3040.39990234375,3041.10009765625,3039.300048828125,3039.699951171875,327.0
2025-03-20 10:22:00+00:00,3040.800048828125,3041.199951171875,3039.89990234375,3040.5,152.0
2025-03-20 10:23:00+00:00,3039.800048828125,3040.699951171875,3038.699951171875,3040.699951171875,165.0
2025-03-20 10:24:00+00:00,3040.199951171875,3040.60009765625,3039.60009765625,3039.89990234375,103.0
2025-03-20 10:25:00+00:00,3040.0,3040.300048828125,3039.699951171875,3039.89990234375,114.0
2025-03-20 10:26:00+00:00,3039.60009765625,3040.199951171875,3039.39990234375,3039.800048828125,47.0
2025-03-20 10:27:00+00:00,3039.39990234375,3039.800048828125,3039.39990234375,3039.5,85.0
2025-03-20 10:28:00+00:00,3038.699951171875,3039.699951171875,3038.5,3039.300048828125,146.0
2025-03-20 10:29:00+00:00,3037.60009765625,3039.10009765625,3037.60009765625,3038.800048828125,257.0
2025-03-20 10:30:00+00:00,3036.300048828125,3037.699951171875,3036.10009765625,3037.699951171875,547.0
2025-03-20 10:31:00+00:00,3034.60009765625,3036.39990234375,3034.10009765625,3036.300048828125,594.0
2025-03-20 10:32:00+00:00,3036.0,3036.199951171875,3034.10009765625,3034.39990234375,331.0
2025-03-20 10:33:00+00:00,3035.800048828125,3036.60009765625,3035.5,3036.199951171875,197.0
2025-03-20 10:34:00+00:00,3035.5,3035.800048828125,3034.89990234375,3035.60009765625,114.0
2025-03-20 10:35:00+00:00,3035.10009765625,3036.60009765625,3035.10009765625,3035.699951171875,268.0
2025-03-20 10:36:00+00:00,3033.699951171875,3035.199951171875,3033.0,3035.199951171875,448.0
2025-03-20 10:37:00+00:00,3034.5,3035.0,3033.39990234375,3033.60009765625,225.0
2025-03-20 10:38:00+00:00,3034.60009765625,3036.39990234375,3034.300048828125,3034.60009765625,428.0
2025-03-20 10:39:00+00:00,3033.5,3034.5,3033.10009765625,3034.5,185.0
2025-03-20 10:40:00+00:00,3033.300048828125,3034.199951171875,3032.800048828125,3033.5,328.0
2025-03-20 10:41:00+00:00,3034.699951171875,3035.0,3033.199951171875,3033.199951171875,172.0
2025-03-20 10:42:00+00:00,3034.199951171875,3035.5,3034.0,3034.699951171875,153.0
2025-03-20 10:43:00+00:00,3034.800048828125,3035.199951171875,3034.10009765625,3034.300048828125,165.0
2025-03-20 10:44:00+00:00,3035.300048828125,3035.5,3034.199951171875,3034.60009765625,163.0
2025-03-20 10:45:00+00:00,3035.10009765625,3036.0,3035.0,3035.10009765625,135.0
2025-03-20 10:46:00+00:00,3035.800048828125,3036.10009765625,3035.199951171875,3035.199951171875,112.0
2025-03-20 10:47:00+00:00,3037.0,3037.10009765625,3035.60009765625,3035.89990234375,193.0
2025-03-20 10:48:00+00:00,3039.0,3039.89990234375,3037.0,3037.0,592.0
2025-03-20 10:49:00+00:00,3039.89990234375,3040.0,3038.800048828125,3039.0,422.0
2025-03-20 10:50:00+00:00,3039.300048828125,3039.699951171875,3037.5,3039.5,412.0
2025-03-20 10:51:00+00:00,3038.39990234375,3039.39990234375,3037.699951171875,3039.300048828125,155.0
2025-03-20 10:52:00+00:00,3038.0,3038.5,3037.5,3038.5,64.0
2025-03-20 10:53:00+00:00,3038.800048828125,3038.800048828125,3037.699951171875,3038.0,97.0
2025-03-20 10:54:00+00:00,3039.199951171875,3039.800048828125,3038.699951171875,3038.89990234375,81.0
2025-03-20 10:55:00+00:00,3039.699951171875,3040.5,3039.0,3039.10009765625,89.0
2025-03-20 10:56:00+00:00,3040.89990234375,3040.89990234375,3039.300048828125,3039.699951171875,82.0
2025-03-20 10:57:00+00:00,3041.199951171875,3041.300048828125,3040.60009765625,3040.800048828125,151.0
2025-03-20 10:58:00+00:00,3042.300048828125,3042.699951171875,3041.0,3041.39990234375,422.0
2025-03-20 10:59:00+00:00,3041.39990234375,3042.60009765625,3041.10009765625,3042.5,254.0
2025-03-20 11:00:00+00:00,3041.199951171875,3041.800048828125,3041.199951171875,3041.5,125.0
2025-03-20 11:01:00+00:00,3040.60009765625,3041.199951171875,3040.300048828125,3041.199951171875,117.0
2025-03-20 11:02:00+00:00,3041.10009765625,3041.300048828125,3040.5,3040.5,62.0
2025-03-20 11:03:00+00:00,3040.300048828125,3041.199951171875,3040.0,3041.199951171875,130.0
2025-03-20 11:04:00+00:00,3039.60009765625,3040.60009765625,3039.0,3040.300048828125,243.0
2025-03-20 11:05:00+00:00,3039.39990234375,3039.89990234375,3039.10009765625,3039.5,84.0
2025-03-20 11:06:00+00:00,3039.699951171875,3040.10009765625,3039.199951171875,3039.60009765625,100.0
2025-03-20 11:07:00+00:00,3039.199951171875,3039.60009765625,3038.800048828125,3039.5,49.0
2025-03-20 11:08:00+00:00,3040.10009765625,3040.10009765625,3038.60009765625,3039.199951171875,73.0
2025-03-20 11:09:00+00:00,3039.60009765625,3040.89990234375,3039.60009765625,3040.10009765625,136.0
2025-03-20 11:10:00+00:00,3039.39990234375,3039.800048828125,3039.0,3039.699951171875,97.0
2025-03-20 11:11:00+00:00,3038.60009765625,3039.5,3038.0,3039.39990234375,135.0
2025-03-20 11:12:00+00:00,3038.5,3039.199951171875,3038.39990234375,3038.699951171875,100.0
2025-03-20 11:13:00+00:00,3037.89990234375,3038.800048828125,3037.199951171875,3038.5,180.0
2025-03-20 11:14:00+00:00,3038.699951171875,3038.699951171875,3037.699951171875,3037.89990234375,72.0
2025-03-20 11:15:00+00:00,3037.39990234375,3038.699951171875,3037.39990234375,3038.60009765625,57.0
2025-03-20 11:16:00+00:00,3037.300048828125,3037.60009765625,3036.300048828125,3037.39990234375,181.0
2025-03-20 11:17:00+00:00,3038.60009765625,3038.89990234375,3037.300048828125,3037.5,115.0
2025-03-20 11:18:00+00:00,3039.39990234375,3039.699951171875,3038.800048828125,3038.800048828125,131.0
2025-03-20 11:19:00+00:00,3039.89990234375,3040.10009765625,3039.39990234375,3039.39990234375,78.0
2025-03-20 11:20:00+00:00,3039.89990234375,3040.800048828125,3039.800048828125,3040.10009765625,95.0
2025-03-20 11:21:00+00:00,3039.300048828125,3040.0,3039.10009765625,3040.0,41.0
2025-03-20 11:22:00+00:00,3039.300048828125,3039.39990234375,3038.60009765625,3039.10009765625,115.0
2025-03-20 11:23:00+00:00,3038.699951171875,3039.300048828125,3038.699951171875,3039.199951171875,53.0
2025-03-20 11:24:00+00:00,3039.10009765625,3039.89990234375,3038.89990234375,3038.89990234375,41.0
2025-03-20 11:25:00+00:00,3039.39990234375,3039.89990234375,3039.199951171875,3039.300048828125,35.0
2025-03-20 11:26:00+00:00,3039.199951171875,3039.5,3039.0,3039.300048828125,30.0
2025-03-20 11:27:00+00:00,3039.699951171875,3040.0,3039.0,3039.0,81.0
2025-03-20 11:28:00+00:00,3039.699951171875,3040.0,3039.5,3039.699951171875,23.0
2025-03-20 11:29:00+00:00,3039.5,3039.800048828125,3039.5,3039.60009765625,20.0
2025-03-20 11:30:00+00:00,3037.699951171875,3039.39990234375,3037.699951171875,3039.300048828125,147.0
2025-03-20 11:31:00+00:00,3037.699951171875,3038.39990234375,3037.0,3037.89990234375,133.0
2025-03-20 11:32:00+00:00,3039.0,3039.199951171875,3037.699951171875,3037.699951171875,58.0
2025-03-20 11:33:00+00:00,3038.800048828125,3038.89990234375,3038.300048828125,3038.89990234375,54.0
2025-03-20 11:34:00+00:00,3038.199951171875,3038.89990234375,3038.199951171875,3038.89990234375,37.0
2025-03-20 11:35:00+00:00,3037.39990234375,3038.800048828125,3037.39990234375,3038.39990234375,73.0
2025-03-20 11:36:00+00:00,3036.699951171875,3038.699951171875,3036.699951171875,3037.5,226.0
2025-03-20 11:37:00+00:00,3038.10009765625,3038.60009765625,3036.699951171875,3036.699951171875,70.0
2025-03-20 11:38:00+00:00,3039.699951171875,3039.699951171875,3038.10009765625,3038.300048828125,90.0
2025-03-20 11:39:00+00:00,3039.800048828125,3040.199951171875,3039.60009765625,3039.699951171875,40.0
2025-03-20 11:40:00+00:00,3039.199951171875,3040.60009765625,3039.199951171875,3039.60009765625,78.0
2025-03-20 11:41:00+00:00,3039.0,3039.0,3037.800048828125,3039.0,126.0
2025-03-20 11:42:00+00:00,3039.0,3039.39990234375,3038.699951171875,3039.0,42.0
2025-03-20 11:43:00+00:00,3039.699951171875,3040.0,3039.10009765625,3039.10009765625,47.0
2025-03-20 11:44:00+00:00,3038.39990234375,3039.5,3038.39990234375,3039.5,44.0
2025-03-20 11:45:00+00:00,3038.5,3039.0,3037.89990234375,3038.5,54.0
2025-03-20 11:46:00+00:00,3038.800048828125,3039.0,3038.10009765625,3038.39990234375,56.0
2025-03-20 11:47:00+00:00,3039.5,3039.60009765625,3038.800048828125,3038.800048828125,114.0
2025-03-20 11:48:00+00:00,3039.60009765625,3039.89990234375,3039.39990234375,3039.39990234375,59.0
2025-03-20 11:49:00+00:00,3040.39990234375,3040.5,3038.89990234375,3039.60009765625,114.0
2025-03-20 11:50:00+00:00,3042.10009765625,3042.39990234375,3040.39990234375,3040.39990234375,351.0
2025-03-20 11:51:00+00:00,3041.60009765625,3042.300048828125,3041.199951171875,3042.10009765625,230.0
2025-03-20 11:52:00+00:00,3042.699951171875,3042.89990234375,3041.60009765625,3041.699951171875,218.0
2025-03-20 11:53:00+00:00,3042.800048828125,3043.199951171875,3042.199951171875,3042.60009765625,155.0
2025-03-20 11:54:00+00:00,3042.60009765625,3042.89990234375,3042.199951171875,3042.89990234375,138.0
2025-03-20 11:55:00+00:00,3042.5,3042.699951171875,3042.0,3042.60009765625,123.0
2025-03-20 11:56:00+00:00,3042.5,3042.89990234375,3042.300048828125,3042.5,79.0
2025-03-20 11:57:00+00:00,3042.699951171875,3042.699951171875,3042.10009765625,3042.300048828125,52.0
2025-03-20 11:58:00+00:00,3042.39990234375,3042.800048828125,3042.300048828125,3042.699951171875,41.0
2025-03-20 11:59:00+00:00,3042.300048828125,3042.300048828125,3042.0,3042.10009765625,69.0
2025-03-20 12:00:00+00:00,3042.300048828125,3042.800048828125,3042.10009765625,3042.199951171875,113.0
2025-03-20 12:01:00+00:00,3042.5,3042.60009765625,3042.0,3042.5,100.0
2025-03-20 12:02:00+00:00,3042.5,3042.89990234375,3042.199951171875,3042.5,54.0
2025-03-20 12:03:00+00:00,3042.39990234375,3042.699951171875,3042.0,3042.39990234375,71.0
2025-03-20 12:04:00+00:00,3042.5,3042.60009765625,3042.0,3042.5,50.0
2025-03-20 12:05:00+00:00,3042.10009765625,3042.39990234375,3041.89990234375,3042.39990234375,37.0
2025-03-20 12:06:00+00:00,3041.699951171875,3042.300048828125,3040.800048828125,3042.199951171875,234.0
2025-03-20 12:07:00+00:00,3041.89990234375,3042.199951171875,3041.60009765625,3041.60009765625,44.0
2025-03-20 12:08:00+00:00,3042.10009765625,3042.10009765625,3041.800048828125,3041.89990234375,24.0
2025-03-20 12:09:00+00:00,3043.39990234375,3043.699951171875,3042.199951171875,3042.199951171875,258.0
2025-03-20 12:10:00+00:00,3043.300048828125,3043.89990234375,3042.699951171875,3043.199951171875,287.0
2025-03-20 12:11:00+00:00,3042.699951171875,3043.199951171875,3042.60009765625,3043.10009765625,50.0
2025-03-20 12:12:00+00:00,3043.10009765625,3043.10009765625,3042.39990234375,3042.60009765625,87.0
2025-03-20 12:13:00+00:00,3044.10009765625,3044.10009765625,3043.0,3043.0,174.0
2025-03-20 12:14:00+00:00,3043.89990234375,3044.199951171875,3043.10009765625,3044.10009765625,80.0
2025-03-20 12:15:00+00:00,3043.300048828125,3043.699951171875,3043.10009765625,3043.699951171875,75.0
2025-03-20 12:16:00+00:00,3043.300048828125,3043.89990234375,3042.89990234375,3043.300048828125,89.0
2025-03-20 12:17:00+00:00,3043.60009765625,3043.699951171875,3043.300048828125,3043.300048828125,23.0
2025-03-20 12:18:00+00:00,3044.199951171875,3045.39990234375,3043.699951171875,3043.699951171875,240.0
2025-03-20 12:19:00+00:00,3044.800048828125,3044.800048828125,3044.10009765625,3044.300048828125,343.0
2025-03-20 12:20:00+00:00,3044.60009765625,3045.60009765625,3043.89990234375,3044.800048828125,285.0
2025-03-20 12:21:00+00:00,3045.39990234375,3045.800048828125,3044.5,3044.60009765625,188.0
2025-03-20 12:22:00+00:00,3045.89990234375,3046.199951171875,3045.0,3045.300048828125,445.0
2025-03-20 12:23:00+00:00,3044.0,3045.800048828125,3043.800048828125,3045.699951171875,448.0
2025-03-20 12:24:00+00:00,3045.0,3045.5,3043.300048828125,3043.89990234375,252.0
2025-03-20 12:25:00+00:00,3044.800048828125,3045.89990234375,3043.89990234375,3045.300048828125,196.0
2025-03-20 12:26:00+00:00,3045.5,3045.5,3044.5,3044.699951171875,74.0
2025-03-20 12:27:00+00:00,3044.800048828125,3045.39990234375,3044.199951171875,3045.300048828125,150.0
2025-03-20 12:28:00+00:00,3045.60009765625,3045.89990234375,3044.699951171875,3044.800048828125,139.0
2025-03-20 12:29:00+00:00,3045.199951171875,3045.800048828125,3045.10009765625,3045.699951171875,101.0
2025-03-20 12:30:00+00:00,3045.10009765625,3046.0,3044.300048828125,3045.199951171875,161.0
2025-03-20 12:31:00+00:00,3044.300048828125,3045.39990234375,3044.10009765625,3044.89990234375,473.0
2025-03-20 12:32:00+00:00,3044.800048828125,3045.0,3043.800048828125,3044.39990234375,550.0
2025-03-20 12:33:00+00:00,3045.0,3045.0,3044.10009765625,3044.89990234375,596.0
2025-03-20 12:34:00+00:00,3045.10009765625,3045.10009765625,3044.60009765625,3045.0,54.0
2025-03-20 12:35:00+00:00,3046.39990234375,3046.699951171875,3045.10009765625,3045.10009765625,144.0
2025-03-20 12:36:00+00:00,3047.0,3047.0,3045.800048828125,3046.60009765625,194.0
2025-03-20 12:37:00+00:00,3047.699951171875,3048.0,3047.0,3047.199951171875,277.0
2025-03-20 12:38:00+00:00,3048.60009765625,3049.5,3047.5,3047.60009765625,456.0
2025-03-20 12:39:00+00:00,3047.800048828125,3048.60009765625,3047.60009765625,3048.60009765625,316.0
2025-03-20 12:40:00+00:00,3047.89990234375,3048.0,3047.300048828125,3047.699951171875,391.0
2025-03-20 12:41:00+00:00,3048.800048828125,3049.0,3047.800048828125,3048.0,184.0
2025-03-20 12:42:00+00:00,3049.199951171875,3049.39990234375,3048.699951171875,3048.89990234375,235.0
2025-03-20 12:43:00+00:00,3049.10009765625,3050.60009765625,3049.10009765625,3049.199951171875,512.0
2025-03-20 12:44:00+00:00,3049.300048828125,3049.699951171875,3048.5,3049.0,201.0
2025-03-20 12:45:00+00:00,3049.89990234375,3050.10009765625,3048.800048828125,3049.10009765625,138.0
2025-03-20 12:46:00+00:00,3050.199951171875,3051.0,3050.0,3050.10009765625,202.0
2025-03-20 12:47:00+00:00,3050.300048828125,3050.60009765625,3050.0,3050.199951171875,84.0
2025-03-20 12:48:00+00:00,3049.699951171875,3050.39990234375,3049.39990234375,3050.300048828125,195.0
2025-03-20 12:49:00+00:00,3049.199951171875,3049.800048828125,3048.39990234375,3049.60009765625,250.0
2025-03-20 12:50:00+00:00,3048.800048828125,3049.89990234375,3048.800048828125,3049.39990234375,188.0
2025-03-20 12:51:00+00:00,3048.699951171875,3049.39990234375,3047.89990234375,3049.199951171875,243.0
2025-03-20 12:52:00+00:00,3049.39990234375,3049.800048828125,3048.5,3048.60009765625,122.0
2025-03-20 12:53:00+00:00,3050.300048828125,3050.5,3049.5,3049.699951171875,248.0
2025-03-20 12:54:00+00:00,3048.699951171875,3050.5,3048.699951171875,3050.300048828125,206.0
2025-03-20 12:55:00+00:00,3048.300048828125,3049.300048828125,3047.89990234375,3048.60009765625,233.0
2025-03-20 12:56:00+00:00,3049.199951171875,3049.699951171875,3048.39990234375,3048.39990234375,171.0
2025-03-20 12:57:00+00:00,3049.199951171875,3049.39990234375,3048.39990234375,3049.199951171875,99.0
2025-03-20 12:58:00+00:00,3049.39990234375,3049.39990234375,3048.800048828125,3049.300048828125,85.0
2025-03-20 12:59:00+00:00,3048.89990234375,3049.699951171875,3048.800048828125,3049.199951171875,152.0
2025-03-20 13:00:00+00:00,3047.10009765625,3049.10009765625,3046.60009765625,3049.0,457.0
2025-03-20 13:01:00+00:00,3047.0,3048.300048828125,3046.89990234375,3047.39990234375,137.0
2025-03-20 13:02:00+00:00,3046.10009765625,3047.199951171875,3045.39990234375,3047.0,295.0
2025-03-20 13:03:00+00:00,3046.300048828125,3046.60009765625,3045.199951171875,3046.60009765625,161.0
2025-03-20 13:04:00+00:00,3044.800048828125,3046.5,3044.5,3046.300048828125,130.0
2025-03-20 13:05:00+00:00,3043.89990234375,3046.0,3043.800048828125,3044.800048828125,208.0
2025-03-20 13:06:00+00:00,3043.800048828125,3044.39990234375,3042.89990234375,3043.800048828125,202.0
2025-03-20 13:07:00+00:00,3043.800048828125,3044.199951171875,3043.10009765625,3043.699951171875,245.0
2025-03-20 13:08:00+00:00,3042.199951171875,3043.60009765625,3041.199951171875,3043.60009765625,369.0
2025-03-20 13:09:00+00:00,3042.10009765625,3042.5,3040.89990234375,3042.300048828125,277.0
2025-03-20 13:10:00+00:00,3042.10009765625,3042.60009765625,3041.0,3042.199951171875,323.0
2025-03-20 13:11:00+00:00,3041.199951171875,3042.60009765625,3039.300048828125,3042.10009765625,450.0
2025-03-20 13:12:00+00:00,3040.89990234375,3041.89990234375,3040.5,3041.199951171875,305.0
2025-03-20 13:13:00+00:00,3040.39990234375,3041.39990234375,3040.300048828125,3040.89990234375,94.0
2025-03-20 13:14:00+00:00,3041.0,3041.199951171875,3039.699951171875,3040.300048828125,130.0
2025-03-20 13:15:00+00:00,3039.699951171875,3041.199951171875,3039.10009765625,3041.10009765625,224.0
2025-03-20 13:16:00+00:00,3039.89990234375,3040.199951171875,3039.0,3039.60009765625,161.0
2025-03-20 13:17:00+00:00,3040.5,3040.699951171875,3039.60009765625,3040.199951171875,168.0
2025-03-20 13:18:00+00:00,3041.199951171875,3042.10009765625,3039.5,3040.60009765625,502.0
2025-03-20 13:19:00+00:00,3040.800048828125,3041.39990234375,3040.699951171875,3041.199951171875,174.0
2025-03-20 13:20:00+00:00,3040.10009765625,3040.800048828125,3039.5,3040.699951171875,93.0
2025-03-20 13:21:00+00:00,3039.0,3040.300048828125,3039.0,3040.300048828125,98.0
2025-03-20 13:22:00+00:00,3039.300048828125,3039.60009765625,3038.800048828125,3039.0,127.0
2025-03-20 13:23:00+00:00,3038.39990234375,3039.5,3038.300048828125,3039.300048828125,96.0
2025-03-20 13:24:00+00:00,3039.199951171875,3039.800048828125,3038.10009765625,3038.300048828125,800.0
2025-03-20 13:25:00+00:00,3039.300048828125,3040.199951171875,3038.89990234375,3039.300048828125,111.0
2025-03-20 13:26:00+00:00,3038.5,3039.300048828125,3038.0,3039.0,174.0
2025-03-20 13:27:00+00:00,3038.800048828125,3039.39990234375,3038.5,3038.699951171875,82.0
2025-03-20 13:28:00+00:00,3037.89990234375,3038.89990234375,3037.699951171875,3038.89990234375,161.0
2025-03-20 13:29:00+00:00,3038.5,3038.699951171875,3037.89990234375,3038.0,133.0
2025-03-20 13:30:00+00:00,3038.699951171875,3039.300048828125,3038.10009765625,3038.5,250.0
2025-03-20 13:31:00+00:00,3040.5,3040.800048828125,3037.699951171875,3038.5,548.0
2025-03-20 13:32:00+00:00,3040.89990234375,3041.60009765625,3040.39990234375,3040.5,348.0
2025-03-20 13:33:00+00:00,3042.0,3042.5,3040.800048828125,3040.800048828125,308.0
2025-03-20 13:34:00+00:00,3042.89990234375,3043.39990234375,3042.0,3042.10009765625,283.0
2025-03-20 13:35:00+00:00,3042.89990234375,3043.60009765625,3042.0,3042.89990234375,180.0
2025-03-20 13:36:00+00:00,3043.39990234375,3043.39990234375,3042.39990234375,3043.0,134.0
2025-03-20 13:37:00+00:00,3042.5,3043.699951171875,3041.39990234375,3043.39990234375,343.0
2025-03-20 13:38:00+00:00,3044.89990234375,3044.89990234375,3042.39990234375,3042.39990234375,365.0
2025-03-20 13:39:00+00:00,3044.89990234375,3045.300048828125,3043.89990234375,3044.699951171875,235.0
2025-03-20 13:40:00+00:00,3044.199951171875,3045.0,3043.300048828125,3045.0,248.0
2025-03-20 13:41:00+00:00,3043.800048828125,3044.39990234375,3042.89990234375,3043.89990234375,109.0
2025-03-20 13:42:00+00:00,3042.800048828125,3043.699951171875,3041.800048828125,3043.60009765625,112.0
2025-03-20 13:43:00+00:00,3041.39990234375,3042.800048828125,3041.39990234375,3042.5,123.0
2025-03-20 13:44:00+00:00,3042.300048828125,3042.5,3040.800048828125,3041.300048828125,131.0
2025-03-20 13:45:00+00:00,3043.300048828125,3044.300048828125,3042.10009765625,3042.300048828125,137.0
2025-03-20 13:46:00+00:00,3043.800048828125,3044.5,3043.39990234375,3043.39990234375,80.0
2025-03-20 13:47:00+00:00,3044.199951171875,3044.699951171875,3043.300048828125,3043.89990234375,126.0
2025-03-20 13:48:00+00:00,3043.0,3044.39990234375,3042.800048828125,3044.300048828125,68.0
2025-03-20 13:49:00+00:00,3041.89990234375,3043.10009765625,3041.60009765625,3042.89990234375,179.0
2025-03-20 13:50:00+00:00,3041.89990234375,3042.10009765625,3040.800048828125,3041.800048828125,182.0
2025-03-20 13:51:00+00:00,3042.0,3042.39990234375,3041.39990234375,3041.89990234375,155.0
2025-03-20 13:52:00+00:00,3042.0,3042.5,3041.699951171875,3042.199951171875,121.0
2025-03-20 13:53:00+00:00,3041.60009765625,3042.199951171875,3041.39990234375,3042.10009765625,138.0
2025-03-20 13:54:00+00:00,3041.699951171875,3042.10009765625,3040.89990234375,3041.89990234375,102.0
2025-03-20 13:55:00+00:00,3041.699951171875,3042.10009765625,3041.0,3041.60009765625,141.0
2025-03-20 13:56:00+00:00,3040.699951171875,3041.60009765625,3040.60009765625,3041.300048828125,94.0
2025-03-20 13:57:00+00:00,3039.800048828125,3040.800048828125,3039.10009765625,3040.800048828125,312.0
2025-03-20 13:58:00+00:00,3038.89990234375,3039.699951171875,3038.800048828125,3039.699951171875,117.0
2025-03-20 13:59:00+00:00,3039.800048828125,3040.10009765625,3038.800048828125,3039.199951171875,304.0
2025-03-20 14:00:00+00:00,3040.5,3041.10009765625,3039.39990234375,3039.699951171875,196.0
2025-03-20 14:01:00+00:00,3041.10009765625,3041.39990234375,3040.60009765625,3040.60009765625,132.0
2025-03-20 14:02:00+00:00,3042.300048828125,3042.300048828125,3041.0,3041.199951171875,178.0
2025-03-20 14:03:00+00:00,3042.60009765625,3043.5,3042.39990234375,3042.39990234375,229.0
2025-03-20 14:04:00+00:00,3040.800048828125,3042.800048828125,3040.0,3042.699951171875,297.0
2025-03-20 14:05:00+00:00,3040.199951171875,3041.199951171875,3039.699951171875,3040.699951171875,358.0
2025-03-20 14:06:00+00:00,3039.800048828125,3040.699951171875,3038.0,3040.199951171875,418.0
2025-03-20 14:07:00+00:00,3039.89990234375,3040.5,3038.300048828125,3039.800048828125,244.0
2025-03-20 14:08:00+00:00,3040.199951171875,3040.300048828125,3039.39990234375,3040.0,106.0
2025-03-20 14:09:00+00:00,3040.800048828125,3041.199951171875,3040.0,3040.10009765625,177.0
2025-03-20 14:10:00+00:00,3041.199951171875,3041.199951171875,3040.300048828125,3040.699951171875,97.0
2025-03-20 14:11:00+00:00,3039.0,3041.199951171875,3038.300048828125,3041.0,279.0
2025-03-20 14:12:00+00:00,3041.199951171875,3041.5,3038.60009765625,3038.89990234375,167.0
2025-03-20 14:13:00+00:00,3042.699951171875,3043.10009765625,3041.300048828125,3041.300048828125,275.0
2025-03-20 14:14:00+00:00,3043.10009765625,3043.300048828125,3042.199951171875,3042.5,170.0
2025-03-20 14:15:00+00:00,3043.800048828125,3043.800048828125,3042.60009765625,3043.199951171875,258.0
2025-03-20 14:16:00+00:00,3045.0,3045.10009765625,3043.0,3043.699951171875,348.0
2025-03-20 14:17:00+00:00,3044.60009765625,3045.0,3044.300048828125,3044.89990234375,249.0
2025-03-20 14:18:00+00:00,3044.5,3045.10009765625,3043.5,3044.800048828125,353.0
2025-03-20 14:19:00+00:00,3043.800048828125,3044.60009765625,3042.300048828125,3044.60009765625,325.0
2025-03-20 14:20:00+00:00,3042.60009765625,3043.800048828125,3042.39990234375,3043.699951171875,109.0
2025-03-20 14:21:00+00:00,3042.0,3042.60009765625,3040.699951171875,3042.199951171875,151.0
2025-03-20 14:22:00+00:00,3040.199951171875,3042.0,3040.10009765625,3041.89990234375,140.0
2025-03-20 14:23:00+00:00,3040.699951171875,3040.699951171875,3040.0,3040.0,107.0
2025-03-20 14:24:00+00:00,3040.39990234375,3041.800048828125,3040.300048828125,3040.800048828125,93.0
2025-03-20 14:25:00+00:00,3041.5,3041.89990234375,3040.60009765625,3040.60009765625,81.0
2025-03-20 14:26:00+00:00,3041.199951171875,3042.0,3041.199951171875,3041.300048828125,105.0
2025-03-20 14:27:00+00:00,3041.0,3041.5,3041.0,3041.10009765625,46.0
2025-03-20 14:28:00+00:00,3039.800048828125,3041.0,3039.800048828125,3041.0,94.0
2025-03-20 14:29:00+00:00,3040.699951171875,3040.800048828125,3039.60009765625,3039.699951171875,104.0
2025-03-20 14:30:00+00:00,3040.89990234375,3041.300048828125,3039.89990234375,3040.699951171875,221.0
2025-03-20 14:31:00+00:00,3040.800048828125,3041.199951171875,3040.39990234375,3040.699951171875,55.0
2025-03-20 14:32:00+00:00,3041.300048828125,3041.300048828125,3040.300048828125,3040.89990234375,105.0
2025-03-20 14:33:00+00:00,3042.10009765625,3042.300048828125,3041.0,3041.300048828125,153.0
2025-03-20 14:34:00+00:00,3041.800048828125,3042.39990234375,3041.60009765625,3042.39990234375,99.0
2025-03-20 14:35:00+00:00,3042.39990234375,3042.699951171875,3041.800048828125,3042.0,108.0
2025-03-20 14:36:00+00:00,3043.199951171875,3043.199951171875,3041.89990234375,3042.39990234375,119.0
2025-03-20 14:37:00+00:00,3043.300048828125,3043.89990234375,3042.699951171875,3043.0,182.0
2025-03-20 14:38:00+00:00,3044.199951171875,3045.0,3043.199951171875,3043.199951171875,168.0
2025-03-20 14:39:00+00:00,3044.199951171875,3044.89990234375,3043.800048828125,3044.10009765625,170.0
2025-03-20 14:40:00+00:00,3043.800048828125,3044.60009765625,3043.699951171875,3044.199951171875,154.0
2025-03-20 14:41:00+00:00,3044.39990234375,3044.60009765625,3043.5,3043.60009765625,185.0
2025-03-20 14:42:00+00:00,3045.89990234375,3046.199951171875,3044.0,3044.300048828125,462.0
2025-03-20 14:43:00+00:00,3046.199951171875,3046.800048828125,3045.60009765625,3046.0,187.0
2025-03-20 14:44:00+00:00,3046.5,3046.89990234375,3046.10009765625,3046.199951171875,159.0
2025-03-20 14:45:00+00:00,3046.89990234375,3047.10009765625,3046.60009765625,3046.60009765625,147.0
2025-03-20 14:46:00+00:00,3047.10009765625,3047.39990234375,3046.699951171875,3047.0,151.0
2025-03-20 14:47:00+00:00,3047.199951171875,3047.699951171875,3047.0,3047.0,524.0
2025-03-20 14:48:00+00:00,3047.699951171875,3047.800048828125,3047.0,3047.199951171875,163.0
2025-03-20 14:49:00+00:00,3047.89990234375,3048.300048828125,3047.60009765625,3047.89990234375,499.0
2025-03-20 14:50:00+00:00,3046.10009765625,3048.0,3045.699951171875,3048.0,240.0
2025-03-20 14:51:00+00:00,3045.0,3046.199951171875,3044.800048828125,3046.0,201.0
2025-03-20 14:52:00+00:00,3045.300048828125,3045.300048828125,3044.5,3045.0,117.0
2025-03-20 14:53:00+00:00,3045.89990234375,3046.0,3045.10009765625,3045.10009765625,132.0
2025-03-20 14:54:00+00:00,3046.10009765625,3046.10009765625,3045.60009765625,3045.89990234375,76.0
2025-03-20 14:55:00+00:00,3046.39990234375,3046.89990234375,3046.0,3046.0,169.0
2025-03-20 14:56:00+00:00,3047.39990234375,3047.39990234375,3046.39990234375,3046.60009765625,162.0
2025-03-20 14:57:00+00:00,3048.5,3048.89990234375,3047.300048828125,3047.300048828125,262.0
2025-03-20 14:58:00+00:00,3048.0,3048.60009765625,3047.60009765625,3048.60009765625,134.0
2025-03-20 14:59:00+00:00,3048.5,3048.800048828125,3047.89990234375,3048.10009765625,195.0
2025-03-20 15:00:00+00:00,3046.699951171875,3048.60009765625,3046.39990234375,3048.39990234375,433.0
2025-03-20 15:01:00+00:00,3047.300048828125,3047.5,3046.60009765625,3046.699951171875,326.0
2025-03-20 15:02:00+00:00,3046.699951171875,3047.300048828125,3046.199951171875,3047.300048828125,270.0
2025-03-20 15:03:00+00:00,3046.39990234375,3047.199951171875,3046.39990234375,3046.800048828125,135.0
2025-03-20 15:04:00+00:00,3047.699951171875,3047.800048828125,3046.300048828125,3046.300048828125,152.0
2025-03-20 15:05:00+00:00,3047.39990234375,3047.89990234375,3047.0,3047.699951171875,107.0
2025-03-20 15:06:00+00:00,3048.5,3048.5,3046.89990234375,3047.199951171875,90.0
2025-03-20 15:07:00+00:00,3047.199951171875,3049.0,3047.10009765625,3048.60009765625,149.0
2025-03-20 15:08:00+00:00,3048.199951171875,3048.199951171875,3047.0,3047.10009765625,169.0
2025-03-20 15:09:00+00:00,3048.60009765625,3049.0,3048.199951171875,3048.300048828125,92.0
2025-03-20 15:10:00+00:00,3049.10009765625,3049.300048828125,3048.60009765625,3048.60009765625,81.0
2025-03-20 15:11:00+00:00,3048.10009765625,3050.300048828125,3048.0,3049.300048828125,362.0
2025-03-20 15:12:00+00:00,3047.199951171875,3048.10009765625,3046.5,3048.0,209.0
2025-03-20 15:13:00+00:00,3046.5,3047.39990234375,3046.10009765625,3047.199951171875,171.0
2025-03-20 15:14:00+00:00,3047.5,3047.699951171875,3046.39990234375,3046.60009765625,139.0
2025-03-20 15:15:00+00:00,3047.60009765625,3048.10009765625,3047.39990234375,3047.60009765625,95.0
2025-03-20 15:16:00+00:00,3048.0,3048.199951171875,3047.60009765625,3047.60009765625,72.0
2025-03-20 15:17:00+00:00,3047.800048828125,3048.10009765625,3047.5,3048.10009765625,84.0
2025-03-20 15:18:00+00:00,3047.39990234375,3048.39990234375,3047.199951171875,3048.0,135.0
2025-03-20 15:19:00+00:00,3047.5,3047.699951171875,3047.10009765625,3047.39990234375,52.0
2025-03-20 15:20:00+00:00,3047.199951171875,3047.800048828125,3047.0,3047.39990234375,51.0
2025-03-20 15:21:00+00:00,3047.39990234375,3047.699951171875,3046.89990234375,3047.300048828125,49.0
2025-03-20 15:22:00+00:00,3048.0,3048.300048828125,3047.300048828125,3047.5,71.0
2025-03-20 15:23:00+00:00,3048.300048828125,3049.199951171875,3048.10009765625,3048.199951171875,129.0
2025-03-20 15:24:00+00:00,3048.10009765625,3048.60009765625,3048.10009765625,3048.300048828125,34.0
2025-03-20 15:25:00+00:00,3047.10009765625,3047.89990234375,3047.0,3047.89990234375,92.0
2025-03-20 15:26:00+00:00,3046.800048828125,3047.39990234375,3046.39990234375,3047.0,121.0
2025-03-20 15:27:00+00:00,3046.5,3046.89990234375,3046.0,3046.800048828125,90.0
2025-03-20 15:28:00+00:00,3047.0,3047.199951171875,3046.5,3046.60009765625,50.0
2025-03-20 15:29:00+00:00,3048.199951171875,3048.300048828125,3047.0,3047.0,139.0
2025-03-20 15:30:00+00:00,3047.10009765625,3048.699951171875,3047.10009765625,3048.300048828125,110.0
2025-03-20 15:31:00+00:00,3046.800048828125,3047.300048828125,3046.39990234375,3047.0,117.0
2025-03-20 15:32:00+00:00,3046.0,3047.39990234375,3046.0,3046.699951171875,103.0
2025-03-20 15:33:00+00:00,3046.300048828125,3046.300048828125,3045.699951171875,3046.0,65.0
2025-03-20 15:34:00+00:00,3046.0,3046.300048828125,3045.60009765625,3046.10009765625,105.0
2025-03-20 15:35:00+00:00,3046.39990234375,3047.10009765625,3046.0,3046.10009765625,64.0
2025-03-20 15:36:00+00:00,3046.0,3046.300048828125,3045.800048828125,3046.10009765625,350.0
2025-03-20 15:37:00+00:00,3046.10009765625,3046.300048828125,3045.300048828125,3045.699951171875,376.0
2025-03-20 15:38:00+00:00,3046.5,3046.800048828125,3046.300048828125,3046.300048828125,1745.0
2025-03-20 15:39:00+00:00,3047.300048828125,3047.300048828125,3046.5,3046.5,64.0
2025-03-20 15:40:00+00:00,3047.199951171875,3047.5,3046.89990234375,3047.300048828125,74.0
2025-03-20 15:41:00+00:00,3047.300048828125,3047.39990234375,3046.60009765625,3047.10009765625,63.0
2025-03-20 15:42:00+00:00,3047.300048828125,3047.5,3047.199951171875,3047.300048828125,42.0
2025-03-20 15:43:00+00:00,3046.699951171875,3047.39990234375,3046.699951171875,3047.39990234375,56.0
2025-03-20 15:44:00+00:00,3046.699951171875,3046.800048828125,3045.5,3046.60009765625,168.0
2025-03-20 15:45:00+00:00,3047.300048828125,3047.60009765625,3046.699951171875,3046.699951171875,301.0
2025-03-20 15:46:00+00:00,3047.39990234375,3047.5,3046.699951171875,3047.39990234375,163.0
2025-03-20 15:47:00+00:00,3047.699951171875,3048.5,3047.199951171875,3047.199951171875,131.0
2025-03-20 15:48:00+00:00,3047.800048828125,3048.5,3047.800048828125,3047.800048828125,84.0
2025-03-20 15:49:00+00:00,3047.300048828125,3048.300048828125,3047.300048828125,3047.89990234375,44.0
2025-03-20 15:50:00+00:00,3046.89990234375,3047.699951171875,3046.699951171875,3047.39990234375,44.0
2025-03-20 15:51:00+00:00,3047.10009765625,3047.199951171875,3046.89990234375,3046.89990234375,39.0
2025-03-20 15:52:00+00:00,3047.89990234375,3048.10009765625,3046.89990234375,3047.0,43.0
2025-03-20 15:53:00+00:00,3048.39990234375,3048.699951171875,3048.0,3048.0,68.0
2025-03-20 15:54:00+00:00,3049.199951171875,3049.199951171875,3048.39990234375,3048.39990234375,89.0
2025-03-20 15:55:00+00:00,3049.10009765625,3049.199951171875,3048.5,3049.10009765625,89.0
2025-03-20 15:56:00+00:00,3049.0,3049.300048828125,3048.800048828125,3049.0,68.0
2025-03-20 15:57:00+00:00,3048.800048828125,3049.39990234375,3048.800048828125,3049.10009765625,88.0
2025-03-20 15:58:00+00:00,3048.800048828125,3049.0,3048.39990234375,3048.800048828125,59.0
2025-03-20 15:59:00+00:00,3048.10009765625,3048.699951171875,3048.0,3048.60009765625,129.0
2025-03-20 16:00:00+00:00,3047.699951171875,3048.699951171875,3047.60009765625,3048.300048828125,119.0
2025-03-20 16:01:00+00:00,3047.89990234375,3048.10009765625,3047.5,3047.699951171875,41.0
2025-03-20 16:02:00+00:00,3048.300048828125,3048.300048828125,3047.89990234375,3047.89990234375,115.0
2025-03-20 16:03:00+00:00,3049.10009765625,3049.300048828125,3048.10009765625,3048.300048828125,92.0
2025-03-20 16:04:00+00:00,3048.800048828125,3049.199951171875,3048.699951171875,3049.10009765625,238.0
2025-03-20 16:05:00+00:00,3048.0,3049.0,3048.0,3048.699951171875,105.0
2025-03-20 16:06:00+00:00,3047.5,3048.699951171875,3047.5,3048.0,92.0
2025-03-20 16:07:00+00:00,3047.5,3048.0,3047.10009765625,3047.39990234375,113.0
2025-03-20 16:08:00+00:00,3047.699951171875,3048.0,3047.0,3047.199951171875,102.0
2025-03-20 16:09:00+00:00,3046.5,3047.699951171875,3046.39990234375,3047.699951171875,134.0
2025-03-20 16:10:00+00:00,3046.39990234375,3046.89990234375,3046.39990234375,3046.39990234375,83.0
2025-03-20 16:11:00+00:00,3047.0,3047.10009765625,3046.10009765625,3046.5,143.0
2025-03-20 16:12:00+00:00,3049.10009765625,3049.10009765625,3046.800048828125,3047.10009765625,168.0
2025-03-20 16:13:00+00:00,3048.800048828125,3049.0,3048.39990234375,3049.0,107.0
2025-03-20 16:14:00+00:00,3049.10009765625,3049.300048828125,3048.699951171875,3048.699951171875,62.0
2025-03-20 16:15:00+00:00,3049.10009765625,3049.199951171875,3048.60009765625,3049.199951171875,62.0
2025-03-20 16:16:00+00:00,3050.0,3050.699951171875,3049.0,3049.10009765625,198.0
2025-03-20 16:17:00+00:00,3049.60009765625,3050.39990234375,3049.60009765625,3050.0,62.0
2025-03-20 16:18:00+00:00,3049.0,3049.60009765625,3048.699951171875,3049.60009765625,138.0
2025-03-20 16:19:00+00:00,3047.89990234375,3049.0,3047.60009765625,3049.0,145.0
2025-03-20 16:20:00+00:00,3048.39990234375,3048.5,3047.699951171875,3048.0,50.0
2025-03-20 16:21:00+00:00,3047.300048828125,3048.39990234375,3047.300048828125,3048.39990234375,123.0
2025-03-20 16:22:00+00:00,3047.60009765625,3047.60009765625,3046.89990234375,3047.39990234375,65.0
2025-03-20 16:23:00+00:00,3047.89990234375,3048.0,3047.5,3047.5,38.0
2025-03-20 16:24:00+00:00,3047.5,3047.89990234375,3047.5,3047.800048828125,42.0
2025-03-20 16:25:00+00:00,3047.800048828125,3048.10009765625,3047.199951171875,3047.39990234375,98.0
2025-03-20 16:26:00+00:00,3047.39990234375,3048.0,3047.0,3048.0,88.0
2025-03-20 16:27:00+00:00,3047.300048828125,3048.199951171875,3047.199951171875,3047.5,56.0
2025-03-20 16:28:00+00:00,3047.300048828125,3048.0,3047.300048828125,3047.5,48.0
2025-03-20 16:29:00+00:00,3046.60009765625,3047.300048828125,3046.300048828125,3047.199951171875,85.0
2025-03-20 16:30:00+00:00,3046.300048828125,3047.10009765625,3045.89990234375,3046.800048828125,169.0
2025-03-20 16:31:00+00:00,3046.10009765625,3046.60009765625,3045.800048828125,3046.199951171875,133.0
2025-03-20 16:32:00+00:00,3044.699951171875,3046.10009765625,3044.5,3045.89990234375,243.0
2025-03-20 16:33:00+00:00,3043.300048828125,3044.89990234375,3043.300048828125,3044.800048828125,408.0
2025-03-20 16:34:00+00:00,3042.800048828125,3043.699951171875,3042.60009765625,3043.5,265.0
2025-03-20 16:35:00+00:00,3043.300048828125,3043.800048828125,3042.0,3042.699951171875,202.0
2025-03-20 16:36:00+00:00,3043.39990234375,3043.89990234375,3043.199951171875,3043.39990234375,68.0
2025-03-20 16:37:00+00:00,3043.39990234375,3044.10009765625,3043.199951171875,3043.39990234375,79.0
2025-03-20 16:38:00+00:00,3043.300048828125,3044.0,3043.199951171875,3043.60009765625,69.0
2025-03-20 16:39:00+00:00,3043.300048828125,3043.60009765625,3043.10009765625,3043.60009765625,50.0
2025-03-20 16:40:00+00:00,3043.199951171875,3044.10009765625,3043.199951171875,3043.39990234375,154.0
2025-03-20 16:41:00+00:00,3044.199951171875,3044.5,3043.300048828125,3043.300048828125,306.0
2025-03-20 16:42:00+00:00,3044.699951171875,3044.699951171875,3044.199951171875,3044.300048828125,166.0
2025-03-20 16:43:00+00:00,3042.699951171875,3044.800048828125,3042.699951171875,3044.800048828125,470.0
2025-03-20 16:44:00+00:00,3043.10009765625,3043.39990234375,3042.39990234375,3042.699951171875,169.0
2025-03-20 16:45:00+00:00,3044.5,3044.5,3043.39990234375,3043.39990234375,95.0
2025-03-20 16:46:00+00:00,3044.60009765625,3044.800048828125,3044.300048828125,3044.39990234375,61.0
2025-03-20 16:47:00+00:00,3043.60009765625,3045.0,3043.60009765625,3044.699951171875,117.0
2025-03-20 16:48:00+00:00,3044.800048828125,3044.800048828125,3043.5,3043.5,95.0
2025-03-20 16:49:00+00:00,3043.89990234375,3044.699951171875,3043.89990234375,3044.699951171875,39.0
2025-03-20 16:50:00+00:00,3044.699951171875,3044.800048828125,3043.89990234375,3043.89990234375,79.0
2025-03-20 16:51:00+00:00,3045.199951171875,3045.199951171875,3044.5,3044.800048828125,69.0
2025-03-20 16:52:00+00:00,3045.800048828125,3045.89990234375,3045.199951171875,3045.300048828125,83.0
2025-03-20 16:53:00+00:00,3045.89990234375,3046.199951171875,3045.699951171875,3045.699951171875,63.0
2025-03-20 16:54:00+00:00,3046.39990234375,3046.39990234375,3046.0,3046.10009765625,46.0
2025-03-20 16:55:00+00:00,3046.39990234375,3046.60009765625,3046.300048828125,3046.5,50.0
2025-03-20 16:56:00+00:00,3046.800048828125,3047.10009765625,3045.800048828125,3046.300048828125,151.0
2025-03-20 16:57:00+00:00,3046.10009765625,3046.800048828125,3046.0,3046.60009765625,65.0
2025-03-20 16:58:00+00:00,3046.60009765625,3046.89990234375,3046.300048828125,3046.300048828125,31.0
2025-03-20 16:59:00+00:00,3046.0,3046.699951171875,3045.699951171875,3046.60009765625,107.0
2025-03-20 17:00:00+00:00,3045.800048828125,3046.199951171875,3045.699951171875,3046.10009765625,51.0
2025-03-20 17:01:00+00:00,3046.39990234375,3046.5,3046.0,3046.10009765625,34.0
2025-03-20 17:02:00+00:00,3046.0,3046.5,3045.60009765625,3046.39990234375,47.0
2025-03-20 17:03:00+00:00,3046.800048828125,3046.800048828125,3045.89990234375,3046.10009765625,91.0
2025-03-20 17:04:00+00:00,3046.89990234375,3047.10009765625,3046.60009765625,3046.699951171875,107.0
2025-03-20 17:05:00+00:00,3047.199951171875,3047.60009765625,3046.800048828125,3046.89990234375,77.0
2025-03-20 17:06:00+00:00,3046.89990234375,3047.199951171875,3046.300048828125,3047.10009765625,108.0
2025-03-20 17:07:00+00:00,3047.0,3047.10009765625,3046.60009765625,3046.89990234375,83.0
2025-03-20 17:08:00+00:00,3047.0,3047.199951171875,3046.60009765625,3047.10009765625,77.0
2025-03-20 17:09:00+00:00,3046.5,3047.10009765625,3046.5,3047.10009765625,133.0
2025-03-20 17:10:00+00:00,3044.699951171875,3046.0,3044.60009765625,3046.0,183.0
2025-03-20 17:11:00+00:00,3044.300048828125,3044.699951171875,3044.10009765625,3044.60009765625,172.0
2025-03-20 17:12:00+00:00,3043.699951171875,3044.199951171875,3043.60009765625,3044.199951171875,103.0
2025-03-20 17:13:00+00:00,3044.60009765625,3044.60009765625,3043.300048828125,3043.60009765625,92.0
2025-03-20 17:14:00+00:00,3044.5,3045.199951171875,3044.5,3044.5,153.0
2025-03-20 17:15:00+00:00,3045.10009765625,3045.5,3044.5,3044.699951171875,88.0
2025-03-20 17:16:00+00:00,3044.800048828125,3045.10009765625,3044.60009765625,3045.10009765625,51.0
2025-03-20 17:17:00+00:00,3044.800048828125,3044.800048828125,3044.300048828125,3044.5,38.0
2025-03-20 17:18:00+00:00,3044.60009765625,3045.10009765625,3044.60009765625,3044.60009765625,59.0
2025-03-20 17:19:00+00:00,3045.10009765625,3045.10009765625,3044.60009765625,3044.60009765625,28.0
2025-03-20 17:20:00+00:00,3045.800048828125,3045.89990234375,3045.10009765625,3045.199951171875,162.0
2025-03-20 17:21:00+00:00,3046.300048828125,3046.39990234375,3045.800048828125,3045.800048828125,79.0
2025-03-20 17:22:00+00:00,3046.699951171875,3046.699951171875,3045.89990234375,3046.10009765625,106.0
2025-03-20 17:23:00+00:00,3046.199951171875,3047.10009765625,3046.199951171875,3046.5,135.0
2025-03-20 17:24:00+00:00,3045.0,3046.199951171875,3045.0,3046.199951171875,78.0
2025-03-20 17:25:00+00:00,3044.39990234375,3045.0,3044.300048828125,3045.0,81.0
2025-03-20 17:26:00+00:00,3043.60009765625,3044.39990234375,3043.0,3044.39990234375,203.0
2025-03-20 17:27:00+00:00,3043.39990234375,3043.699951171875,3043.300048828125,3043.5,113.0
2025-03-20 17:28:00+00:00,3043.199951171875,3043.60009765625,3042.800048828125,3043.39990234375,152.0
2025-03-20 17:29:00+00:00,3044.10009765625,3044.300048828125,3043.10009765625,3043.199951171875,538.0
2025-03-20 17:30:00+00:00,3044.199951171875,3044.60009765625,3043.699951171875,3044.10009765625,265.0
2025-03-20 17:31:00+00:00,3044.39990234375,3045.0,3044.199951171875,3044.5,74.0
2025-03-20 17:32:00+00:00,3044.800048828125,3044.89990234375,3044.199951171875,3044.39990234375,34.0
2025-03-20 17:33:00+00:00,3044.199951171875,3045.0,3044.199951171875,3044.699951171875,102.0
2025-03-20 17:34:00+00:00,3044.39990234375,3044.5,3044.10009765625,3044.10009765625,44.0
2025-03-20 17:35:00+00:00,3045.300048828125,3045.5,3044.0,3044.300048828125,87.0
2025-03-20 17:36:00+00:00,3045.300048828125,3045.39990234375,3044.699951171875,3045.10009765625,146.0
2025-03-20 17:37:00+00:00,3046.10009765625,3046.10009765625,3045.199951171875,3045.300048828125,109.0
2025-03-20 17:38:00+00:00,3046.60009765625,3046.800048828125,3046.0,3046.0,179.0
2025-03-20 17:39:00+00:00,3046.699951171875,3047.0,3046.39990234375,3046.5,75.0
2025-03-20 17:40:00+00:00,3047.0,3047.199951171875,3046.60009765625,3046.60009765625,83.0
2025-03-20 17:41:00+00:00,3046.89990234375,3047.10009765625,3046.800048828125,3046.89990234375,88.0
2025-03-20 17:42:00+00:00,3046.699951171875,3047.10009765625,3046.5,3046.800048828125,62.0
2025-03-20 17:43:00+00:00,3047.0,3047.199951171875,3046.800048828125,3046.800048828125,73.0
2025-03-20 17:44:00+00:00,3047.199951171875,3047.39990234375,3046.699951171875,3046.89990234375,79.0
2025-03-20 17:45:00+00:00,3047.199951171875,3047.39990234375,3047.199951171875,3047.199951171875,38.0
2025-03-20 17:46:00+00:00,3047.0,3047.300048828125,3047.0,3047.199951171875,39.0
2025-03-20 17:47:00+00:00,3047.0,3047.199951171875,3046.699951171875,3046.89990234375,69.0
2025-03-20 17:48:00+00:00,3046.800048828125,3047.0,3046.800048828125,3047.0,22.0
2025-03-20 17:49:00+00:00,3046.89990234375,3046.89990234375,3046.39990234375,3046.800048828125,36.0
2025-03-20 17:50:00+00:00,3046.699951171875,3046.89990234375,3046.5,3046.800048828125,28.0
2025-03-20 17:51:00+00:00,3047.300048828125,3048.0,3046.699951171875,3046.800048828125,165.0
2025-03-20 17:52:00+00:00,3047.699951171875,3047.800048828125,3047.199951171875,3047.199951171875,42.0
2025-03-20 17:53:00+00:00,3048.0,3048.0,3047.5,3047.60009765625,63.0
2025-03-20 17:54:00+00:00,3047.5,3047.89990234375,3047.5,3047.89990234375,25.0
2025-03-20 17:55:00+00:00,3047.60009765625,3047.60009765625,3047.300048828125,3047.39990234375,33.0
2025-03-20 17:56:00+00:00,3047.89990234375,3047.89990234375,3047.300048828125,3047.5,92.0
2025-03-20 17:57:00+00:00,3047.89990234375,3048.199951171875,3047.60009765625,3047.800048828125,113.0
2025-03-20 17:58:00+00:00,3048.300048828125,3048.699951171875,3047.800048828125,3047.89990234375,274.0
2025-03-20 17:59:00+00:00,3048.5,3048.89990234375,3048.199951171875,3048.300048828125,103.0
2025-03-20 18:00:00+00:00,3048.699951171875,3048.89990234375,3048.10009765625,3048.60009765625,90.0
2025-03-20 18:01:00+00:00,3048.800048828125,3049.0,3048.39990234375,3048.5,123.0
2025-03-20 18:02:00+00:00,3048.800048828125,3048.800048828125,3048.300048828125,3048.699951171875,41.0
2025-03-20 18:03:00+00:00,3049.0,3049.0,3048.60009765625,3048.699951171875,28.0
2025-03-20 18:04:00+00:00,3049.39990234375,3049.60009765625,3048.699951171875,3048.89990234375,54.0
2025-03-20 18:05:00+00:00,3050.0,3050.199951171875,3049.300048828125,3049.300048828125,142.0
2025-03-20 18:06:00+00:00,3049.10009765625,3050.199951171875,3049.0,3049.89990234375,123.0
2025-03-20 18:07:00+00:00,3048.800048828125,3049.0,3048.199951171875,3049.0,133.0
2025-03-20 18:08:00+00:00,3049.39990234375,3049.60009765625,3048.699951171875,3048.89990234375,49.0
2025-03-20 18:09:00+00:00,3049.60009765625,3050.0,3049.39990234375,3049.39990234375,62.0
2025-03-20 18:10:00+00:00,3050.199951171875,3050.39990234375,3049.60009765625,3049.800048828125,65.0
2025-03-20 18:11:00+00:00,3050.0,3050.39990234375,3050.0,3050.300048828125,47.0
2025-03-20 18:12:00+00:00,3050.10009765625,3050.10009765625,3049.699951171875,3050.0,63.0
2025-03-20 18:13:00+00:00,3050.39990234375,3050.39990234375,3050.0,3050.0,27.0
2025-03-20 18:14:00+00:00,3052.199951171875,3052.5,3050.39990234375,3050.39990234375,391.0
2025-03-20 18:15:00+00:00,3051.89990234375,3052.5,3051.60009765625,3052.5,116.0
2025-03-20 18:16:00+00:00,3051.5,3051.89990234375,3051.10009765625,3051.800048828125,145.0
2025-03-20 18:17:00+00:00,3051.0,3051.800048828125,3050.60009765625,3051.5,210.0
2025-03-20 18:18:00+00:00,3050.5,3051.199951171875,3050.39990234375,3051.0,83.0
2025-03-20 18:19:00+00:00,3051.0,3051.199951171875,3050.10009765625,3050.39990234375,63.0
2025-03-20 18:20:00+00:00,3050.89990234375,3051.10009765625,3050.800048828125,3050.89990234375,59.0
2025-03-20 18:21:00+00:00,3050.699951171875,3051.300048828125,3050.39990234375,3050.89990234375,107.0
2025-03-20 18:22:00+00:00,3051.199951171875,3051.5,3050.699951171875,3050.699951171875,54.0
2025-03-20 18:23:00+00:00,3051.800048828125,3052.0,3051.199951171875,3051.300048828125,57.0
2025-03-20 18:24:00+00:00,3051.699951171875,3052.0,3051.60009765625,3051.800048828125,61.0
2025-03-20 18:25:00+00:00,3052.199951171875,3052.300048828125,3051.800048828125,3051.89990234375,49.0
2025-03-20 18:26:00+00:00,3052.10009765625,3052.199951171875,3051.89990234375,3052.199951171875,61.0
2025-03-20 18:27:00+00:00,3052.39990234375,3052.39990234375,3052.0,3052.0,44.0
2025-03-20 18:28:00+00:00,3052.39990234375,3052.5,3051.800048828125,3052.10009765625,63.0
2025-03-20 18:29:00+00:00,3051.800048828125,3052.10009765625,3051.60009765625,3052.10009765625,82.0
2025-03-20 18:30:00+00:00,3051.199951171875,3051.800048828125,3051.10009765625,3051.800048828125,77.0
2025-03-20 18:31:00+00:00,3050.39990234375,3051.39990234375,3050.39990234375,3051.300048828125,78.0
2025-03-20 18:32:00+00:00,3050.10009765625,3050.60009765625,3050.0,3050.39990234375,41.0
2025-03-20 18:33:00+00:00,3049.800048828125,3050.39990234375,3049.800048828125,3050.199951171875,58.0
2025-03-20 18:34:00+00:00,3049.5,3050.10009765625,3049.199951171875,3049.89990234375,104.0
2025-03-20 18:35:00+00:00,3049.10009765625,3049.89990234375,3048.89990234375,3049.5,93.0
2025-03-20 18:36:00+00:00,3049.199951171875,3049.39990234375,3048.89990234375,3049.0,64.0
2025-03-20 18:37:00+00:00,3048.800048828125,3049.300048828125,3048.60009765625,3049.199951171875,55.0
2025-03-20 18:38:00+00:00,3048.699951171875,3049.0,3048.60009765625,3048.800048828125,22.0
2025-03-20 18:39:00+00:00,3049.699951171875,3049.699951171875,3048.699951171875,3048.699951171875,55.0
2025-03-20 18:40:00+00:00,3049.89990234375,3050.0,3049.5,3049.60009765625,40.0
2025-03-20 18:41:00+00:00,3050.39990234375,3050.39990234375,3049.60009765625,3050.0,34.0
2025-03-20 18:42:00+00:00,3050.5,3050.5,3050.10009765625,3050.300048828125,29.0
2025-03-20 18:43:00+00:00,3050.300048828125,3050.60009765625,3050.0,3050.39990234375,30.0
2025-03-20 18:44:00+00:00,3050.10009765625,3050.300048828125,3050.0,3050.199951171875,89.0
2025-03-20 18:45:00+00:00,3050.39990234375,3050.39990234375,3050.0,3050.199951171875,67.0
2025-03-20 18:46:00+00:00,3050.39990234375,3050.39990234375,3050.300048828125,3050.300048828125,4.0
2025-03-20 18:47:00+00:00,3050.699951171875,3050.800048828125,3050.300048828125,3050.39990234375,15.0
2025-03-20 18:48:00+00:00,3050.39990234375,3050.800048828125,3050.39990234375,3050.800048828125,89.0
2025-03-20 18:49:00+00:00,3050.5,3050.5,3050.199951171875,3050.199951171875,29.0
2025-03-20 18:50:00+00:00,3050.800048828125,3051.0,3050.5,3050.5,31.0
2025-03-20 18:51:00+00:00,3051.199951171875,3051.39990234375,3050.800048828125,3050.89990234375,53.0
2025-03-20 18:52:00+00:00,3052.10009765625,3052.199951171875,3051.10009765625,3051.199951171875,107.0
2025-03-20 18:53:00+00:00,3051.0,3052.10009765625,3051.0,3052.0,73.0
2025-03-20 18:54:00+00:00,3050.800048828125,3051.0,3050.699951171875,3051.0,42.0
2025-03-20 18:55:00+00:00,3050.199951171875,3050.800048828125,3050.199951171875,3050.800048828125,73.0
2025-03-20 18:56:00+00:00,3050.60009765625,3050.699951171875,3050.199951171875,3050.199951171875,38.0
2025-03-20 18:57:00+00:00,3050.60009765625,3050.60009765625,3050.39990234375,3050.60009765625,153.0
2025-03-20 18:58:00+00:00,3050.300048828125,3050.5,3050.300048828125,3050.300048828125,33.0
2025-03-20 18:59:00+00:00,3050.60009765625,3050.89990234375,3050.39990234375,3050.39990234375,58.0
2025-03-20 19:00:00+00:00,3051.300048828125,3051.39990234375,3050.60009765625,3050.60009765625,32.0
2025-03-20 19:01:00+00:00,3051.39990234375,3051.60009765625,3051.0,3051.300048828125,34.0
2025-03-20 19:02:00+00:00,3051.300048828125,3051.800048828125,3051.300048828125,3051.5,31.0
2025-03-20 19:03:00+00:00,3051.199951171875,3051.300048828125,3051.10009765625,3051.300048828125,17.0
2025-03-20 19:04:00+00:00,3051.300048828125,3051.60009765625,3051.300048828125,3051.300048828125,27.0
2025-03-20 19:05:00+00:00,3051.199951171875,3051.89990234375,3051.199951171875,3051.300048828125,167.0
2025-03-20 19:06:00+00:00,3051.300048828125,3051.300048828125,3050.89990234375,3051.0,26.0
2025-03-20 19:07:00+00:00,3050.89990234375,3051.300048828125,3050.89990234375,3051.300048828125,15.0
2025-03-20 19:08:00+00:00,3050.800048828125,3050.800048828125,3050.60009765625,3050.800048828125,13.0
2025-03-20 19:09:00+00:00,3051.10009765625,3051.10009765625,3050.60009765625,3050.699951171875,18.0
2025-03-20 19:10:00+00:00,3050.89990234375,3050.89990234375,3050.699951171875,3050.800048828125,40.0
2025-03-20 19:11:00+00:00,3050.800048828125,3050.800048828125,3050.5,3050.800048828125,40.0
2025-03-20 19:12:00+00:00,3051.10009765625,3051.199951171875,3050.89990234375,3050.89990234375,6.0
2025-03-20 19:13:00+00:00,3051.199951171875,3051.199951171875,3051.10009765625,3051.10009765625,3.0
2025-03-20 19:14:00+00:00,3051.199951171875,3051.39990234375,3051.199951171875,3051.300048828125,16.0
2025-03-20 19:15:00+00:00,3051.199951171875,3051.39990234375,3051.10009765625,3051.199951171875,13.0
2025-03-20 19:16:00+00:00,3050.89990234375,3051.300048828125,3050.800048828125,3051.300048828125,34.0
2025-03-20 19:17:00+00:00,3051.39990234375,3051.39990234375,3051.10009765625,3051.10009765625,15.0
2025-03-20 19:18:00+00:00,3052.0,3052.0,3051.60009765625,3051.60009765625,61.0
2025-03-20 19:19:00+00:00,3052.199951171875,3052.39990234375,3052.0,3052.0,34.0
2025-03-20 19:20:00+00:00,3052.10009765625,3052.60009765625,3052.0,3052.39990234375,132.0
2025-03-20 19:21:00+00:00,3052.300048828125,3052.5,3051.89990234375,3052.10009765625,37.0
2025-03-20 19:22:00+00:00,3052.60009765625,3052.699951171875,3052.199951171875,3052.300048828125,96.0
2025-03-20 19:23:00+00:00,3052.800048828125,3053.199951171875,3052.39990234375,3052.699951171875,139.0
2025-03-20 19:24:00+00:00,3052.5,3052.800048828125,3052.5,3052.800048828125,20.0
2025-03-20 19:25:00+00:00,3053.0,3053.0,3052.39990234375,3052.39990234375,58.0
2025-03-20 19:26:00+00:00,3053.39990234375,3053.39990234375,3052.800048828125,3053.0,71.0
2025-03-20 19:27:00+00:00,3053.300048828125,3053.5,3053.199951171875,3053.300048828125,553.0
2025-03-20 19:28:00+00:00,3053.199951171875,3053.300048828125,3053.10009765625,3053.199951171875,96.0
2025-03-20 19:29:00+00:00,3052.800048828125,3053.39990234375,3052.800048828125,3053.300048828125,49.0
2025-03-20 19:30:00+00:00,3052.699951171875,3053.10009765625,3052.199951171875,3052.800048828125,69.0
2025-03-20 19:31:00+00:00,3052.89990234375,3053.10009765625,3052.699951171875,3052.800048828125,47.0
2025-03-20 19:32:00+00:00,3053.10009765625,3053.300048828125,3052.89990234375,3052.89990234375,34.0
2025-03-20 19:33:00+00:00,3052.89990234375,3053.10009765625,3052.699951171875,3052.89990234375,28.0
2025-03-20 19:34:00+00:00,3053.10009765625,3053.10009765625,3052.5,3052.89990234375,52.0
2025-03-20 19:35:00+00:00,3053.39990234375,3053.39990234375,3053.0,3053.0,38.0
2025-03-20 19:36:00+00:00,3053.300048828125,3053.39990234375,3053.199951171875,3053.39990234375,19.0
2025-03-20 19:37:00+00:00,3053.300048828125,3053.5,3053.199951171875,3053.39990234375,20.0
2025-03-20 19:38:00+00:00,3053.39990234375,3053.39990234375,3053.10009765625,3053.300048828125,15.0
2025-03-20 19:39:00+00:00,3053.39990234375,3053.5,3053.199951171875,3053.199951171875,33.0
2025-03-20 19:40:00+00:00,3053.5,3053.5,3053.300048828125,3053.39990234375,14.0
2025-03-20 19:41:00+00:00,3053.39990234375,3053.5,3053.199951171875,3053.5,30.0
2025-03-20 19:42:00+00:00,3053.10009765625,3053.39990234375,3053.10009765625,3053.39990234375,24.0
2025-03-20 19:43:00+00:00,3053.39990234375,3053.5,3053.10009765625,3053.39990234375,24.0
2025-03-20 19:44:00+00:00,3052.89990234375,3053.39990234375,3052.60009765625,3053.39990234375,131.0
2025-03-20 19:45:00+00:00,3053.0,3053.10009765625,3052.699951171875,3053.10009765625,52.0
2025-03-20 19:46:00+00:00,3053.300048828125,3053.300048828125,3053.0,3053.10009765625,16.0
2025-03-20 19:47:00+00:00,3053.300048828125,3053.39990234375,3053.199951171875,3053.39990234375,35.0
2025-03-20 19:48:00+00:00,3053.39990234375,3053.89990234375,3053.39990234375,3053.39990234375,118.0
2025-03-20 19:49:00+00:00,3053.60009765625,3053.60009765625,3053.300048828125,3053.39990234375,28.0
2025-03-20 19:50:00+00:00,3053.199951171875,3053.5,3052.89990234375,3053.5,49.0
2025-03-20 19:51:00+00:00,3052.800048828125,3053.199951171875,3052.800048828125,3053.199951171875,36.0
2025-03-20 19:52:00+00:00,3052.60009765625,3053.0,3052.60009765625,3052.89990234375,91.0
2025-03-20 19:53:00+00:00,3052.800048828125,3052.800048828125,3052.39990234375,3052.5,34.0
2025-03-20 19:54:00+00:00,3052.699951171875,3053.0,3052.699951171875,3053.0,14.0
2025-03-20 19:55:00+00:00,3052.60009765625,3052.800048828125,3052.5,3052.60009765625,55.0
2025-03-20 19:56:00+00:00,3052.60009765625,3052.699951171875,3052.199951171875,3052.60009765625,74.0
2025-03-20 19:57:00+00:00,3053.10009765625,3053.199951171875,3052.60009765625,3052.60009765625,47.0
2025-03-20 19:58:00+00:00,3053.10009765625,3053.300048828125,3053.0,3053.10009765625,42.0
2025-03-20 19:59:00+00:00,3052.60009765625,3053.300048828125,3052.5,3053.10009765625,156.0
2025-03-20 20:00:00+00:00,3053.0,3053.300048828125,3052.5,3052.5,63.0
2025-03-20 20:01:00+00:00,3053.300048828125,3053.300048828125,3052.89990234375,3053.0,15.0
2025-03-20 20:02:00+00:00,3053.5,3053.5,3053.10009765625,3053.10009765625,630.0
2025-03-20 20:03:00+00:00,3053.5,3053.89990234375,3053.5,3053.699951171875,62.0
2025-03-20 20:04:00+00:00,3053.60009765625,3053.699951171875,3053.5,3053.60009765625,16.0
2025-03-20 20:05:00+00:00,3053.5,3053.5,3053.39990234375,3053.5,28.0
2025-03-20 20:06:00+00:00,3053.39990234375,3053.39990234375,3053.0,3053.10009765625,59.0
2025-03-20 20:07:00+00:00,3053.699951171875,3053.699951171875,3053.5,3053.5,30.0
2025-03-20 20:08:00+00:00,3053.5,3053.699951171875,3053.5,3053.60009765625,9.0
2025-03-20 20:09:00+00:00,3053.699951171875,3054.0,3053.5,3053.699951171875,45.0
2025-03-20 20:10:00+00:00,3053.300048828125,3053.699951171875,3053.300048828125,3053.60009765625,41.0
2025-03-20 20:11:00+00:00,3053.199951171875,3053.5,3053.199951171875,3053.39990234375,17.0
2025-03-20 20:12:00+00:00,3053.60009765625,3053.699951171875,3053.199951171875,3053.199951171875,14.0
2025-03-20 20:13:00+00:00,3053.699951171875,3053.699951171875,3053.60009765625,3053.60009765625,2.0
2025-03-20 20:14:00+00:00,3053.60009765625,3053.699951171875,3053.60009765625,3053.60009765625,15.0
2025-03-20 20:15:00+00:00,3053.5,3053.60009765625,3053.5,3053.60009765625,9.0
2025-03-20 20:16:00+00:00,3053.300048828125,3053.39990234375,3053.10009765625,3053.39990234375,29.0
2025-03-20 20:17:00+00:00,3053.39990234375,3053.39990234375,3053.199951171875,3053.39990234375,10.0
2025-03-20 20:18:00+00:00,3052.89990234375,3053.199951171875,3052.89990234375,3053.199951171875,23.0
2025-03-20 20:19:00+00:00,3052.60009765625,3053.0,3052.60009765625,3052.89990234375,25.0
2025-03-20 20:20:00+00:00,3052.89990234375,3052.89990234375,3052.699951171875,3052.699951171875,25.0
2025-03-20 20:21:00+00:00,3052.699951171875,3052.89990234375,3052.699951171875,3052.89990234375,9.0
2025-03-20 20:22:00+00:00,3052.699951171875,3052.89990234375,3052.60009765625,3052.89990234375,10.0
2025-03-20 20:23:00+00:00,3053.10009765625,3053.10009765625,3052.699951171875,3052.699951171875,13.0
2025-03-20 20:24:00+00:00,3052.60009765625,3053.10009765625,3052.60009765625,3053.10009765625,36.0
2025-03-20 20:25:00+00:00,3053.300048828125,3053.300048828125,3052.5,3052.699951171875,29.0
2025-03-20 20:26:00+00:00,3053.5,3053.5,3053.300048828125,3053.300048828125,10.0
2025-03-20 20:27:00+00:00,3053.60009765625,3053.60009765625,3053.10009765625,3053.39990234375,21.0
2025-03-20 20:28:00+00:00,3053.60009765625,3053.60009765625,3053.60009765625,3053.60009765625,1.0
2025-03-20 20:29:00+00:00,3053.0,3053.5,3053.0,3053.5,19.0
2025-03-20 20:30:00+00:00,3053.199951171875,3053.39990234375,3053.0,3053.10009765625,33.0
2025-03-20 20:31:00+00:00,3053.199951171875,3053.60009765625,3053.199951171875,3053.5,45.0
2025-03-20 20:32:00+00:00,3053.10009765625,3053.39990234375,3052.89990234375,3053.10009765625,30.0
2025-03-20 20:33:00+00:00,3053.5,3053.699951171875,3053.199951171875,3053.199951171875,25.0
2025-03-20 20:34:00+00:00,3053.5,3053.800048828125,3053.300048828125,3053.800048828125,45.0
2025-03-20 20:35:00+00:00,3054.0,3054.0,3053.39990234375,3053.5,70.0
2025-03-20 20:36:00+00:00,3053.89990234375,3054.5,3053.800048828125,3054.0,107.0
2025-03-20 20:37:00+00:00,3054.10009765625,3054.10009765625,3053.60009765625,3053.60009765625,59.0
2025-03-20 20:39:00+00:00,3053.60009765625,3054.10009765625,3053.60009765625,3053.89990234375,27.0
2025-03-20 20:40:00+00:00,3053.5,3053.89990234375,3053.39990234375,3053.699951171875,33.0
2025-03-20 20:41:00+00:00,3053.89990234375,3054.0,3053.60009765625,3053.60009765625,11.0
2025-03-20 20:42:00+00:00,3053.60009765625,3053.800048828125,3053.39990234375,3053.800048828125,17.0
2025-03-20 20:43:00+00:00,3053.5,3053.699951171875,3053.5,3053.699951171875,8.0
2025-03-20 20:44:00+00:00,3053.5,3053.800048828125,3053.300048828125,3053.300048828125,22.0
2025-03-20 20:45:00+00:00,3053.5,3053.699951171875,3053.39990234375,3053.5,26.0
2025-03-20 20:46:00+00:00,3053.10009765625,3053.39990234375,3053.0,3053.39990234375,34.0
2025-03-20 20:47:00+00:00,3053.10009765625,3053.199951171875,3052.89990234375,3053.10009765625,15.0
2025-03-20 20:48:00+00:00,3053.10009765625,3053.10009765625,3053.0,3053.0,4.0
2025-03-20 20:49:00+00:00,3052.800048828125,3053.0,3052.699951171875,3053.0,19.0
2025-03-20 20:50:00+00:00,3053.0,3053.10009765625,3052.800048828125,3052.800048828125,31.0
2025-03-20 20:51:00+00:00,3053.0,3053.199951171875,3052.89990234375,3053.199951171875,15.0
2025-03-20 20:52:00+00:00,3052.699951171875,3053.0,3052.60009765625,3053.0,50.0
2025-03-20 20:53:00+00:00,3052.699951171875,3052.699951171875,3052.60009765625,3052.699951171875,7.0
2025-03-20 20:54:00+00:00,3052.60009765625,3052.89990234375,3052.60009765625,3052.60009765625,16.0
2025-03-20 20:55:00+00:00,3052.699951171875,3052.800048828125,3052.39990234375,3052.60009765625,56.0
2025-03-20 20:56:00+00:00,3052.699951171875,3052.800048828125,3052.60009765625,3052.60009765625,13.0
2025-03-20 20:57:00+00:00,3052.800048828125,3052.800048828125,3052.60009765625,3052.800048828125,13.0
2025-03-20 20:58:00+00:00,3053.0,3053.0,3052.60009765625,3052.699951171875,46.0
2025-03-20 20:59:00+00:00,3052.800048828125,3053.0,3052.699951171875,3052.699951171875,18.0
2025-03-20 22:00:00+00:00,3053.0,3053.199951171875,3052.39990234375,3052.60009765625,0.0
2025-03-20 22:01:00+00:00,3052.199951171875,3052.800048828125,3052.199951171875,3052.800048828125,36.0
2025-03-20 22:02:00+00:00,3052.0,3052.60009765625,3052.0,3052.199951171875,27.0
2025-03-20 22:03:00+00:00,3052.5,3052.699951171875,3052.300048828125,3052.300048828125,22.0
2025-03-20 22:04:00+00:00,3052.60009765625,3052.89990234375,3052.5,3052.5,14.0
2025-03-20 22:05:00+00:00,3052.5,3052.60009765625,3052.5,3052.5,5.0
2025-03-20 22:07:00+00:00,3052.300048828125,3052.60009765625,3052.300048828125,3052.5,10.0
2025-03-20 22:08:00+00:00,3052.10009765625,3052.39990234375,3052.10009765625,3052.300048828125,16.0
2025-03-20 22:09:00+00:00,3052.0,3052.199951171875,3052.0,3052.199951171875,5.0
2025-03-20 22:10:00+00:00,3052.0,3052.0,3051.699951171875,3051.89990234375,10.0
2025-03-20 22:11:00+00:00,3052.0,3052.300048828125,3052.0,3052.199951171875,10.0
2025-03-20 22:12:00+00:00,3051.89990234375,3051.89990234375,3051.89990234375,3051.89990234375,2.0
2025-03-20 22:13:00+00:00,3052.0,3052.0,3051.89990234375,3051.89990234375,7.0
2025-03-20 22:15:00+00:00,3052.10009765625,3052.199951171875,3052.10009765625,3052.10009765625,7.0
2025-03-20 22:16:00+00:00,3052.10009765625,3052.10009765625,3052.10009765625,3052.10009765625,5.0
2025-03-20 22:17:00+00:00,3051.800048828125,3052.0,3051.800048828125,3052.0,10.0
2025-03-20 22:18:00+00:00,3051.800048828125,3052.0,3051.699951171875,3051.800048828125,6.0
2025-03-20 22:19:00+00:00,3051.5,3051.800048828125,3051.5,3051.699951171875,23.0
2025-03-20 22:20:00+00:00,3051.5,3051.5,3051.300048828125,3051.39990234375,12.0
2025-03-20 22:21:00+00:00,3051.5,3051.60009765625,3051.5,3051.5,6.0
2025-03-20 22:22:00+00:00,3051.5,3051.5,3051.300048828125,3051.5,3.0
2025-03-20 22:23:00+00:00,3051.60009765625,3051.60009765625,3051.39990234375,3051.60009765625,8.0
2025-03-20 22:24:00+00:00,3051.699951171875,3051.800048828125,3051.60009765625,3051.60009765625,21.0
2025-03-20 22:25:00+00:00,3052.0,3052.0,3051.699951171875,3051.699951171875,17.0
2025-03-20 22:26:00+00:00,3052.199951171875,3052.39990234375,3051.89990234375,3052.10009765625,14.0
2025-03-20 22:27:00+00:00,3052.300048828125,3052.60009765625,3052.300048828125,3052.39990234375,11.0
2025-03-20 22:28:00+00:00,3052.300048828125,3052.5,3052.300048828125,3052.39990234375,3.0
2025-03-20 22:29:00+00:00,3051.800048828125,3052.300048828125,3051.800048828125,3052.300048828125,7.0
2025-03-20 22:30:00+00:00,3052.10009765625,3052.199951171875,3052.0,3052.199951171875,15.0
2025-03-20 22:31:00+00:00,3052.0,3052.10009765625,3052.0,3052.10009765625,2.0
2025-03-20 22:32:00+00:00,3052.10009765625,3052.10009765625,3052.10009765625,3052.10009765625,1.0
2025-03-20 22:33:00+00:00,3051.89990234375,3052.0,3051.89990234375,3051.89990234375,15.0
2025-03-20 22:34:00+00:00,3051.699951171875,3051.800048828125,3051.60009765625,3051.699951171875,7.0
2025-03-20 22:35:00+00:00,3051.60009765625,3051.699951171875,3051.60009765625,3051.699951171875,2.0
2025-03-20 22:36:00+00:00,3051.60009765625,3051.699951171875,3051.60009765625,3051.699951171875,7.0
2025-03-20 22:37:00+00:00,3051.800048828125,3051.800048828125,3051.800048828125,3051.800048828125,1.0
2025-03-20 22:39:00+00:00,3051.699951171875,3051.89990234375,3051.60009765625,3051.699951171875,9.0
2025-03-20 22:40:00+00:00,3051.699951171875,3051.699951171875,3051.5,3051.699951171875,7.0
2025-03-20 22:41:00+00:00,3051.800048828125,3051.800048828125,3051.800048828125,3051.800048828125,2.0
2025-03-20 22:42:00+00:00,3051.699951171875,3051.89990234375,3051.699951171875,3051.800048828125,11.0
2025-03-20 22:43:00+00:00,3051.800048828125,3051.800048828125,3051.699951171875,3051.699951171875,2.0
2025-03-20 22:44:00+00:00,3051.800048828125,3051.800048828125,3051.60009765625,3051.60009765625,8.0
2025-03-20 22:45:00+00:00,3051.5,3051.699951171875,3051.39990234375,3051.699951171875,137.0
2025-03-20 22:46:00+00:00,3051.5,3051.5,3051.5,3051.5,1.0
2025-03-20 22:47:00+00:00,3051.300048828125,3051.39990234375,3051.300048828125,3051.39990234375,14.0
2025-03-20 22:48:00+00:00,3051.5,3051.5,3051.0,3051.199951171875,35.0
2025-03-20 22:49:00+00:00,3052.300048828125,3052.300048828125,3051.39990234375,3051.5,104.0
2025-03-20 22:50:00+00:00,3052.800048828125,3052.800048828125,3052.199951171875,3052.60009765625,30.0
2025-03-20 22:51:00+00:00,3052.699951171875,3052.699951171875,3052.60009765625,3052.699951171875,12.0
2025-03-20 22:52:00+00:00,3053.199951171875,3053.199951171875,3052.800048828125,3052.89990234375,28.0
2025-03-20 22:53:00+00:00,3053.10009765625,3053.199951171875,3053.0,3053.0,12.0
2025-03-20 22:54:00+00:00,3053.10009765625,3053.199951171875,3053.10009765625,3053.199951171875,37.0
2025-03-20 22:56:00+00:00,3053.10009765625,3053.199951171875,3053.10009765625,3053.10009765625,4.0
2025-03-20 22:57:00+00:00,3053.5,3053.5,3053.10009765625,3053.10009765625,21.0
2025-03-20 22:58:00+00:00,3053.60009765625,3053.699951171875,3053.39990234375,3053.5,36.0
2025-03-20 22:59:00+00:00,3053.300048828125,3053.699951171875,3053.300048828125,3053.699951171875,18.0
2025-03-20 23:00:00+00:00,3053.10009765625,3053.60009765625,3052.800048828125,3053.39990234375,20.0
2025-03-20 23:01:00+00:00,3053.199951171875,3053.199951171875,3053.10009765625,3053.10009765625,4.0
2025-03-20 23:02:00+00:00,3053.5,3053.5,3053.300048828125,3053.300048828125,9.0
2025-03-20 23:03:00+00:00,3053.699951171875,3053.699951171875,3053.39990234375,3053.39990234375,17.0
2025-03-20 23:04:00+00:00,3053.800048828125,3053.89990234375,3053.60009765625,3053.800048828125,27.0
2025-03-20 23:05:00+00:00,3053.800048828125,3053.800048828125,3053.800048828125,3053.800048828125,4.0
2025-03-20 23:06:00+00:00,3053.800048828125,3053.800048828125,3053.39990234375,3053.699951171875,47.0
2025-03-20 23:07:00+00:00,3053.39990234375,3053.5,3053.39990234375,3053.5,5.0
2025-03-20 23:08:00+00:00,3053.199951171875,3053.300048828125,3052.800048828125,3053.300048828125,44.0
2025-03-20 23:09:00+00:00,3052.800048828125,3053.10009765625,3052.800048828125,3053.10009765625,15.0
2025-03-20 23:10:00+00:00,3052.800048828125,3052.800048828125,3052.800048828125,3052.800048828125,10.0
2025-03-20 23:11:00+00:00,3052.800048828125,3052.89990234375,3052.699951171875,3052.699951171875,7.0
2025-03-20 23:12:00+00:00,3052.89990234375,3052.89990234375,3052.800048828125,3052.800048828125,2.0
2025-03-20 23:13:00+00:00,3053.0,3053.0,3052.89990234375,3053.0,20.0
2025-03-20 23:14:00+00:00,3053.5,3053.60009765625,3052.60009765625,3053.10009765625,44.0
2025-03-20 23:15:00+00:00,3053.39990234375,3053.5,3053.300048828125,3053.5,12.0
2025-03-20 23:16:00+00:00,3053.199951171875,3053.39990234375,3053.199951171875,3053.300048828125,5.0
2025-03-20 23:17:00+00:00,3052.800048828125,3053.5,3052.800048828125,3053.39990234375,29.0
2025-03-20 23:18:00+00:00,3053.300048828125,3053.300048828125,3052.699951171875,3052.699951171875,21.0
2025-03-20 23:19:00+00:00,3053.10009765625,3053.10009765625,3053.0,3053.0,5.0
2025-03-20 23:20:00+00:00,3052.5,3053.10009765625,3052.5,3053.0,23.0
2025-03-20 23:22:00+00:00,3052.60009765625,3052.60009765625,3052.60009765625,3052.60009765625,5.0
2025-03-20 23:23:00+00:00,3052.5,3052.5,3052.5,3052.5,1.0
2025-03-20 23:24:00+00:00,3052.39990234375,3052.60009765625,3052.39990234375,3052.5,4.0
2025-03-20 23:25:00+00:00,3052.800048828125,3052.800048828125,3052.39990234375,3052.39990234375,13.0
2025-03-20 23:26:00+00:00,3052.39990234375,3052.60009765625,3052.39990234375,3052.60009765625,5.0
2025-03-20 23:27:00+00:00,3052.199951171875,3052.199951171875,3052.10009765625,3052.199951171875,5.0
2025-03-20 23:28:00+00:00,3052.199951171875,3052.300048828125,3052.199951171875,3052.300048828125,2.0
2025-03-20 23:29:00+00:00,3052.0,3052.0,3052.0,3052.0,2.0
2025-03-20 23:30:00+00:00,3052.0,3052.10009765625,3051.800048828125,3052.0,16.0
2025-03-20 23:31:00+00:00,3052.300048828125,3052.39990234375,3051.800048828125,3051.89990234375,22.0
2025-03-20 23:32:00+00:00,3052.39990234375,3052.5,3052.300048828125,3052.300048828125,7.0
2025-03-20 23:33:00+00:00,3052.0,3052.199951171875,3051.60009765625,3052.199951171875,87.0
2025-03-20 23:34:00+00:00,3052.0,3052.0,3051.699951171875,3051.89990234375,28.0
2025-03-20 23:35:00+00:00,3051.89990234375,3051.89990234375,3051.800048828125,3051.800048828125,4.0
2025-03-20 23:36:00+00:00,3052.10009765625,3052.10009765625,3051.800048828125,3051.800048828125,10.0
2025-03-20 23:37:00+00:00,3052.5,3052.5,3052.199951171875,3052.199951171875,23.0
2025-03-20 23:38:00+00:00,3052.5,3052.800048828125,3052.5,3052.5,24.0
2025-03-20 23:39:00+00:00,3052.60009765625,3052.699951171875,3052.5,3052.5,14.0
2025-03-20 23:40:00+00:00,3052.39990234375,3052.39990234375,3052.39990234375,3052.39990234375,1.0
2025-03-20 23:41:00+00:00,3052.5,3052.800048828125,3052.5,3052.60009765625,27.0
2025-03-20 23:42:00+00:00,3052.699951171875,3052.800048828125,3052.5,3052.5,24.0
2025-03-20 23:43:00+00:00,3052.39990234375,3052.699951171875,3052.39990234375,3052.699951171875,7.0
2025-03-20 23:45:00+00:00,3052.5,3052.800048828125,3052.5,3052.5,15.0
2025-03-20 23:46:00+00:00,3052.39990234375,3052.800048828125,3052.39990234375,3052.60009765625,5.0
2025-03-20 23:47:00+00:00,3052.699951171875,3052.699951171875,3052.39990234375,3052.5,12.0
2025-03-20 23:48:00+00:00,3052.89990234375,3053.10009765625,3052.699951171875,3052.699951171875,24.0
2025-03-20 23:49:00+00:00,3053.10009765625,3053.10009765625,3053.10009765625,3053.10009765625,1.0
2025-03-20 23:50:00+00:00,3053.199951171875,3053.199951171875,3052.699951171875,3053.10009765625,14.0
2025-03-20 23:51:00+00:00,3053.300048828125,3053.300048828125,3053.199951171875,3053.199951171875,3.0
2025-03-20 23:52:00+00:00,3053.10009765625,3053.5,3053.10009765625,3053.39990234375,19.0
2025-03-20 23:53:00+00:00,3053.39990234375,3053.5,3053.0,3053.199951171875,18.0
2025-03-20 23:54:00+00:00,3053.60009765625,3053.699951171875,3053.300048828125,3053.5,9.0
2025-03-20 23:55:00+00:00,3053.699951171875,3053.699951171875,3053.39990234375,3053.5,12.0
2025-03-20 23:56:00+00:00,3053.699951171875,3053.800048828125,3053.5,3053.60009765625,25.0
2025-03-20 23:57:00+00:00,3054.10009765625,3054.39990234375,3053.800048828125,3053.800048828125,93.0
2025-03-20 23:58:00+00:00,3054.10009765625,3054.10009765625,3053.89990234375,3053.89990234375,20.0
2025-03-20 23:59:00+00:00,3053.89990234375,3054.0,3053.699951171875,3054.0,26.0
2025-03-21 00:00:00+00:00,3054.60009765625,3054.699951171875,3053.89990234375,3053.89990234375,62.0
2025-03-21 00:01:00+00:00,3054.39990234375,3055.0,3054.39990234375,3054.5,46.0
2025-03-21 00:02:00+00:00,3054.5,3055.0,3054.5,3054.60009765625,30.0
2025-03-21 00:03:00+00:00,3054.60009765625,3054.800048828125,3054.39990234375,3054.5,19.0
2025-03-21 00:04:00+00:00,3054.300048828125,3054.60009765625,3054.300048828125,3054.60009765625,19.0
2025-03-21 00:05:00+00:00,3054.5,3054.5,3054.0,3054.39990234375,44.0
2025-03-21 00:06:00+00:00,3054.0,3054.699951171875,3054.0,3054.60009765625,29.0
2025-03-21 00:07:00+00:00,3053.89990234375,3054.0,3053.60009765625,3054.0,41.0
2025-03-21 00:08:00+00:00,3053.39990234375,3053.800048828125,3053.39990234375,3053.800048828125,10.0
2025-03-21 00:09:00+00:00,3053.5,3053.5,3053.39990234375,3053.39990234375,4.0
2025-03-21 00:10:00+00:00,3053.10009765625,3053.699951171875,3053.0,3053.5,29.0
2025-03-21 00:11:00+00:00,3052.89990234375,3053.199951171875,3052.699951171875,3053.0,43.0
2025-03-21 00:12:00+00:00,3052.699951171875,3053.199951171875,3052.60009765625,3053.0,41.0
2025-03-21 00:13:00+00:00,3052.60009765625,3052.699951171875,3052.39990234375,3052.699951171875,35.0
2025-03-21 00:14:00+00:00,3052.5,3052.800048828125,3052.5,3052.60009765625,20.0
2025-03-21 00:15:00+00:00,3051.800048828125,3052.39990234375,3051.60009765625,3052.39990234375,56.0
2025-03-21 00:16:00+00:00,3051.10009765625,3051.699951171875,3050.800048828125,3051.699951171875,108.0
2025-03-21 00:17:00+00:00,3051.0,3051.10009765625,3050.89990234375,3050.89990234375,12.0
2025-03-21 00:18:00+00:00,3051.300048828125,3051.60009765625,3050.800048828125,3050.800048828125,23.0
2025-03-21 00:19:00+00:00,3050.800048828125,3051.300048828125,3050.5,3051.300048828125,38.0
2025-03-21 00:20:00+00:00,3050.699951171875,3051.10009765625,3050.699951171875,3050.800048828125,23.0
2025-03-21 00:21:00+00:00,3050.699951171875,3050.699951171875,3050.199951171875,3050.699951171875,39.0
2025-03-21 00:22:00+00:00,3051.0,3051.10009765625,3050.199951171875,3050.5,60.0
2025-03-21 00:23:00+00:00,3051.60009765625,3051.800048828125,3050.89990234375,3050.89990234375,136.0
2025-03-21 00:24:00+00:00,3051.39990234375,3051.699951171875,3051.39990234375,3051.60009765625,9.0
2025-03-21 00:25:00+00:00,3051.800048828125,3052.0,3051.5,3051.60009765625,18.0
2025-03-21 00:26:00+00:00,3051.699951171875,3051.89990234375,3051.60009765625,3051.699951171875,30.0
2025-03-21 00:27:00+00:00,3051.39990234375,3051.89990234375,3051.39990234375,3051.89990234375,14.0
2025-03-21 00:28:00+00:00,3051.60009765625,3051.60009765625,3051.199951171875,3051.300048828125,16.0
2025-03-21 00:29:00+00:00,3051.5,3051.60009765625,3051.39990234375,3051.60009765625,19.0
2025-03-21 00:30:00+00:00,3052.199951171875,3052.300048828125,3051.699951171875,3051.699951171875,49.0
2025-03-21 00:31:00+00:00,3052.39990234375,3052.39990234375,3052.10009765625,3052.199951171875,17.0
2025-03-21 00:32:00+00:00,3052.300048828125,3052.60009765625,3052.199951171875,3052.39990234375,25.0
2025-03-21 00:33:00+00:00,3051.89990234375,3052.5,3051.89990234375,3052.300048828125,16.0
2025-03-21 00:34:00+00:00,3052.0,3052.10009765625,3051.699951171875,3051.89990234375,47.0
2025-03-21 00:35:00+00:00,3052.0,3052.0,3051.800048828125,3051.800048828125,5.0
2025-03-21 00:36:00+00:00,3051.39990234375,3052.0,3051.39990234375,3051.89990234375,24.0
2025-03-21 00:37:00+00:00,3051.199951171875,3051.60009765625,3051.199951171875,3051.300048828125,23.0
2025-03-21 00:38:00+00:00,3050.89990234375,3051.199951171875,3050.800048828125,3051.199951171875,45.0
2025-03-21 00:39:00+00:00,3051.10009765625,3051.300048828125,3051.0,3051.10009765625,22.0
2025-03-21 00:40:00+00:00,3050.800048828125,3051.199951171875,3050.699951171875,3051.199951171875,16.0
2025-03-21 00:41:00+00:00,3051.800048828125,3051.800048828125,3050.800048828125,3050.800048828125,25.0
2025-03-21 00:42:00+00:00,3051.60009765625,3051.800048828125,3051.5,3051.800048828125,13.0
2025-03-21 00:43:00+00:00,3051.60009765625,3052.10009765625,3051.60009765625,3051.800048828125,17.0
2025-03-21 00:44:00+00:00,3051.699951171875,3052.300048828125,3051.60009765625,3051.699951171875,98.0
2025-03-21 00:45:00+00:00,3051.199951171875,3051.5,3051.0,3051.5,50.0
2025-03-21 00:46:00+00:00,3050.89990234375,3051.199951171875,3050.89990234375,3051.10009765625,12.0
2025-03-21 00:47:00+00:00,3050.699951171875,3051.10009765625,3050.699951171875,3051.10009765625,10.0
2025-03-21 00:48:00+00:00,3051.10009765625,3051.10009765625,3050.800048828125,3050.89990234375,17.0
2025-03-21 00:49:00+00:00,3050.89990234375,3051.10009765625,3050.800048828125,3051.10009765625,8.0
2025-03-21 00:50:00+00:00,3051.300048828125,3051.39990234375,3050.800048828125,3051.0,21.0
2025-03-21 00:51:00+00:00,3051.199951171875,3051.39990234375,3051.199951171875,3051.300048828125,10.0
2025-03-21 00:52:00+00:00,3051.10009765625,3051.199951171875,3051.0,3051.199951171875,13.0
2025-03-21 00:53:00+00:00,3051.199951171875,3051.39990234375,3051.199951171875,3051.39990234375,3.0
2025-03-21 00:54:00+00:00,3051.199951171875,3051.199951171875,3051.0,3051.0,9.0
2025-03-21 00:55:00+00:00,3051.10009765625,3051.300048828125,3051.10009765625,3051.10009765625,7.0
2025-03-21 00:56:00+00:00,3051.60009765625,3051.60009765625,3051.10009765625,3051.300048828125,33.0
2025-03-21 00:57:00+00:00,3051.199951171875,3051.5,3051.10009765625,3051.5,6.0
2025-03-21 00:58:00+00:00,3050.5,3051.199951171875,3050.5,3051.199951171875,48.0
2025-03-21 00:59:00+00:00,3050.699951171875,3050.89990234375,3050.60009765625,3050.60009765625,295.0
2025-03-21 01:00:00+00:00,3050.699951171875,3051.300048828125,3050.199951171875,3050.89990234375,121.0
2025-03-21 01:01:00+00:00,3051.300048828125,3051.800048828125,3050.60009765625,3050.800048828125,81.0
2025-03-21 01:02:00+00:00,3051.699951171875,3051.800048828125,3051.0,3051.10009765625,60.0
2025-03-21 01:03:00+00:00,3051.5,3052.10009765625,3050.89990234375,3051.60009765625,82.0
2025-03-21 01:04:00+00:00,3051.5,3051.60009765625,3051.39990234375,3051.60009765625,7.0
2025-03-21 01:05:00+00:00,3050.60009765625,3051.5,3050.5,3051.300048828125,74.0
2025-03-21 01:06:00+00:00,3051.300048828125,3051.5,3050.5,3050.60009765625,101.0
2025-03-21 01:07:00+00:00,3050.300048828125,3051.10009765625,3050.10009765625,3051.10009765625,40.0
2025-03-21 01:08:00+00:00,3050.10009765625,3050.60009765625,3050.0,3050.60009765625,21.0
2025-03-21 01:09:00+00:00,3049.199951171875,3050.199951171875,3049.10009765625,3050.0,129.0
2025-03-21 01:10:00+00:00,3049.800048828125,3050.39990234375,3049.199951171875,3049.199951171875,91.0
2025-03-21 01:11:00+00:00,3050.5,3050.699951171875,3050.0,3050.0,50.0
2025-03-21 01:12:00+00:00,3050.10009765625,3050.60009765625,3049.89990234375,3050.5,45.0
2025-03-21 01:13:00+00:00,3050.10009765625,3050.10009765625,3049.699951171875,3049.89990234375,25.0
2025-03-21 01:14:00+00:00,3049.800048828125,3049.89990234375,3049.5,3049.89990234375,21.0
2025-03-21 01:15:00+00:00,3049.699951171875,3050.199951171875,3049.699951171875,3049.89990234375,20.0
2025-03-21 01:16:00+00:00,3049.699951171875,3049.800048828125,3049.60009765625,3049.60009765625,20.0
2025-03-21 01:17:00+00:00,3049.199951171875,3049.800048828125,3049.0,3049.800048828125,54.0
2025-03-21 01:18:00+00:00,3048.699951171875,3049.300048828125,3048.300048828125,3049.199951171875,74.0
2025-03-21 01:19:00+00:00,3050.199951171875,3050.199951171875,3048.60009765625,3048.89990234375,99.0
2025-03-21 01:20:00+00:00,3050.800048828125,3050.800048828125,3050.0,3050.10009765625,82.0
2025-03-21 01:21:00+00:00,3050.89990234375,3050.89990234375,3050.39990234375,3050.800048828125,34.0
2025-03-21 01:22:00+00:00,3050.0,3051.10009765625,3050.0,3050.89990234375,91.0
2025-03-21 01:23:00+00:00,3049.800048828125,3050.10009765625,3049.800048828125,3049.89990234375,35.0
2025-03-21 01:24:00+00:00,3049.89990234375,3050.0,3049.699951171875,3050.0,16.0
2025-03-21 01:25:00+00:00,3050.10009765625,3050.300048828125,3050.10009765625,3050.10009765625,386.0
2025-03-21 01:26:00+00:00,3050.199951171875,3050.199951171875,3049.800048828125,3049.800048828125,5.0
2025-03-21 01:27:00+00:00,3049.199951171875,3049.89990234375,3049.0,3049.89990234375,48.0
2025-03-21 01:28:00+00:00,3049.199951171875,3049.199951171875,3049.199951171875,3049.199951171875,4.0
2025-03-21 01:29:00+00:00,3049.300048828125,3049.699951171875,3049.300048828125,3049.5,7.0
2025-03-21 01:30:00+00:00,3048.89990234375,3049.699951171875,3048.89990234375,3049.60009765625,34.0
2025-03-21 01:31:00+00:00,3048.699951171875,3049.0,3048.39990234375,3048.800048828125,33.0
2025-03-21 01:32:00+00:00,3048.5,3048.800048828125,3048.39990234375,3048.800048828125,13.0
2025-03-21 01:33:00+00:00,3048.800048828125,3049.10009765625,3048.800048828125,3049.0,7.0
2025-03-21 01:34:00+00:00,3049.800048828125,3049.800048828125,3048.800048828125,3049.0,62.0
2025-03-21 01:35:00+00:00,3050.0,3050.10009765625,3049.39990234375,3049.39990234375,52.0
2025-03-21 01:36:00+00:00,3050.39990234375,3050.60009765625,3049.89990234375,3050.300048828125,48.0
2025-03-21 01:37:00+00:00,3049.5,3050.10009765625,3049.199951171875,3050.10009765625,26.0
2025-03-21 01:38:00+00:00,3049.60009765625,3049.800048828125,3049.300048828125,3049.39990234375,18.0
2025-03-21 01:39:00+00:00,3049.89990234375,3049.89990234375,3049.5,3049.5,12.0
2025-03-21 01:40:00+00:00,3049.60009765625,3050.0,3049.60009765625,3049.89990234375,19.0
2025-03-21 01:41:00+00:00,3048.60009765625,3049.5,3048.5,3049.5,56.0
2025-03-21 01:42:00+00:00,3048.300048828125,3048.60009765625,3047.5,3048.5,151.0
2025-03-21 01:43:00+00:00,3048.0,3048.300048828125,3047.89990234375,3048.0,24.0
2025-03-21 01:44:00+00:00,3046.10009765625,3048.10009765625,3046.0,3048.0,290.0
2025-03-21 01:45:00+00:00,3045.10009765625,3046.5,3044.60009765625,3046.10009765625,241.0
2025-03-21 01:46:00+00:00,3045.0,3045.10009765625,3044.10009765625,3045.10009765625,91.0
2025-03-21 01:47:00+00:00,3044.199951171875,3045.39990234375,3044.0,3045.10009765625,87.0
2025-03-21 01:48:00+00:00,3045.0,3045.39990234375,3044.10009765625,3044.10009765625,58.0
2025-03-21 01:49:00+00:00,3044.89990234375,3045.0,3044.10009765625,3044.89990234375,50.0
2025-03-21 01:50:00+00:00,3045.5,3045.800048828125,3045.0,3045.0,69.0
2025-03-21 01:51:00+00:00,3045.199951171875,3045.699951171875,3044.89990234375,3045.5,36.0
2025-03-21 01:52:00+00:00,3045.199951171875,3045.699951171875,3044.89990234375,3045.39990234375,55.0
2025-03-21 01:53:00+00:00,3044.89990234375,3045.800048828125,3044.89990234375,3045.199951171875,55.0
2025-03-21 01:54:00+00:00,3044.89990234375,3045.199951171875,3044.699951171875,3045.0,18.0
2025-03-21 01:55:00+00:00,3045.300048828125,3045.39990234375,3044.699951171875,3045.0,48.0
2025-03-21 01:56:00+00:00,3045.39990234375,3046.0,3045.10009765625,3045.199951171875,97.0
2025-03-21 01:57:00+00:00,3045.300048828125,3045.800048828125,3045.300048828125,3045.5,56.0
2025-03-21 01:58:00+00:00,3044.5,3045.39990234375,3044.5,3045.300048828125,109.0
2025-03-21 01:59:00+00:00,3043.800048828125,3045.0,3043.800048828125,3044.89990234375,106.0
2025-03-21 02:00:00+00:00,3043.89990234375,3044.300048828125,3043.5,3044.0,145.0
2025-03-21 02:01:00+00:00,3044.199951171875,3044.39990234375,3043.800048828125,3044.199951171875,58.0
2025-03-21 02:02:00+00:00,3044.0,3044.5,3042.89990234375,3044.199951171875,240.0
2025-03-21 02:03:00+00:00,3044.89990234375,3045.199951171875,3044.0,3044.10009765625,57.0
2025-03-21 02:04:00+00:00,3044.800048828125,3045.199951171875,3044.60009765625,3045.0,47.0
2025-03-21 02:05:00+00:00,3044.5,3045.10009765625,3044.39990234375,3044.5,98.0
2025-03-21 02:06:00+00:00,3045.300048828125,3045.39990234375,3044.5,3044.5,79.0
2025-03-21 02:07:00+00:00,3045.199951171875,3045.300048828125,3044.89990234375,3045.199951171875,37.0
2025-03-21 02:08:00+00:00,3044.60009765625,3045.300048828125,3044.199951171875,3045.300048828125,96.0
2025-03-21 02:09:00+00:00,3044.5,3044.800048828125,3043.800048828125,3044.60009765625,64.0
2025-03-21 02:10:00+00:00,3044.39990234375,3045.0,3044.39990234375,3044.5,154.0
2025-03-21 02:11:00+00:00,3044.60009765625,3044.60009765625,3044.199951171875,3044.300048828125,8.0
2025-03-21 02:12:00+00:00,3043.800048828125,3044.5,3043.10009765625,3044.5,131.0
2025-03-21 02:13:00+00:00,3043.39990234375,3043.89990234375,3043.39990234375,3043.60009765625,28.0
2025-03-21 02:14:00+00:00,3043.800048828125,3043.89990234375,3043.10009765625,3043.5,113.0
2025-03-21 02:15:00+00:00,3043.10009765625,3043.699951171875,3043.0,3043.60009765625,27.0
2025-03-21 02:16:00+00:00,3043.60009765625,3044.0,3043.10009765625,3043.10009765625,44.0
2025-03-21 02:17:00+00:00,3043.5,3043.5,3042.300048828125,3043.39990234375,189.0
2025-03-21 02:18:00+00:00,3043.10009765625,3043.699951171875,3043.10009765625,3043.699951171875,12.0
2025-03-21 02:19:00+00:00,3043.60009765625,3043.89990234375,3043.0,3043.0,149.0
2025-03-21 02:20:00+00:00,3043.10009765625,3043.89990234375,3043.10009765625,3043.699951171875,47.0
2025-03-21 02:21:00+00:00,3043.800048828125,3043.89990234375,3042.800048828125,3043.0,143.0
2025-03-21 02:22:00+00:00,3043.5,3044.0,3043.39990234375,3043.89990234375,18.0
2025-03-21 02:23:00+00:00,3044.0,3044.0,3043.39990234375,3043.39990234375,70.0
2025-03-21 02:24:00+00:00,3043.300048828125,3043.800048828125,3043.300048828125,3043.800048828125,34.0
2025-03-21 02:25:00+00:00,3043.5,3043.699951171875,3043.0,3043.199951171875,30.0
2025-03-21 02:26:00+00:00,3043.60009765625,3044.39990234375,3043.5,3043.5,85.0
2025-03-21 02:27:00+00:00,3043.39990234375,3043.89990234375,3043.10009765625,3043.60009765625,46.0
2025-03-21 02:28:00+00:00,3043.60009765625,3043.699951171875,3043.10009765625,3043.10009765625,25.0
2025-03-21 02:29:00+00:00,3043.5,3043.800048828125,3043.199951171875,3043.60009765625,26.0
2025-03-21 02:30:00+00:00,3042.300048828125,3043.89990234375,3042.10009765625,3043.5,179.0
2025-03-21 02:31:00+00:00,3043.0,3043.5,3042.10009765625,3042.300048828125,176.0
2025-03-21 02:32:00+00:00,3042.89990234375,3043.10009765625,3042.39990234375,3042.800048828125,53.0
2025-03-21 02:33:00+00:00,3042.699951171875,3042.89990234375,3042.60009765625,3042.699951171875,29.0
2025-03-21 02:34:00+00:00,3043.199951171875,3043.199951171875,3042.60009765625,3042.800048828125,28.0
2025-03-21 02:35:00+00:00,3042.89990234375,3043.5,3042.39990234375,3043.10009765625,48.0
2025-03-21 02:36:00+00:00,3042.89990234375,3043.300048828125,3042.39990234375,3042.89990234375,123.0
2025-03-21 02:37:00+00:00,3042.89990234375,3042.89990234375,3042.0,3042.5,221.0
2025-03-21 02:38:00+00:00,3042.5,3042.699951171875,3042.199951171875,3042.60009765625,36.0
2025-03-21 02:39:00+00:00,3042.800048828125,3042.89990234375,3042.300048828125,3042.39990234375,25.0
2025-03-21 02:40:00+00:00,3042.699951171875,3043.199951171875,3042.10009765625,3042.800048828125,86.0
2025-03-21 02:41:00+00:00,3042.89990234375,3043.0,3042.5,3042.60009765625,21.0
2025-03-21 02:42:00+00:00,3043.10009765625,3043.199951171875,3042.5,3042.699951171875,39.0
2025-03-21 02:43:00+00:00,3043.0,3043.199951171875,3042.800048828125,3043.0,21.0
2025-03-21 02:44:00+00:00,3042.699951171875,3042.800048828125,3042.5,3042.800048828125,17.0
2025-03-21 02:45:00+00:00,3043.89990234375,3044.10009765625,3042.60009765625,3042.60009765625,117.0
2025-03-21 02:46:00+00:00,3043.39990234375,3043.699951171875,3043.10009765625,3043.699951171875,60.0
2025-03-21 02:47:00+00:00,3042.5,3043.39990234375,3042.300048828125,3043.39990234375,54.0
2025-03-21 02:48:00+00:00,3042.800048828125,3043.199951171875,3042.199951171875,3042.5,68.0
2025-03-21 02:49:00+00:00,3042.89990234375,3042.89990234375,3042.60009765625,3042.800048828125,21.0
2025-03-21 02:50:00+00:00,3042.5,3043.0,3042.5,3042.800048828125,20.0
2025-03-21 02:51:00+00:00,3042.89990234375,3042.89990234375,3042.39990234375,3042.39990234375,20.0
2025-03-21 02:52:00+00:00,3042.800048828125,3043.0,3042.699951171875,3042.89990234375,39.0
2025-03-21 02:53:00+00:00,3042.89990234375,3043.199951171875,3042.699951171875,3042.699951171875,23.0
2025-03-21 02:54:00+00:00,3043.199951171875,3043.300048828125,3042.800048828125,3042.800048828125,18.0
2025-03-21 02:55:00+00:00,3043.39990234375,3043.89990234375,3043.199951171875,3043.199951171875,69.0
2025-03-21 02:56:00+00:00,3043.5,3043.5,3043.10009765625,3043.199951171875,15.0
2025-03-21 02:57:00+00:00,3043.89990234375,3044.0,3043.199951171875,3043.5,73.0
2025-03-21 02:58:00+00:00,3044.60009765625,3044.800048828125,3044.0,3044.0,72.0
2025-03-21 02:59:00+00:00,3043.5,3044.5,3043.300048828125,3044.5,79.0
2025-03-21 03:00:00+00:00,3042.5,3043.39990234375,3042.10009765625,3043.39990234375,164.0
2025-03-21 03:01:00+00:00,3041.89990234375,3042.39990234375,3041.699951171875,3042.39990234375,192.0
2025-03-21 03:02:00+00:00,3041.89990234375,3042.10009765625,3041.699951171875,3041.800048828125,55.0
2025-03-21 03:03:00+00:00,3041.800048828125,3042.300048828125,3041.300048828125,3041.699951171875,85.0
2025-03-21 03:04:00+00:00,3041.5,3042.0,3040.39990234375,3041.800048828125,133.0
2025-03-21 03:05:00+00:00,3040.699951171875,3041.60009765625,3040.699951171875,3041.39990234375,73.0
2025-03-21 03:06:00+00:00,3040.300048828125,3041.0,3040.300048828125,3040.699951171875,71.0
2025-03-21 03:07:00+00:00,3040.10009765625,3040.60009765625,3040.0,3040.39990234375,101.0
2025-03-21 03:08:00+00:00,3039.800048828125,3040.800048828125,3039.60009765625,3040.0,153.0
2025-03-21 03:09:00+00:00,3039.800048828125,3040.0,3039.199951171875,3039.89990234375,85.0
2025-03-21 03:10:00+00:00,3039.800048828125,3040.0,3039.300048828125,3039.800048828125,166.0
2025-03-21 03:11:00+00:00,3040.0,3040.199951171875,3039.60009765625,3039.800048828125,237.0
2025-03-21 03:12:00+00:00,3039.89990234375,3040.10009765625,3039.800048828125,3039.89990234375,75.0
2025-03-21 03:13:00+00:00,3039.39990234375,3040.0,3039.199951171875,3040.0,44.0
2025-03-21 03:14:00+00:00,3039.60009765625,3039.89990234375,3039.300048828125,3039.5,60.0
2025-03-21 03:15:00+00:00,3039.699951171875,3039.800048828125,3039.10009765625,3039.300048828125,65.0
2025-03-21 03:16:00+00:00,3039.39990234375,3040.10009765625,3039.10009765625,3039.39990234375,149.0
2025-03-21 03:17:00+00:00,3038.89990234375,3039.300048828125,3038.5,3039.300048828125,87.0
2025-03-21 03:18:00+00:00,3039.10009765625,3039.10009765625,3038.699951171875,3039.0,48.0
2025-03-21 03:19:00+00:00,3039.39990234375,3039.5,3039.10009765625,3039.10009765625,32.0
2025-03-21 03:20:00+00:00,3039.10009765625,3039.39990234375,3038.800048828125,3039.199951171875,34.0
2025-03-21 03:21:00+00:00,3040.0,3040.199951171875,3039.199951171875,3039.199951171875,85.0
2025-03-21 03:22:00+00:00,3039.199951171875,3039.89990234375,3039.199951171875,3039.89990234375,54.0
2025-03-21 03:23:00+00:00,3039.5,3039.60009765625,3039.10009765625,3039.300048828125,34.0
2025-03-21 03:24:00+00:00,3039.5,3039.699951171875,3039.39990234375,3039.60009765625,34.0
2025-03-21 03:25:00+00:00,3039.10009765625,3039.5,3038.800048828125,3039.39990234375,41.0
2025-03-21 03:26:00+00:00,3038.800048828125,3039.199951171875,3038.60009765625,3039.0,45.0
2025-03-21 03:27:00+00:00,3038.699951171875,3038.89990234375,3038.60009765625,3038.89990234375,33.0
2025-03-21 03:28:00+00:00,3038.699951171875,3039.10009765625,3038.60009765625,3038.800048828125,25.0
2025-03-21 03:29:00+00:00,3038.5,3038.89990234375,3038.39990234375,3038.699951171875,51.0
2025-03-21 03:30:00+00:00,3039.199951171875,3039.300048828125,3038.60009765625,3038.60009765625,44.0
2025-03-21 03:31:00+00:00,3038.89990234375,3039.10009765625,3038.89990234375,3039.10009765625,43.0
2025-03-21 03:32:00+00:00,3039.0,3039.10009765625,3038.800048828125,3038.89990234375,14.0
2025-03-21 03:33:00+00:00,3038.800048828125,3038.89990234375,3038.5,3038.89990234375,28.0
2025-03-21 03:34:00+00:00,3038.89990234375,3039.10009765625,3038.5,3038.60009765625,77.0
2025-03-21 03:35:00+00:00,3039.0,3039.199951171875,3038.800048828125,3038.89990234375,41.0
2025-03-21 03:36:00+00:00,3038.39990234375,3039.199951171875,3038.300048828125,3038.89990234375,104.0
2025-03-21 03:37:00+00:00,3038.300048828125,3038.39990234375,3038.0,3038.39990234375,80.0
2025-03-21 03:38:00+00:00,3038.800048828125,3039.10009765625,3038.199951171875,3038.300048828125,69.0
2025-03-21 03:39:00+00:00,3038.699951171875,3039.0,3038.699951171875,3038.800048828125,24.0
2025-03-21 03:40:00+00:00,3039.699951171875,3039.699951171875,3038.39990234375,3038.699951171875,51.0
2025-03-21 03:41:00+00:00,3039.39990234375,3039.800048828125,3039.39990234375,3039.800048828125,35.0
2025-03-21 03:42:00+00:00,3039.300048828125,3039.5,3039.199951171875,3039.300048828125,33.0
2025-03-21 03:43:00+00:00,3039.10009765625,3039.300048828125,3039.10009765625,3039.199951171875,15.0
2025-03-21 03:44:00+00:00,3038.60009765625,3039.0,3038.60009765625,3039.0,74.0
2025-03-21 03:45:00+00:00,3039.39990234375,3039.60009765625,3038.699951171875,3038.699951171875,145.0
2025-03-21 03:46:00+00:00,3039.39990234375,3039.699951171875,3039.39990234375,3039.5,21.0
2025-03-21 03:47:00+00:00,3039.39990234375,3039.5,3039.39990234375,3039.5,14.0
2025-03-21 03:48:00+00:00,3039.5,3040.0,3039.39990234375,3039.39990234375,157.0
2025-03-21 03:49:00+00:00,3039.10009765625,3039.800048828125,3038.89990234375,3039.39990234375,120.0
2025-03-21 03:50:00+00:00,3038.5,3039.39990234375,3038.39990234375,3039.199951171875,112.0
2025-03-21 03:51:00+00:00,3039.800048828125,3039.89990234375,3038.5,3038.5,129.0
2025-03-21 03:52:00+00:00,3039.5,3040.0,3039.39990234375,3039.800048828125,141.0
2025-03-21 03:53:00+00:00,3038.89990234375,3039.5,3038.800048828125,3039.5,57.0
2025-03-21 03:54:00+00:00,3038.800048828125,3039.199951171875,3038.800048828125,3039.0,15.0
2025-03-21 03:55:00+00:00,3039.0,3039.0,3038.60009765625,3038.800048828125,33.0
2025-03-21 03:56:00+00:00,3039.0,3039.300048828125,3038.5,3038.800048828125,51.0
2025-03-21 03:57:00+00:00,3038.699951171875,3038.89990234375,3038.60009765625,3038.89990234375,14.0
2025-03-21 03:58:00+00:00,3037.89990234375,3039.0,3037.800048828125,3038.60009765625,77.0
2025-03-21 04:00:00+00:00,3036.300048828125,3038.10009765625,3036.300048828125,3037.5,367.0
2025-03-21 04:01:00+00:00,3036.699951171875,3036.800048828125,3036.10009765625,3036.39990234375,183.0
2025-03-21 04:02:00+00:00,3036.300048828125,3037.10009765625,3036.300048828125,3036.699951171875,125.0
2025-03-21 04:03:00+00:00,3037.300048828125,3037.39990234375,3036.0,3036.300048828125,81.0
2025-03-21 04:04:00+00:00,3037.60009765625,3037.60009765625,3037.199951171875,3037.39990234375,28.0
2025-03-21 04:05:00+00:00,3038.10009765625,3038.300048828125,3037.39990234375,3037.5,37.0
2025-03-21 04:06:00+00:00,3038.199951171875,3038.300048828125,3038.10009765625,3038.199951171875,26.0
2025-03-21 04:07:00+00:00,3038.39990234375,3038.5,3038.199951171875,3038.300048828125,10.0
2025-03-21 04:08:00+00:00,3038.39990234375,3038.699951171875,3038.300048828125,3038.5,38.0
2025-03-21 04:09:00+00:00,3039.199951171875,3039.199951171875,3038.60009765625,3038.60009765625,17.0
2025-03-21 04:10:00+00:00,3038.10009765625,3039.300048828125,3037.800048828125,3039.10009765625,85.0
2025-03-21 04:11:00+00:00,3038.300048828125,3038.60009765625,3038.10009765625,3038.10009765625,37.0
2025-03-21 04:12:00+00:00,3038.10009765625,3038.39990234375,3038.0,3038.199951171875,39.0
2025-03-21 04:13:00+00:00,3038.10009765625,3038.10009765625,3038.0,3038.10009765625,9.0
2025-03-21 04:14:00+00:00,3038.5,3038.5,3038.300048828125,3038.300048828125,16.0
2025-03-21 04:15:00+00:00,3037.89990234375,3038.39990234375,3037.800048828125,3038.300048828125,34.0
2025-03-21 04:16:00+00:00,3038.60009765625,3038.89990234375,3038.0,3038.0,42.0
2025-03-21 04:17:00+00:00,3038.60009765625,3038.89990234375,3038.60009765625,3038.60009765625,22.0
2025-03-21 04:18:00+00:00,3037.800048828125,3038.699951171875,3037.699951171875,3038.60009765625,69.0
2025-03-21 04:19:00+00:00,3037.699951171875,3037.89990234375,3037.39990234375,3037.89990234375,66.0
2025-03-21 04:20:00+00:00,3037.60009765625,3037.60009765625,3037.300048828125,3037.60009765625,19.0
2025-03-21 04:21:00+00:00,3037.5,3037.699951171875,3037.5,3037.5,11.0
2025-03-21 04:22:00+00:00,3037.89990234375,3037.89990234375,3037.300048828125,3037.5,23.0
2025-03-21 04:23:00+00:00,3037.60009765625,3037.800048828125,3037.60009765625,3037.800048828125,17.0
2025-03-21 04:24:00+00:00,3037.5,3037.800048828125,3037.39990234375,3037.699951171875,22.0
2025-03-21 04:25:00+00:00,3038.0,3038.0,3037.300048828125,3037.5,14.0
2025-03-21 04:26:00+00:00,3037.800048828125,3037.800048828125,3037.60009765625,3037.800048828125,14.0
2025-03-21 04:27:00+00:00,3037.89990234375,3038.0,3037.699951171875,3037.699951171875,17.0
2025-03-21 04:28:00+00:00,3037.800048828125,3037.800048828125,3037.60009765625,3037.800048828125,13.0
2025-03-21 04:29:00+00:00,3037.89990234375,3038.10009765625,3037.699951171875,3037.699951171875,9.0
2025-03-21 04:30:00+00:00,3038.0,3038.300048828125,3038.0,3038.10009765625,27.0
2025-03-21 04:31:00+00:00,3038.199951171875,3038.199951171875,3037.699951171875,3037.89990234375,23.0
2025-03-21 04:32:00+00:00,3038.60009765625,3038.60009765625,3038.10009765625,3038.199951171875,32.0
2025-03-21 04:33:00+00:00,3038.10009765625,3038.699951171875,3038.0,3038.60009765625,38.0
2025-03-21 04:34:00+00:00,3038.60009765625,3038.800048828125,3037.89990234375,3037.89990234375,48.0
2025-03-21 04:35:00+00:00,3038.39990234375,3038.60009765625,3038.300048828125,3038.5,27.0
2025-03-21 04:36:00+00:00,3038.199951171875,3038.39990234375,3038.199951171875,3038.300048828125,12.0
2025-03-21 04:37:00+00:00,3038.300048828125,3038.300048828125,3038.199951171875,3038.300048828125,11.0
2025-03-21 04:38:00+00:00,3038.60009765625,3038.60009765625,3038.300048828125,3038.300048828125,23.0
2025-03-21 04:39:00+00:00,3038.800048828125,3038.800048828125,3038.5,3038.699951171875,18.0
2025-03-21 04:40:00+00:00,3038.89990234375,3038.89990234375,3038.60009765625,3038.800048828125,29.0
2025-03-21 04:41:00+00:00,3038.89990234375,3038.89990234375,3038.60009765625,3038.89990234375,18.0
2025-03-21 04:42:00+00:00,3038.699951171875,3038.89990234375,3038.5,3038.89990234375,28.0
2025-03-21 04:43:00+00:00,3038.699951171875,3038.699951171875,3038.60009765625,3038.60009765625,23.0
2025-03-21 04:44:00+00:00,3038.699951171875,3038.89990234375,3038.60009765625,3038.699951171875,18.0
2025-03-21 04:45:00+00:00,3038.699951171875,3038.699951171875,3038.300048828125,3038.699951171875,34.0
2025-03-21 04:46:00+00:00,3038.199951171875,3039.0,3038.199951171875,3038.800048828125,40.0
2025-03-21 04:47:00+00:00,3038.300048828125,3038.39990234375,3038.0,3038.10009765625,22.0
2025-03-21 04:48:00+00:00,3038.300048828125,3038.39990234375,3038.0,3038.39990234375,43.0
2025-03-21 04:49:00+00:00,3038.0,3038.199951171875,3037.800048828125,3038.199951171875,24.0
2025-03-21 04:50:00+00:00,3037.5,3037.89990234375,3037.5,3037.89990234375,22.0
2025-03-21 04:51:00+00:00,3036.60009765625,3037.39990234375,3036.60009765625,3037.39990234375,83.0
2025-03-21 04:52:00+00:00,3035.60009765625,3036.800048828125,3035.5,3036.699951171875,155.0
2025-03-21 04:53:00+00:00,3036.300048828125,3036.60009765625,3035.5,3035.699951171875,181.0
2025-03-21 04:54:00+00:00,3037.10009765625,3037.199951171875,3036.39990234375,3036.39990234375,81.0
2025-03-21 04:55:00+00:00,3038.0,3038.10009765625,3037.10009765625,3037.10009765625,130.0
2025-03-21 04:56:00+00:00,3037.300048828125,3038.10009765625,3037.199951171875,3038.0,59.0
2025-03-21 04:57:00+00:00,3037.199951171875,3037.39990234375,3037.10009765625,3037.300048828125,14.0
2025-03-21 04:58:00+00:00,3037.199951171875,3037.300048828125,3037.0,3037.10009765625,12.0
2025-03-21 04:59:00+00:00,3037.5,3037.5,3037.199951171875,3037.199951171875,31.0
2025-03-21 05:00:00+00:00,3037.39990234375,3037.699951171875,3037.199951171875,3037.60009765625,21.0
2025-03-21 05:01:00+00:00,3037.699951171875,3037.800048828125,3037.5,3037.5,18.0
2025-03-21 05:02:00+00:00,3037.800048828125,3037.89990234375,3037.60009765625,3037.60009765625,22.0
2025-03-21 05:03:00+00:00,3037.5,3037.699951171875,3037.5,3037.60009765625,7.0
2025-03-21 05:04:00+00:00,3037.39990234375,3037.60009765625,3037.39990234375,3037.60009765625,6.0
2025-03-21 05:05:00+00:00,3036.39990234375,3037.300048828125,3036.300048828125,3037.199951171875,23.0
2025-03-21 05:06:00+00:00,3036.699951171875,3036.699951171875,3036.60009765625,3036.60009765625,6.0
2025-03-21 05:07:00+00:00,3036.5,3036.60009765625,3036.5,3036.5,8.0
2025-03-21 05:08:00+00:00,3036.39990234375,3036.5,3036.199951171875,3036.39990234375,23.0
2025-03-21 05:09:00+00:00,3036.0,3036.5,3036.0,3036.300048828125,59.0
2025-03-21 05:10:00+00:00,3035.699951171875,3036.199951171875,3035.699951171875,3036.0,42.0
2025-03-21 05:11:00+00:00,3035.60009765625,3035.800048828125,3035.300048828125,3035.699951171875,71.0
2025-03-21 05:12:00+00:00,3035.699951171875,3036.0,3035.10009765625,3035.5,94.0
2025-03-21 05:13:00+00:00,3035.800048828125,3035.800048828125,3035.60009765625,3035.800048828125,21.0
2025-03-21 05:14:00+00:00,3035.10009765625,3035.89990234375,3035.10009765625,3035.800048828125,51.0
2025-03-21 05:15:00+00:00,3034.89990234375,3035.39990234375,3034.60009765625,3035.10009765625,197.0
2025-03-21 05:16:00+00:00,3034.39990234375,3035.0,3034.39990234375,3034.800048828125,61.0
2025-03-21 05:17:00+00:00,3035.300048828125,3035.300048828125,3034.5,3034.5,25.0
2025-03-21 05:18:00+00:00,3035.199951171875,3035.300048828125,3035.10009765625,3035.300048828125,26.0
2025-03-21 05:19:00+00:00,3034.699951171875,3035.199951171875,3034.699951171875,3035.10009765625,34.0
2025-03-21 05:20:00+00:00,3035.10009765625,3035.10009765625,3034.5,3034.60009765625,84.0
2025-03-21 05:21:00+00:00,3035.199951171875,3035.300048828125,3034.800048828125,3034.89990234375,52.0
2025-03-21 05:22:00+00:00,3034.699951171875,3035.300048828125,3034.699951171875,3035.199951171875,30.0
2025-03-21 05:23:00+00:00,3034.89990234375,3035.300048828125,3034.699951171875,3034.699951171875,38.0
2025-03-21 05:24:00+00:00,3034.699951171875,3035.10009765625,3034.699951171875,3035.10009765625,12.0
2025-03-21 05:25:00+00:00,3034.300048828125,3034.699951171875,3034.10009765625,3034.60009765625,77.0
2025-03-21 05:26:00+00:00,3034.39990234375,3034.60009765625,3034.0,3034.39990234375,70.0
2025-03-21 05:27:00+00:00,3034.60009765625,3034.89990234375,3034.10009765625,3034.300048828125,50.0
2025-03-21 05:28:00+00:00,3034.5,3034.89990234375,3034.5,3034.699951171875,17.0
2025-03-21 05:29:00+00:00,3034.39990234375,3034.60009765625,3034.300048828125,3034.39990234375,14.0
2025-03-21 05:30:00+00:00,3034.800048828125,3034.89990234375,3033.5,3034.300048828125,204.0
2025-03-21 05:31:00+00:00,3034.0,3035.0,3034.0,3034.89990234375,51.0
2025-03-21 05:32:00+00:00,3033.199951171875,3034.39990234375,3033.0,3034.199951171875,301.0
2025-03-21 05:33:00+00:00,3033.5,3034.0,3033.39990234375,3033.39990234375,57.0
2025-03-21 05:34:00+00:00,3033.800048828125,3033.89990234375,3033.199951171875,3033.39990234375,55.0
2025-03-21 05:35:00+00:00,3033.60009765625,3034.10009765625,3033.5,3033.800048828125,67.0
2025-03-21 05:36:00+00:00,3034.300048828125,3034.5,3033.5,3033.699951171875,67.0
2025-03-21 05:37:00+00:00,3033.5,3034.39990234375,3033.199951171875,3034.199951171875,104.0
2025-03-21 05:38:00+00:00,3033.699951171875,3033.699951171875,3033.300048828125,3033.5,38.0
2025-03-21 05:39:00+00:00,3033.5,3033.89990234375,3033.5,3033.699951171875,30.0
2025-03-21 05:40:00+00:00,3033.699951171875,3034.0,3033.39990234375,3033.5,36.0
2025-03-21 05:41:00+00:00,3033.199951171875,3033.800048828125,3033.199951171875,3033.699951171875,70.0
2025-03-21 05:42:00+00:00,3029.699951171875,3033.300048828125,3026.89990234375,3033.199951171875,1846.0
2025-03-21 05:43:00+00:00,3030.800048828125,3031.10009765625,3028.699951171875,3029.60009765625,551.0
2025-03-21 05:44:00+00:00,3031.10009765625,3031.699951171875,3030.300048828125,3030.89990234375,273.0
2025-03-21 05:45:00+00:00,3031.300048828125,3031.60009765625,3030.5,3031.10009765625,185.0
2025-03-21 05:46:00+00:00,3031.89990234375,3031.89990234375,3030.300048828125,3031.0,103.0
2025-03-21 05:47:00+00:00,3031.199951171875,3032.699951171875,3031.199951171875,3032.10009765625,132.0
2025-03-21 05:48:00+00:00,3031.699951171875,3032.300048828125,3031.39990234375,3031.39990234375,92.0
2025-03-21 05:49:00+00:00,3031.5,3032.0,3031.39990234375,3031.60009765625,58.0
2025-03-21 05:50:00+00:00,3032.39990234375,3032.5,3031.300048828125,3031.5,69.0
2025-03-21 05:51:00+00:00,3033.300048828125,3033.300048828125,3032.39990234375,3032.5,91.0
2025-03-21 05:52:00+00:00,3034.10009765625,3034.199951171875,3032.89990234375,3033.199951171875,135.0
2025-03-21 05:53:00+00:00,3033.800048828125,3034.300048828125,3033.39990234375,3034.0,105.0
2025-03-21 05:54:00+00:00,3033.699951171875,3034.199951171875,3033.5,3034.0,51.0
2025-03-21 05:55:00+00:00,3035.0,3035.0,3033.800048828125,3033.800048828125,79.0
2025-03-21 05:56:00+00:00,3035.699951171875,3036.10009765625,3034.60009765625,3035.0,234.0
2025-03-21 05:57:00+00:00,3035.800048828125,3036.60009765625,3035.5,3035.5,133.0
2025-03-21 05:58:00+00:00,3036.10009765625,3036.300048828125,3035.800048828125,3035.800048828125,29.0
2025-03-21 05:59:00+00:00,3035.199951171875,3036.199951171875,3035.10009765625,3036.0,81.0
2025-03-21 06:00:00+00:00,3035.300048828125,3035.800048828125,3034.60009765625,3035.300048828125,164.0
2025-03-21 06:01:00+00:00,3035.699951171875,3036.39990234375,3035.39990234375,3035.39990234375,142.0
2025-03-21 06:02:00+00:00,3035.39990234375,3036.10009765625,3035.300048828125,3035.699951171875,136.0
2025-03-21 06:03:00+00:00,3036.699951171875,3037.0,3035.10009765625,3035.300048828125,92.0
2025-03-21 06:04:00+00:00,3037.300048828125,3037.60009765625,3036.60009765625,3036.89990234375,103.0
2025-03-21 06:05:00+00:00,3037.699951171875,3038.10009765625,3037.300048828125,3037.39990234375,146.0
2025-03-21 06:06:00+00:00,3038.0,3038.199951171875,3037.5,3037.800048828125,103.0
2025-03-21 06:07:00+00:00,3037.60009765625,3038.300048828125,3037.0,3038.199951171875,91.0
2025-03-21 06:08:00+00:00,3037.89990234375,3038.60009765625,3037.5,3037.699951171875,129.0
2025-03-21 06:09:00+00:00,3038.699951171875,3038.800048828125,3037.699951171875,3037.800048828125,218.0
2025-03-21 06:10:00+00:00,3039.10009765625,3039.300048828125,3038.60009765625,3038.89990234375,170.0
2025-03-21 06:11:00+00:00,3037.39990234375,3039.199951171875,3036.800048828125,3039.10009765625,238.0
2025-03-21 06:12:00+00:00,3037.39990234375,3037.699951171875,3036.60009765625,3037.39990234375,73.0
2025-03-21 06:13:00+00:00,3037.10009765625,3037.699951171875,3036.699951171875,3037.5,54.0
2025-03-21 06:14:00+00:00,3037.300048828125,3037.5,3036.800048828125,3037.10009765625,29.0
2025-03-21 06:15:00+00:00,3037.39990234375,3037.89990234375,3036.89990234375,3037.60009765625,102.0
2025-03-21 06:16:00+00:00,3037.199951171875,3037.5,3037.0,3037.39990234375,44.0
2025-03-21 06:17:00+00:00,3037.89990234375,3037.89990234375,3037.0,3037.10009765625,35.0
2025-03-21 06:18:00+00:00,3037.699951171875,3038.199951171875,3037.39990234375,3038.0,52.0
2025-03-21 06:19:00+00:00,3038.300048828125,3038.60009765625,3037.800048828125,3037.89990234375,68.0
2025-03-21 06:20:00+00:00,3038.0,3038.300048828125,3037.89990234375,3038.199951171875,36.0
2025-03-21 06:21:00+00:00,3038.199951171875,3038.199951171875,3037.89990234375,3037.89990234375,26.0
2025-03-21 06:22:00+00:00,3038.300048828125,3038.5,3038.0,3038.199951171875,23.0
2025-03-21 06:23:00+00:00,3037.800048828125,3038.10009765625,3037.60009765625,3038.10009765625,41.0
2025-03-21 06:24:00+00:00,3038.300048828125,3038.699951171875,3038.199951171875,3038.199951171875,19.0
2025-03-21 06:25:00+00:00,3038.699951171875,3038.800048828125,3038.10009765625,3038.10009765625,64.0
2025-03-21 06:26:00+00:00,3037.699951171875,3038.60009765625,3037.699951171875,3038.60009765625,32.0
2025-03-21 06:27:00+00:00,3038.0,3038.0,3037.800048828125,3037.800048828125,13.0
2025-03-21 06:28:00+00:00,3037.800048828125,3038.300048828125,3037.699951171875,3037.89990234375,79.0
2025-03-21 06:29:00+00:00,3038.0,3038.199951171875,3037.699951171875,3037.699951171875,43.0
2025-03-21 06:30:00+00:00,3038.199951171875,3039.0,3037.800048828125,3037.89990234375,82.0
2025-03-21 06:31:00+00:00,3039.0,3039.60009765625,3038.199951171875,3038.199951171875,66.0
2025-03-21 06:32:00+00:00,3039.0,3039.39990234375,3038.89990234375,3039.0,27.0
2025-03-21 06:33:00+00:00,3038.800048828125,3039.699951171875,3038.39990234375,3039.300048828125,264.0
2025-03-21 06:34:00+00:00,3039.699951171875,3040.0,3039.0,3039.0,117.0
2025-03-21 06:35:00+00:00,3039.60009765625,3040.0,3039.300048828125,3039.699951171875,122.0
2025-03-21 06:36:00+00:00,3039.699951171875,3040.0,3039.5,3039.60009765625,156.0
2025-03-21 06:37:00+00:00,3040.0,3040.0,3039.60009765625,3039.699951171875,125.0
2025-03-21 06:38:00+00:00,3039.800048828125,3040.0,3039.699951171875,3039.800048828125,80.0
2025-03-21 06:39:00+00:00,3039.699951171875,3039.89990234375,3039.699951171875,3039.800048828125,22.0
2025-03-21 06:40:00+00:00,3040.0,3041.0,3039.800048828125,3039.800048828125,348.0
2025-03-21 06:41:00+00:00,3039.800048828125,3040.10009765625,3039.699951171875,3040.0,47.0
2025-03-21 06:42:00+00:00,3038.89990234375,3040.0,3038.89990234375,3039.89990234375,143.0
2025-03-21 06:43:00+00:00,3038.60009765625,3039.10009765625,3038.199951171875,3039.0,131.0
2025-03-21 06:44:00+00:00,3039.0,3039.0,3038.5,3038.5,39.0
2025-03-21 06:45:00+00:00,3038.800048828125,3039.199951171875,3038.699951171875,3039.10009765625,118.0
2025-03-21 06:46:00+00:00,3037.699951171875,3038.699951171875,3037.10009765625,3038.699951171875,159.0
2025-03-21 06:47:00+00:00,3037.300048828125,3037.60009765625,3036.699951171875,3037.60009765625,127.0
2025-03-21 06:48:00+00:00,3036.0,3037.39990234375,3035.89990234375,3037.199951171875,156.0
2025-03-21 06:49:00+00:00,3036.0,3036.199951171875,3035.10009765625,3036.10009765625,215.0
2025-03-21 06:50:00+00:00,3036.699951171875,3036.89990234375,3035.699951171875,3036.10009765625,142.0
2025-03-21 06:51:00+00:00,3036.39990234375,3036.89990234375,3036.10009765625,3036.800048828125,62.0
2025-03-21 06:52:00+00:00,3036.199951171875,3036.60009765625,3035.60009765625,3036.60009765625,66.0
2025-03-21 06:53:00+00:00,3036.60009765625,3036.60009765625,3036.10009765625,3036.300048828125,33.0
2025-03-21 06:54:00+00:00,3035.39990234375,3036.39990234375,3035.39990234375,3036.39990234375,40.0
2025-03-21 06:55:00+00:00,3036.199951171875,3036.199951171875,3035.39990234375,3035.5,48.0
2025-03-21 06:56:00+00:00,3036.199951171875,3036.300048828125,3035.60009765625,3036.10009765625,59.0
2025-03-21 06:57:00+00:00,3036.60009765625,3036.89990234375,3036.10009765625,3036.199951171875,56.0
2025-03-21 06:58:00+00:00,3036.800048828125,3037.0,3036.699951171875,3036.800048828125,27.0
2025-03-21 06:59:00+00:00,3036.89990234375,3036.89990234375,3036.60009765625,3036.800048828125,18.0
2025-03-21 07:00:00+00:00,3035.60009765625,3036.800048828125,3035.199951171875,3036.800048828125,145.0
2025-03-21 07:01:00+00:00,3035.5,3035.699951171875,3035.300048828125,3035.60009765625,78.0
2025-03-21 07:02:00+00:00,3035.699951171875,3036.0,3035.5,3035.800048828125,44.0
2025-03-21 07:03:00+00:00,3035.5,3035.699951171875,3035.199951171875,3035.60009765625,50.0
2025-03-21 07:04:00+00:00,3035.60009765625,3035.60009765625,3035.0,3035.39990234375,58.0
2025-03-21 07:05:00+00:00,3036.60009765625,3037.199951171875,3035.800048828125,3035.800048828125,129.0
2025-03-21 07:06:00+00:00,3036.10009765625,3036.5,3035.89990234375,3036.5,32.0
2025-03-21 07:07:00+00:00,3036.800048828125,3036.89990234375,3036.199951171875,3036.39990234375,46.0
2025-03-21 07:08:00+00:00,3037.5,3037.699951171875,3037.0,3037.0,44.0
2025-03-21 07:09:00+00:00,3038.300048828125,3038.300048828125,3037.800048828125,3037.800048828125,66.0
2025-03-21 07:10:00+00:00,3038.5,3038.699951171875,3038.0,3038.10009765625,59.0
2025-03-21 07:11:00+00:00,3039.0,3039.0,3038.39990234375,3038.5,53.0
2025-03-21 07:12:00+00:00,3039.10009765625,3039.199951171875,3038.699951171875,3038.89990234375,42.0
2025-03-21 07:13:00+00:00,3038.699951171875,3039.39990234375,3038.5,3039.199951171875,47.0
2025-03-21 07:14:00+00:00,3038.199951171875,3038.5,3037.89990234375,3038.5,60.0
2025-03-21 07:15:00+00:00,3038.5,3038.699951171875,3038.199951171875,3038.199951171875,71.0
2025-03-21 07:16:00+00:00,3039.0,3039.0,3038.199951171875,3038.39990234375,71.0
2025-03-21 07:17:00+00:00,3038.699951171875,3039.0,3038.5,3038.800048828125,37.0
2025-03-21 07:18:00+00:00,3037.5,3038.5,3037.39990234375,3038.39990234375,53.0
2025-03-21 07:19:00+00:00,3036.89990234375,3037.39990234375,3036.699951171875,3037.300048828125,44.0
2025-03-21 07:20:00+00:00,3036.699951171875,3036.800048828125,3036.39990234375,3036.800048828125,130.0
2025-03-21 07:21:00+00:00,3037.0,3037.10009765625,3036.800048828125,3036.800048828125,48.0
2025-03-21 07:22:00+00:00,3037.800048828125,3037.89990234375,3036.800048828125,3037.0,49.0
2025-03-21 07:23:00+00:00,3037.60009765625,3038.0,3037.60009765625,3037.699951171875,31.0
2025-03-21 07:24:00+00:00,3037.800048828125,3038.199951171875,3037.5,3037.89990234375,53.0
2025-03-21 07:25:00+00:00,3037.800048828125,3038.39990234375,3037.800048828125,3037.800048828125,42.0
2025-03-21 07:26:00+00:00,3037.800048828125,3038.199951171875,3037.300048828125,3037.800048828125,96.0
2025-03-21 07:27:00+00:00,3038.199951171875,3038.699951171875,3037.800048828125,3038.0,120.0
2025-03-21 07:28:00+00:00,3038.60009765625,3038.699951171875,3038.0,3038.10009765625,40.0
2025-03-21 07:29:00+00:00,3038.39990234375,3038.800048828125,3037.89990234375,3038.60009765625,90.0
2025-03-21 07:40:00+00:00,3037.39990234375,3038.5,3037.199951171875,3038.5,584.0
2025-03-21 07:41:00+00:00,3037.0,3037.5,3036.60009765625,3037.5,65.0
2025-03-21 07:42:00+00:00,3037.0,3037.10009765625,3036.5,3037.0,60.0
2025-03-21 07:43:00+00:00,3037.60009765625,3037.699951171875,3036.800048828125,3036.89990234375,50.0
2025-03-21 07:44:00+00:00,3037.60009765625,3037.89990234375,3037.60009765625,3037.699951171875,21.0
2025-03-21 07:45:00+00:00,3037.800048828125,3037.800048828125,3037.39990234375,3037.5,15.0
2025-03-21 07:46:00+00:00,3037.699951171875,3037.800048828125,3037.39990234375,3037.800048828125,8.0
2025-03-21 07:47:00+00:00,3037.699951171875,3037.800048828125,3037.300048828125,3037.39990234375,21.0
2025-03-21 07:48:00+00:00,3038.0,3038.300048828125,3037.60009765625,3037.60009765625,65.0
2025-03-21 07:49:00+00:00,3037.0,3037.89990234375,3036.800048828125,3037.89990234375,53.0
2025-03-21 07:50:00+00:00,3036.60009765625,3036.89990234375,3036.60009765625,3036.89990234375,29.0
2025-03-21 07:51:00+00:00,3036.89990234375,3037.10009765625,3036.60009765625,3036.60009765625,36.0
2025-03-21 07:52:00+00:00,3036.800048828125,3037.39990234375,3036.699951171875,3036.89990234375,42.0
2025-03-21 07:53:00+00:00,3036.5,3037.10009765625,3035.699951171875,3036.89990234375,142.0
2025-03-21 07:54:00+00:00,3036.300048828125,3036.5,3035.60009765625,3036.10009765625,78.0
2025-03-21 07:55:00+00:00,3036.5,3037.0,3036.39990234375,3036.5,141.0
2025-03-21 07:56:00+00:00,3036.300048828125,3036.39990234375,3036.0,3036.300048828125,28.0
2025-03-21 07:57:00+00:00,3037.10009765625,3037.10009765625,3036.39990234375,3036.39990234375,43.0
2025-03-21 07:58:00+00:00,3037.5,3038.199951171875,3037.10009765625,3037.199951171875,75.0
2025-03-21 07:59:00+00:00,3038.199951171875,3038.199951171875,3037.300048828125,3037.699951171875,47.0
2025-03-21 08:00:00+00:00,3039.0,3039.199951171875,3037.39990234375,3038.300048828125,84.0
2025-03-21 08:01:00+00:00,3039.699951171875,3040.0,3038.5,3039.10009765625,152.0
2025-03-21 08:02:00+00:00,3039.89990234375,3040.199951171875,3039.39990234375,3039.60009765625,131.0
2025-03-21 08:03:00+00:00,3039.800048828125,3040.10009765625,3039.699951171875,3040.10009765625,174.0
2025-03-21 08:04:00+00:00,3040.10009765625,3040.300048828125,3039.699951171875,3039.800048828125,205.0
2025-03-21 08:05:00+00:00,3039.89990234375,3040.39990234375,3039.89990234375,3040.199951171875,94.0
2025-03-21 08:06:00+00:00,3039.89990234375,3040.39990234375,3039.60009765625,3039.89990234375,127.0
2025-03-21 08:07:00+00:00,3040.39990234375,3040.5,3039.60009765625,3039.89990234375,57.0
2025-03-21 08:08:00+00:00,3041.39990234375,3041.39990234375,3040.39990234375,3040.39990234375,206.0
2025-03-21 08:09:00+00:00,3040.60009765625,3041.5,3040.5,3041.5,164.0
2025-03-21 08:10:00+00:00,3038.5,3040.699951171875,3038.300048828125,3040.699951171875,150.0
2025-03-21 08:11:00+00:00,3038.199951171875,3038.60009765625,3037.5,3038.60009765625,139.0
2025-03-21 08:12:00+00:00,3037.10009765625,3038.5,3037.0,3038.5,65.0
2025-03-21 08:13:00+00:00,3036.199951171875,3037.10009765625,3036.199951171875,3037.10009765625,133.0
2025-03-21 08:14:00+00:00,3036.699951171875,3036.699951171875,3036.10009765625,3036.39990234375,67.0
2025-03-21 08:15:00+00:00,3036.0,3036.89990234375,3035.800048828125,3036.699951171875,75.0
2025-03-21 08:16:00+00:00,3034.10009765625,3036.199951171875,3033.10009765625,3036.10009765625,542.0
2025-03-21 08:17:00+00:00,3034.699951171875,3035.5,3034.199951171875,3034.199951171875,137.0
2025-03-21 08:18:00+00:00,3035.0,3035.39990234375,3034.300048828125,3034.699951171875,52.0
2025-03-21 08:19:00+00:00,3034.800048828125,3035.300048828125,3034.39990234375,3035.10009765625,67.0
2025-03-21 08:20:00+00:00,3035.199951171875,3035.300048828125,3034.89990234375,3034.89990234375,106.0
2025-03-21 08:21:00+00:00,3034.5,3035.60009765625,3033.800048828125,3035.39990234375,765.0
2025-03-21 08:22:00+00:00,3034.39990234375,3034.60009765625,3034.0,3034.5,37.0
2025-03-21 08:23:00+00:00,3035.0,3035.199951171875,3034.300048828125,3034.60009765625,51.0
2025-03-21 08:24:00+00:00,3035.39990234375,3036.10009765625,3035.0,3035.10009765625,176.0
2025-03-21 08:25:00+00:00,3034.60009765625,3035.300048828125,3034.39990234375,3035.300048828125,81.0
2025-03-21 08:26:00+00:00,3033.89990234375,3034.300048828125,3033.699951171875,3034.300048828125,41.0
2025-03-21 08:27:00+00:00,3034.10009765625,3034.10009765625,3033.199951171875,3033.800048828125,61.0
2025-03-21 08:28:00+00:00,3035.0,3035.0,3034.199951171875,3034.300048828125,56.0
2025-03-21 08:29:00+00:00,3034.89990234375,3035.5,3034.800048828125,3035.300048828125,36.0
2025-03-21 08:30:00+00:00,3035.199951171875,3035.199951171875,3034.199951171875,3034.800048828125,62.0
2025-03-21 08:31:00+00:00,3035.5,3035.800048828125,3035.199951171875,3035.39990234375,37.0
2025-03-21 08:32:00+00:00,3036.89990234375,3036.89990234375,3035.800048828125,3035.800048828125,89.0
2025-03-21 08:33:00+00:00,3037.10009765625,3037.89990234375,3036.699951171875,3036.699951171875,151.0
2025-03-21 08:34:00+00:00,3037.60009765625,3037.800048828125,3037.199951171875,3037.199951171875,64.0
2025-03-21 08:35:00+00:00,3038.10009765625,3038.5,3037.60009765625,3037.699951171875,94.0
2025-03-21 08:36:00+00:00,3038.39990234375,3039.10009765625,3038.0,3038.0,165.0
2025-03-21 08:37:00+00:00,3038.699951171875,3038.89990234375,3038.199951171875,3038.199951171875,46.0
2025-03-21 08:38:00+00:00,3039.39990234375,3039.39990234375,3038.300048828125,3038.699951171875,52.0
2025-03-21 08:39:00+00:00,3038.89990234375,3039.60009765625,3038.300048828125,3039.300048828125,230.0
2025-03-21 08:40:00+00:00,3038.89990234375,3039.10009765625,3038.800048828125,3038.89990234375,31.0
2025-03-21 08:41:00+00:00,3039.5,3039.699951171875,3038.800048828125,3038.800048828125,78.0
2025-03-21 08:42:00+00:00,3039.5,3039.699951171875,3039.10009765625,3039.5,37.0
2025-03-21 08:43:00+00:00,3039.60009765625,3039.800048828125,3039.0,3039.39990234375,35.0
2025-03-21 08:44:00+00:00,3039.800048828125,3040.10009765625,3039.5,3039.5,79.0
2025-03-21 08:45:00+00:00,3039.300048828125,3040.300048828125,3038.89990234375,3039.800048828125,274.0
2025-03-21 08:46:00+00:00,3040.0,3040.0,3039.199951171875,3039.39990234375,111.0
2025-03-21 08:47:00+00:00,3039.89990234375,3040.10009765625,3039.60009765625,3040.0,61.0
2025-03-21 08:48:00+00:00,3039.89990234375,3040.199951171875,3039.60009765625,3039.800048828125,295.0
2025-03-21 08:49:00+00:00,3040.199951171875,3040.300048828125,3039.60009765625,3040.0,1504.0
2025-03-21 08:50:00+00:00,3040.199951171875,3040.300048828125,3039.800048828125,3040.199951171875,433.0
2025-03-21 08:51:00+00:00,3039.60009765625,3040.199951171875,3039.39990234375,3040.10009765625,136.0
2025-03-21 08:52:00+00:00,3039.699951171875,3039.89990234375,3039.5,3039.699951171875,42.0
2025-03-21 08:53:00+00:00,3040.0,3040.199951171875,3039.199951171875,3039.60009765625,98.0
2025-03-21 08:54:00+00:00,3040.0,3040.199951171875,3039.800048828125,3040.10009765625,64.0
2025-03-21 08:55:00+00:00,3039.89990234375,3040.5,3039.699951171875,3039.89990234375,73.0
2025-03-21 08:56:00+00:00,3039.5,3040.10009765625,3039.5,3039.800048828125,51.0
2025-03-21 08:57:00+00:00,3039.699951171875,3039.89990234375,3039.39990234375,3039.5,30.0
2025-03-21 08:58:00+00:00,3039.89990234375,3040.300048828125,3039.89990234375,3039.89990234375,33.0
2025-03-21 08:59:00+00:00,3039.0,3039.699951171875,3038.800048828125,3039.699951171875,81.0
2025-03-21 09:00:00+00:00,3038.800048828125,3039.10009765625,3038.5,3038.89990234375,105.0
2025-03-21 09:01:00+00:00,3038.699951171875,3038.89990234375,3038.39990234375,3038.699951171875,55.0
2025-03-21 09:02:00+00:00,3037.60009765625,3038.60009765625,3037.5,3038.60009765625,79.0
2025-03-21 09:03:00+00:00,3037.0,3037.60009765625,3036.800048828125,3037.5,96.0
2025-03-21 09:04:00+00:00,3037.199951171875,3037.699951171875,3037.10009765625,3037.10009765625,68.0
2025-03-21 09:05:00+00:00,3038.199951171875,3038.300048828125,3037.10009765625,3037.10009765625,70.0
2025-03-21 09:06:00+00:00,3038.199951171875,3038.300048828125,3038.0,3038.199951171875,24.0
2025-03-21 09:07:00+00:00,3037.5,3038.10009765625,3037.39990234375,3038.10009765625,38.0
2025-03-21 09:08:00+00:00,3038.199951171875,3038.199951171875,3037.5,3037.60009765625,38.0
2025-03-21 09:09:00+00:00,3037.300048828125,3038.699951171875,3037.300048828125,3038.10009765625,210.0
2025-03-21 09:10:00+00:00,3036.10009765625,3037.10009765625,3036.0,3037.10009765625,124.0
2025-03-21 09:11:00+00:00,3035.0,3036.199951171875,3035.0,3036.10009765625,181.0
2025-03-21 09:12:00+00:00,3036.800048828125,3036.89990234375,3034.5,3035.0,229.0
2025-03-21 09:13:00+00:00,3035.699951171875,3036.89990234375,3035.39990234375,3036.699951171875,96.0
2025-03-21 09:14:00+00:00,3036.60009765625,3036.60009765625,3035.699951171875,3035.800048828125,54.0
2025-03-21 09:15:00+00:00,3036.39990234375,3036.60009765625,3035.800048828125,3036.60009765625,54.0
2025-03-21 09:16:00+00:00,3036.39990234375,3037.199951171875,3036.0,3036.39990234375,129.0
2025-03-21 09:17:00+00:00,3036.199951171875,3036.60009765625,3036.199951171875,3036.39990234375,25.0
2025-03-21 09:18:00+00:00,3036.10009765625,3036.199951171875,3035.800048828125,3036.0,45.0
2025-03-21 09:19:00+00:00,3036.5,3036.699951171875,3036.10009765625,3036.10009765625,37.0
2025-03-21 09:20:00+00:00,3036.800048828125,3037.10009765625,3036.60009765625,3036.60009765625,30.0
2025-03-21 09:21:00+00:00,3036.300048828125,3037.10009765625,3035.800048828125,3037.10009765625,27.0
2025-03-21 09:22:00+00:00,3036.10009765625,3036.300048828125,3036.0,3036.10009765625,25.0
2025-03-21 09:23:00+00:00,3037.300048828125,3037.5,3036.0,3036.0,85.0
2025-03-21 09:24:00+00:00,3036.89990234375,3037.5,3036.60009765625,3037.199951171875,58.0
2025-03-21 09:25:00+00:00,3037.0,3037.0,3036.60009765625,3037.0,14.0
2025-03-21 09:26:00+00:00,3036.60009765625,3037.0,3035.89990234375,3037.0,32.0
2025-03-21 09:27:00+00:00,3037.199951171875,3037.199951171875,3036.39990234375,3036.60009765625,20.0
2025-03-21 09:28:00+00:00,3037.699951171875,3037.800048828125,3037.300048828125,3037.300048828125,30.0
2025-03-21 09:29:00+00:00,3037.39990234375,3038.199951171875,3037.39990234375,3037.800048828125,74.0
2025-03-21 09:30:00+00:00,3037.5,3037.5,3037.39990234375,3037.39990234375,4.0
2025-03-21 09:40:00+00:00,3035.5,3035.89990234375,3035.5,3035.699951171875,667.0
2025-03-21 09:41:00+00:00,3035.89990234375,3035.89990234375,3035.699951171875,3035.699951171875,9.0
2025-03-21 09:42:00+00:00,3035.5,3035.89990234375,3035.300048828125,3035.89990234375,47.0
2025-03-21 09:43:00+00:00,3036.0,3036.199951171875,3035.300048828125,3035.39990234375,17.0
2025-03-21 09:44:00+00:00,3035.800048828125,3036.199951171875,3035.800048828125,3035.89990234375,19.0
2025-03-21 09:45:00+00:00,3036.300048828125,3036.5,3035.699951171875,3035.800048828125,42.0
2025-03-21 09:46:00+00:00,3036.699951171875,3037.0,3036.39990234375,3036.39990234375,42.0
2025-03-21 09:47:00+00:00,3036.60009765625,3037.0,3036.60009765625,3036.800048828125,27.0
2025-03-21 09:48:00+00:00,3036.39990234375,3036.699951171875,3036.39990234375,3036.699951171875,29.0
2025-03-21 09:49:00+00:00,3035.5,3036.5,3035.300048828125,3036.5,58.0
2025-03-21 09:50:00+00:00,3035.89990234375,3036.0,3035.0,3035.199951171875,28.0
2025-03-21 09:51:00+00:00,3035.89990234375,3036.199951171875,3035.699951171875,3035.800048828125,26.0
2025-03-21 09:52:00+00:00,3035.39990234375,3035.699951171875,3035.0,3035.699951171875,51.0
2025-03-21 09:53:00+00:00,3035.800048828125,3035.800048828125,3035.300048828125,3035.300048828125,11.0
2025-03-21 09:54:00+00:00,3036.800048828125,3037.39990234375,3035.699951171875,3035.800048828125,234.0
2025-03-21 09:55:00+00:00,3036.5,3037.0,3036.5,3036.699951171875,23.0
2025-03-21 09:56:00+00:00,3036.0,3037.300048828125,3035.699951171875,3036.60009765625,102.0
2025-03-21 09:57:00+00:00,3036.39990234375,3036.60009765625,3036.199951171875,3036.199951171875,28.0
2025-03-21 09:58:00+00:00,3036.199951171875,3036.60009765625,3036.199951171875,3036.60009765625,16.0
2025-03-21 09:59:00+00:00,3036.199951171875,3036.5,3035.800048828125,3036.10009765625,34.0
2025-03-21 10:00:00+00:00,3036.699951171875,3036.89990234375,3036.39990234375,3036.39990234375,22.0
2025-03-21 10:01:00+00:00,3037.800048828125,3038.0,3036.89990234375,3036.89990234375,299.0
2025-03-21 10:02:00+00:00,3038.199951171875,3038.199951171875,3037.800048828125,3037.800048828125,68.0
2025-03-21 10:03:00+00:00,3038.5,3038.800048828125,3038.10009765625,3038.10009765625,57.0
2025-03-21 10:04:00+00:00,3038.199951171875,3038.699951171875,3038.10009765625,3038.5,52.0
2025-03-21 10:05:00+00:00,3038.699951171875,3038.800048828125,3038.0,3038.10009765625,55.0
2025-03-21 10:06:00+00:00,3038.800048828125,3038.89990234375,3038.5,3038.60009765625,41.0
2025-03-21 10:07:00+00:00,3039.5,3039.5,3038.800048828125,3038.800048828125,106.0
2025-03-21 10:08:00+00:00,3039.39990234375,3039.89990234375,3039.39990234375,3039.39990234375,79.0
2025-03-21 10:09:00+00:00,3039.39990234375,3039.89990234375,3039.199951171875,3039.39990234375,116.0
2025-03-21 10:10:00+00:00,3039.5,3039.699951171875,3039.10009765625,3039.300048828125,42.0
2025-03-21 10:11:00+00:00,3039.800048828125,3040.199951171875,3039.5,3039.60009765625,97.0
2025-03-21 10:12:00+00:00,3038.89990234375,3040.10009765625,3038.89990234375,3039.89990234375,122.0
2025-03-21 10:13:00+00:00,3039.10009765625,3039.300048828125,3038.800048828125,3038.89990234375,54.0
2025-03-21 10:14:00+00:00,3039.300048828125,3039.60009765625,3039.10009765625,3039.300048828125,82.0
2025-03-21 10:15:00+00:00,3038.5,3039.5,3038.39990234375,3039.300048828125,227.0
2025-03-21 10:16:00+00:00,3038.800048828125,3039.0,3038.300048828125,3038.60009765625,58.0
2025-03-21 10:17:00+00:00,3039.10009765625,3039.5,3039.0,3039.0,59.0
2025-03-21 10:18:00+00:00,3039.10009765625,3039.300048828125,3039.10009765625,3039.10009765625,18.0
2025-03-21 10:19:00+00:00,3039.0,3039.10009765625,3039.0,3039.10009765625,4.0
2025-03-21 10:20:00+00:00,3039.10009765625,3039.199951171875,3038.800048828125,3039.0,33.0
2025-03-21 10:21:00+00:00,3039.0,3039.300048828125,3039.0,3039.300048828125,17.0
2025-03-21 10:22:00+00:00,3038.39990234375,3038.89990234375,3038.199951171875,3038.89990234375,86.0
2025-03-21 10:23:00+00:00,3038.699951171875,3038.800048828125,3038.10009765625,3038.39990234375,54.0
2025-03-21 10:24:00+00:00,3039.60009765625,3039.60009765625,3038.60009765625,3038.699951171875,93.0
2025-03-21 10:25:00+00:00,3038.699951171875,3039.60009765625,3038.699951171875,3039.5,29.0
2025-03-21 10:26:00+00:00,3038.800048828125,3039.0,3038.5,3038.800048828125,45.0
2025-03-21 10:27:00+00:00,3038.89990234375,3039.10009765625,3038.60009765625,3038.699951171875,22.0
2025-03-21 10:28:00+00:00,3038.60009765625,3038.800048828125,3038.39990234375,3038.699951171875,105.0
2025-03-21 10:29:00+00:00,3038.300048828125,3038.89990234375,3038.199951171875,3038.800048828125,100.0
2025-03-21 10:30:00+00:00,3037.800048828125,3038.39990234375,3037.699951171875,3038.10009765625,163.0
2025-03-21 10:31:00+00:00,3037.699951171875,3038.199951171875,3037.39990234375,3037.699951171875,79.0
2025-03-21 10:32:00+00:00,3037.300048828125,3038.10009765625,3037.300048828125,3037.60009765625,133.0
2025-03-21 10:33:00+00:00,3037.0,3037.39990234375,3036.89990234375,3037.39990234375,34.0
2025-03-21 10:34:00+00:00,3037.39990234375,3037.5,3036.89990234375,3037.10009765625,37.0
2025-03-21 10:35:00+00:00,3037.199951171875,3037.5,3037.10009765625,3037.39990234375,32.0
2025-03-21 10:36:00+00:00,3037.60009765625,3037.89990234375,3037.39990234375,3037.39990234375,23.0
2025-03-21 10:37:00+00:00,3038.10009765625,3038.10009765625,3037.699951171875,3037.699951171875,27.0
2025-03-21 10:38:00+00:00,3037.60009765625,3038.10009765625,3037.5,3038.0,32.0
2025-03-21 10:39:00+00:00,3037.300048828125,3037.5,3037.10009765625,3037.5,29.0
2025-03-21 10:40:00+00:00,3037.39990234375,3037.699951171875,3037.199951171875,3037.39990234375,30.0
2025-03-21 10:41:00+00:00,3037.699951171875,3037.699951171875,3037.5,3037.5,12.0
2025-03-21 10:42:00+00:00,3037.89990234375,3037.89990234375,3037.60009765625,3037.699951171875,39.0
2025-03-21 10:43:00+00:00,3038.89990234375,3039.199951171875,3038.0,3038.0,84.0
2025-03-21 10:44:00+00:00,3038.60009765625,3038.800048828125,3038.5,3038.800048828125,33.0
2025-03-21 10:45:00+00:00,3038.699951171875,3038.800048828125,3038.5,3038.5,17.0
2025-03-21 10:46:00+00:00,3038.89990234375,3039.10009765625,3038.699951171875,3038.800048828125,35.0
2025-03-21 10:47:00+00:00,3039.5,3039.89990234375,3039.0,3039.0,162.0
2025-03-21 10:48:00+00:00,3039.60009765625,3039.60009765625,3039.199951171875,3039.5,19.0
2025-03-21 10:49:00+00:00,3039.10009765625,3039.5,3039.10009765625,3039.5,26.0
2025-03-21 10:50:00+00:00,3039.300048828125,3039.60009765625,3039.199951171875,3039.300048828125,576.0
2025-03-21 10:51:00+00:00,3039.89990234375,3040.10009765625,3039.39990234375,3039.39990234375,70.0
2025-03-21 10:52:00+00:00,3040.10009765625,3040.39990234375,3039.89990234375,3039.89990234375,55.0
2025-03-21 10:53:00+00:00,3039.89990234375,3040.199951171875,3039.89990234375,3040.10009765625,32.0
2025-03-21 10:54:00+00:00,3040.0,3040.10009765625,3039.800048828125,3039.89990234375,30.0
2025-03-21 10:55:00+00:00,3039.300048828125,3040.0,3039.10009765625,3040.0,59.0
2025-03-21 10:56:00+00:00,3038.89990234375,3039.60009765625,3038.89990234375,3039.300048828125,78.0
2025-03-21 10:57:00+00:00,3038.699951171875,3039.10009765625,3038.60009765625,3038.89990234375,87.0
2025-03-21 10:58:00+00:00,3038.699951171875,3038.89990234375,3038.10009765625,3038.60009765625,121.0
2025-03-21 10:59:00+00:00,3037.800048828125,3038.699951171875,3037.800048828125,3038.699951171875,90.0
2025-03-21 11:00:00+00:00,3037.10009765625,3037.89990234375,3036.60009765625,3037.800048828125,138.0
2025-03-21 11:01:00+00:00,3036.699951171875,3037.300048828125,3036.10009765625,3037.0,357.0
2025-03-21 11:02:00+00:00,3037.10009765625,3037.199951171875,3036.199951171875,3036.5,201.0
2025-03-21 11:03:00+00:00,3037.10009765625,3037.300048828125,3036.39990234375,3037.0,71.0
2025-03-21 11:04:00+00:00,3036.800048828125,3037.199951171875,3036.60009765625,3037.199951171875,68.0
2025-03-21 11:05:00+00:00,3037.10009765625,3037.300048828125,3036.699951171875,3036.800048828125,69.0
2025-03-21 11:06:00+00:00,3037.0,3037.10009765625,3036.60009765625,3036.89990234375,53.0
2025-03-21 11:07:00+00:00,3037.39990234375,3037.699951171875,3037.10009765625,3037.199951171875,85.0
2025-03-21 11:08:00+00:00,3037.199951171875,3037.5,3036.89990234375,3037.5,30.0
2025-03-21 11:09:00+00:00,3038.0,3038.0,3037.10009765625,3037.199951171875,48.0
2025-03-21 11:10:00+00:00,3038.60009765625,3038.60009765625,3037.800048828125,3037.89990234375,40.0
2025-03-21 11:11:00+00:00,3038.39990234375,3038.800048828125,3038.39990234375,3038.800048828125,33.0
2025-03-21 11:12:00+00:00,3038.39990234375,3038.699951171875,3038.300048828125,3038.39990234375,62.0
2025-03-21 11:13:00+00:00,3038.89990234375,3039.0,3038.5,3038.60009765625,56.0
2025-03-21 11:14:00+00:00,3039.300048828125,3039.39990234375,3038.89990234375,3038.89990234375,57.0
2025-03-21 11:15:00+00:00,3039.10009765625,3039.60009765625,3038.89990234375,3039.300048828125,96.0
2025-03-21 11:16:00+00:00,3038.800048828125,3039.10009765625,3038.60009765625,3039.0,36.0
2025-03-21 11:17:00+00:00,3038.0,3038.800048828125,3037.89990234375,3038.699951171875,1166.0
2025-03-21 11:18:00+00:00,3037.300048828125,3038.199951171875,3037.300048828125,3038.199951171875,79.0
2025-03-21 11:19:00+00:00,3037.60009765625,3037.60009765625,3037.0,3037.199951171875,92.0
2025-03-21 11:20:00+00:00,3037.60009765625,3037.699951171875,3037.300048828125,3037.5,37.0
2025-03-21 11:21:00+00:00,3037.89990234375,3037.89990234375,3037.39990234375,3037.5,52.0
2025-03-21 11:22:00+00:00,3038.39990234375,3038.39990234375,3038.0,3038.0,19.0
2025-03-21 11:23:00+00:00,3038.0,3038.39990234375,3037.60009765625,3038.39990234375,42.0
2025-03-21 11:24:00+00:00,3037.5,3038.10009765625,3037.5,3038.10009765625,47.0
2025-03-21 11:25:00+00:00,3037.89990234375,3038.0,3037.60009765625,3037.60009765625,27.0
2025-03-21 11:26:00+00:00,3038.10009765625,3038.300048828125,3037.800048828125,3038.0,46.0
2025-03-21 11:27:00+00:00,3038.60009765625,3038.60009765625,3038.199951171875,3038.199951171875,29.0
2025-03-21 11:28:00+00:00,3038.5,3038.60009765625,3038.0,3038.60009765625,63.0
2025-03-21 11:29:00+00:00,3038.300048828125,3038.5,3037.89990234375,3038.5,72.0
2025-03-21 11:30:00+00:00,3037.0,3038.10009765625,3036.800048828125,3038.10009765625,95.0
2025-03-21 11:31:00+00:00,3038.0,3038.199951171875,3036.699951171875,3037.10009765625,128.0
2025-03-21 11:32:00+00:00,3037.89990234375,3038.39990234375,3037.89990234375,3038.0,73.0
2025-03-21 11:33:00+00:00,3038.199951171875,3038.199951171875,3037.5,3037.800048828125,55.0
2025-03-21 11:34:00+00:00,3038.300048828125,3038.699951171875,3037.60009765625,3038.199951171875,80.0
2025-03-21 11:35:00+00:00,3038.800048828125,3038.800048828125,3038.39990234375,3038.39990234375,51.0
2025-03-21 11:36:00+00:00,3039.0,3039.199951171875,3038.39990234375,3038.800048828125,44.0
2025-03-21 11:37:00+00:00,3039.300048828125,3039.89990234375,3039.0,3039.0,163.0
2025-03-21 11:38:00+00:00,3040.10009765625,3040.199951171875,3039.199951171875,3039.39990234375,229.0
2025-03-21 11:39:00+00:00,3040.199951171875,3040.39990234375,3039.89990234375,3040.10009765625,116.0
2025-03-21 11:40:00+00:00,3040.699951171875,3040.800048828125,3040.0,3040.199951171875,174.0
2025-03-21 11:41:00+00:00,3040.800048828125,3040.89990234375,3040.5,3040.699951171875,95.0
2025-03-21 11:42:00+00:00,3040.60009765625,3041.199951171875,3040.39990234375,3040.89990234375,129.0
2025-03-21 11:43:00+00:00,3041.0,3041.39990234375,3040.60009765625,3040.60009765625,176.0
2025-03-21 11:44:00+00:00,3041.5,3041.5,3041.0,3041.199951171875,83.0
2025-03-21 11:45:00+00:00,3041.199951171875,3041.800048828125,3041.10009765625,3041.5,179.0
2025-03-21 11:46:00+00:00,3041.300048828125,3041.60009765625,3041.10009765625,3041.39990234375,655.0
2025-03-21 11:47:00+00:00,3041.5,3041.800048828125,3041.300048828125,3041.39990234375,105.0
2025-03-21 11:48:00+00:00,3042.699951171875,3043.0,3041.5,3041.60009765625,302.0
2025-03-21 11:49:00+00:00,3044.0,3045.39990234375,3042.699951171875,3042.89990234375,800.0
2025-03-21 11:50:00+00:00,3043.5,3044.300048828125,3043.5,3044.199951171875,195.0
2025-03-21 11:51:00+00:00,3042.300048828125,3043.5,3042.199951171875,3043.5,251.0
2025-03-21 11:52:00+00:00,3042.10009765625,3042.39990234375,3041.39990234375,3042.10009765625,1359.0
2025-03-21 11:53:00+00:00,3041.0,3042.10009765625,3040.699951171875,3042.10009765625,230.0
2025-03-21 11:54:00+00:00,3039.89990234375,3041.300048828125,3039.199951171875,3040.89990234375,358.0
2025-03-21 11:55:00+00:00,3040.800048828125,3040.800048828125,3039.39990234375,3039.89990234375,340.0
2025-03-21 11:56:00+00:00,3042.0,3042.10009765625,3040.800048828125,3040.89990234375,237.0
2025-03-21 11:57:00+00:00,3042.60009765625,3043.10009765625,3042.0,3042.0,136.0
2025-03-21 11:58:00+00:00,3041.39990234375,3042.39990234375,3041.199951171875,3042.300048828125,64.0
2025-03-21 11:59:00+00:00,3041.300048828125,3041.60009765625,3040.800048828125,3041.39990234375,282.0
2025-03-21 12:00:00+00:00,3041.300048828125,3041.89990234375,3040.800048828125,3041.199951171875,115.0
2025-03-21 12:01:00+00:00,3041.60009765625,3042.10009765625,3041.300048828125,3041.5,71.0
2025-03-21 12:02:00+00:00,3042.199951171875,3042.5,3042.0,3042.10009765625,75.0
2025-03-21 12:03:00+00:00,3042.60009765625,3043.10009765625,3042.10009765625,3042.10009765625,92.0
2025-03-21 12:04:00+00:00,3042.699951171875,3043.300048828125,3042.699951171875,3042.800048828125,71.0
2025-03-21 12:05:00+00:00,3042.800048828125,3043.300048828125,3042.5,3042.699951171875,91.0
2025-03-21 12:06:00+00:00,3043.39990234375,3043.60009765625,3042.60009765625,3042.89990234375,93.0
2025-03-21 12:07:00+00:00,3043.89990234375,3044.0,3043.39990234375,3043.5,75.0
2025-03-21 12:08:00+00:00,3043.5,3044.5,3043.5,3043.89990234375,128.0
2025-03-21 12:09:00+00:00,3044.39990234375,3044.5,3043.5,3043.60009765625,80.0
2025-03-21 12:10:00+00:00,3044.699951171875,3045.39990234375,3044.39990234375,3044.39990234375,201.0
2025-03-21 12:11:00+00:00,3044.0,3044.800048828125,3043.699951171875,3044.800048828125,118.0
2025-03-21 12:12:00+00:00,3043.89990234375,3044.199951171875,3043.300048828125,3044.0,194.0
2025-03-21 12:13:00+00:00,3043.300048828125,3044.300048828125,3042.699951171875,3043.699951171875,171.0
2025-03-21 12:14:00+00:00,3043.0,3043.5,3042.699951171875,3043.10009765625,172.0
2025-03-21 12:15:00+00:00,3043.10009765625,3043.5,3042.5,3043.0,132.0
2025-03-21 12:16:00+00:00,3042.5,3043.0,3042.0,3043.0,150.0
2025-03-21 12:17:00+00:00,3042.10009765625,3042.89990234375,3041.89990234375,3042.60009765625,81.0
2025-03-21 12:18:00+00:00,3042.89990234375,3042.89990234375,3041.5,3041.89990234375,124.0
2025-03-21 12:19:00+00:00,3042.800048828125,3043.199951171875,3042.60009765625,3042.800048828125,84.0
2025-03-21 12:20:00+00:00,3042.0,3043.5,3041.60009765625,3042.800048828125,164.0
2025-03-21 12:21:00+00:00,3041.699951171875,3042.300048828125,3041.0,3041.89990234375,141.0
2025-03-21 12:22:00+00:00,3042.199951171875,3042.300048828125,3041.5,3041.800048828125,92.0
2025-03-21 12:23:00+00:00,3042.5,3042.5,3042.0,3042.10009765625,111.0
2025-03-21 12:24:00+00:00,3043.199951171875,3043.199951171875,3042.199951171875,3042.5,81.0
2025-03-21 12:25:00+00:00,3042.300048828125,3043.5,3042.199951171875,3043.199951171875,85.0
2025-03-21 12:26:00+00:00,3041.5,3042.300048828125,3041.5,3042.300048828125,87.0
2025-03-21 12:27:00+00:00,3041.89990234375,3042.10009765625,3041.300048828125,3041.39990234375,114.0
2025-03-21 12:28:00+00:00,3042.39990234375,3042.5,3041.800048828125,3041.800048828125,27.0
2025-03-21 12:29:00+00:00,3042.60009765625,3042.800048828125,3042.300048828125,3042.39990234375,55.0
2025-03-21 12:30:00+00:00,3041.60009765625,3043.10009765625,3041.60009765625,3042.60009765625,96.0
2025-03-21 12:31:00+00:00,3041.699951171875,3041.800048828125,3040.800048828125,3041.300048828125,104.0
2025-03-21 12:32:00+00:00,3041.300048828125,3042.0,3041.300048828125,3041.800048828125,60.0
2025-03-21 12:33:00+00:00,3041.0,3041.39990234375,3040.800048828125,3041.10009765625,79.0
2025-03-21 12:34:00+00:00,3041.89990234375,3042.0,3041.199951171875,3041.199951171875,96.0
2025-03-21 12:35:00+00:00,3042.10009765625,3042.5,3041.89990234375,3042.0,69.0
2025-03-21 12:36:00+00:00,3042.199951171875,3042.5,3041.800048828125,3042.10009765625,119.0
2025-03-21 12:37:00+00:00,3042.39990234375,3042.60009765625,3042.10009765625,3042.300048828125,102.0
2025-03-21 12:38:00+00:00,3041.199951171875,3042.39990234375,3040.5,3042.39990234375,86.0
2025-03-21 12:39:00+00:00,3041.5,3041.5,3041.0,3041.39990234375,550.0
2025-03-21 12:40:00+00:00,3041.89990234375,3042.10009765625,3041.0,3041.5,1627.0
2025-03-21 12:41:00+00:00,3043.10009765625,3043.300048828125,3042.10009765625,3042.10009765625,141.0
2025-03-21 12:42:00+00:00,3042.300048828125,3043.199951171875,3042.10009765625,3042.89990234375,130.0
2025-03-21 12:43:00+00:00,3041.800048828125,3042.0,3041.300048828125,3042.0,111.0
2025-03-21 12:44:00+00:00,3041.89990234375,3042.300048828125,3041.89990234375,3041.89990234375,56.0
2025-03-21 12:45:00+00:00,3042.60009765625,3042.800048828125,3041.300048828125,3041.89990234375,68.0
2025-03-21 12:46:00+00:00,3042.60009765625,3042.699951171875,3042.199951171875,3042.5,97.0
2025-03-21 12:47:00+00:00,3043.5,3043.60009765625,3042.5,3042.60009765625,73.0
2025-03-21 12:48:00+00:00,3043.800048828125,3043.800048828125,3042.699951171875,3043.60009765625,84.0
2025-03-21 12:49:00+00:00,3044.199951171875,3044.39990234375,3043.60009765625,3043.699951171875,120.0
2025-03-21 12:50:00+00:00,3044.800048828125,3045.0,3043.60009765625,3044.199951171875,284.0
2025-03-21 12:51:00+00:00,3044.10009765625,3044.800048828125,3044.10009765625,3044.800048828125,138.0
2025-03-21 12:52:00+00:00,3043.89990234375,3044.10009765625,3042.699951171875,3044.0,198.0
2025-03-21 12:53:00+00:00,3042.39990234375,3044.199951171875,3042.300048828125,3043.89990234375,102.0
2025-03-21 12:54:00+00:00,3042.39990234375,3043.199951171875,3042.39990234375,3042.39990234375,124.0
2025-03-21 12:55:00+00:00,3042.60009765625,3042.60009765625,3041.800048828125,3042.60009765625,88.0
2025-03-21 12:56:00+00:00,3040.60009765625,3042.60009765625,3040.199951171875,3042.5,198.0
2025-03-21 12:57:00+00:00,3040.89990234375,3041.300048828125,3040.60009765625,3040.60009765625,148.0
2025-03-21 12:58:00+00:00,3041.199951171875,3041.800048828125,3041.0,3041.0,130.0
2025-03-21 12:59:00+00:00,3040.800048828125,3041.60009765625,3040.699951171875,3041.199951171875,80.0
2025-03-21 13:00:00+00:00,3041.39990234375,3041.800048828125,3040.39990234375,3040.800048828125,150.0
2025-03-21 13:01:00+00:00,3040.89990234375,3041.89990234375,3040.89990234375,3041.5,88.0
2025-03-21 13:02:00+00:00,3041.0,3041.0,3039.699951171875,3040.89990234375,244.0
2025-03-21 13:03:00+00:00,3042.699951171875,3043.199951171875,3041.10009765625,3041.199951171875,284.0
2025-03-21 13:04:00+00:00,3043.0,3043.10009765625,3042.300048828125,3042.39990234375,133.0
2025-03-21 13:05:00+00:00,3042.89990234375,3043.800048828125,3042.89990234375,3043.10009765625,57.0
2025-03-21 13:06:00+00:00,3042.199951171875,3043.10009765625,3042.0,3042.89990234375,106.0
2025-03-21 13:07:00+00:00,3042.39990234375,3042.39990234375,3041.89990234375,3042.300048828125,33.0
2025-03-21 13:08:00+00:00,3042.300048828125,3042.699951171875,3042.300048828125,3042.60009765625,38.0
2025-03-21 13:09:00+00:00,3041.5,3042.39990234375,3041.39990234375,3042.300048828125,54.0
2025-03-21 13:10:00+00:00,3042.699951171875,3043.10009765625,3041.5,3041.5,137.0
2025-03-21 13:11:00+00:00,3043.199951171875,3043.5,3042.10009765625,3042.800048828125,129.0
2025-03-21 13:12:00+00:00,3043.199951171875,3043.300048828125,3042.60009765625,3043.10009765625,94.0
2025-03-21 13:13:00+00:00,3043.0,3043.39990234375,3042.699951171875,3043.199951171875,41.0
2025-03-21 13:14:00+00:00,3043.199951171875,3043.300048828125,3042.800048828125,3043.0,42.0
2025-03-21 13:15:00+00:00,3043.10009765625,3043.60009765625,3042.699951171875,3043.300048828125,45.0
2025-03-21 13:16:00+00:00,3043.199951171875,3043.60009765625,3042.39990234375,3042.89990234375,68.0
2025-03-21 13:17:00+00:00,3043.0,3044.10009765625,3043.0,3043.300048828125,119.0
2025-03-21 13:18:00+00:00,3042.800048828125,3043.5,3042.60009765625,3043.10009765625,49.0
2025-03-21 13:19:00+00:00,3042.10009765625,3043.0,3042.10009765625,3042.699951171875,136.0
2025-03-21 13:20:00+00:00,3041.5,3042.199951171875,3041.39990234375,3042.0,145.0
2025-03-21 13:21:00+00:00,3041.89990234375,3042.0,3041.39990234375,3041.39990234375,58.0
2025-03-21 13:22:00+00:00,3039.39990234375,3042.0,3039.0,3042.0,497.0
2025-03-21 13:23:00+00:00,3038.39990234375,3039.5,3038.199951171875,3039.199951171875,367.0
2025-03-21 13:24:00+00:00,3038.300048828125,3039.10009765625,3038.10009765625,3038.5,231.0
2025-03-21 13:25:00+00:00,3038.0,3038.39990234375,3036.699951171875,3038.300048828125,415.0
2025-03-21 13:26:00+00:00,3039.199951171875,3039.39990234375,3037.0,3037.89990234375,829.0
2025-03-21 13:27:00+00:00,3038.10009765625,3039.800048828125,3037.89990234375,3039.39990234375,287.0
2025-03-21 13:28:00+00:00,3039.0,3039.300048828125,3038.0,3038.300048828125,242.0
2025-03-21 13:29:00+00:00,3036.5,3039.300048828125,3036.5,3038.89990234375,298.0
2025-03-21 13:30:00+00:00,3035.5,3036.60009765625,3034.5,3036.5,688.0
2025-03-21 13:31:00+00:00,3034.0,3036.0,3033.89990234375,3035.60009765625,385.0
2025-03-21 13:32:00+00:00,3032.39990234375,3034.10009765625,3031.300048828125,3033.89990234375,783.0
2025-03-21 13:33:00+00:00,3031.0,3032.699951171875,3030.5,3032.39990234375,675.0
2025-03-21 13:34:00+00:00,3032.300048828125,3033.0,3030.60009765625,3031.0,418.0
2025-03-21 13:35:00+00:00,3028.39990234375,3032.300048828125,3027.60009765625,3032.300048828125,1038.0
2025-03-21 13:36:00+00:00,3029.699951171875,3030.300048828125,3027.5,3028.300048828125,1002.0
2025-03-21 13:37:00+00:00,3028.10009765625,3030.300048828125,3027.800048828125,3029.800048828125,837.0
2025-03-21 13:38:00+00:00,3023.0,3028.10009765625,3022.39990234375,3028.10009765625,2468.0
2025-03-21 13:39:00+00:00,3022.199951171875,3023.300048828125,3018.0,3022.89990234375,2595.0
2025-03-21 13:40:00+00:00,3023.39990234375,3024.199951171875,3021.300048828125,3022.10009765625,1080.0
2025-03-21 13:41:00+00:00,3022.5,3025.0,3022.10009765625,3023.5,889.0
2025-03-21 13:42:00+00:00,3022.39990234375,3022.89990234375,3020.699951171875,3022.39990234375,679.0
2025-03-21 13:43:00+00:00,3021.199951171875,3022.699951171875,3020.5,3022.300048828125,569.0
2025-03-21 13:44:00+00:00,3020.5,3021.300048828125,3019.39990234375,3021.10009765625,866.0
2025-03-21 13:45:00+00:00,3018.39990234375,3021.199951171875,3018.199951171875,3020.5,931.0
2025-03-21 13:46:00+00:00,3021.39990234375,3021.39990234375,3017.199951171875,3018.60009765625,1421.0
2025-03-21 13:47:00+00:00,3018.699951171875,3022.10009765625,3018.199951171875,3021.5,1372.0
2025-03-21 13:48:00+00:00,3016.300048828125,3019.699951171875,3016.300048828125,3018.60009765625,922.0
2025-03-21 13:49:00+00:00,3016.300048828125,3017.5,3015.800048828125,3016.39990234375,762.0
2025-03-21 13:50:00+00:00,3016.5,3016.60009765625,3013.699951171875,3016.39990234375,1505.0
2025-03-21 13:51:00+00:00,3017.800048828125,3017.89990234375,3015.5,3016.300048828125,1281.0
2025-03-21 13:52:00+00:00,3018.199951171875,3019.199951171875,3017.199951171875,3017.699951171875,830.0
2025-03-21 13:53:00+00:00,3016.699951171875,3018.0,3014.300048828125,3018.0,957.0
2025-03-21 13:54:00+00:00,3016.39990234375,3017.5,3015.699951171875,3016.60009765625,472.0
2025-03-21 13:55:00+00:00,3015.699951171875,3017.300048828125,3014.699951171875,3016.300048828125,345.0
2025-03-21 13:56:00+00:00,3013.699951171875,3016.0,3013.60009765625,3015.800048828125,590.0
2025-03-21 13:57:00+00:00,3011.0,3014.10009765625,3010.89990234375,3013.5,1253.0
2025-03-21 13:58:00+00:00,3009.800048828125,3011.10009765625,3009.10009765625,3010.89990234375,1364.0
2025-03-21 13:59:00+00:00,3010.89990234375,3011.10009765625,3008.60009765625,3009.800048828125,1049.0
2025-03-21 14:00:00+00:00,3009.199951171875,3011.5,3008.89990234375,3010.699951171875,1070.0
2025-03-21 14:01:00+00:00,3011.300048828125,3011.60009765625,3008.5,3009.300048828125,948.0
2025-03-21 14:02:00+00:00,3009.39990234375,3011.60009765625,3008.699951171875,3011.39990234375,685.0
2025-03-21 14:03:00+00:00,3010.0,3010.300048828125,3008.199951171875,3009.5,941.0
2025-03-21 14:04:00+00:00,3009.800048828125,3010.39990234375,3007.699951171875,3009.89990234375,955.0
2025-03-21 14:05:00+00:00,3008.60009765625,3010.5,3008.0,3009.699951171875,784.0
2025-03-21 14:06:00+00:00,3007.300048828125,3008.699951171875,3006.5,3008.60009765625,922.0
2025-03-21 14:07:00+00:00,3006.800048828125,3007.89990234375,3006.10009765625,3007.39990234375,464.0
2025-03-21 14:08:00+00:00,3006.699951171875,3008.300048828125,3005.89990234375,3006.89990234375,1896.0
2025-03-21 14:09:00+00:00,3004.39990234375,3007.800048828125,3004.10009765625,3006.89990234375,1139.0
2025-03-21 14:10:00+00:00,3005.800048828125,3005.800048828125,3004.10009765625,3004.199951171875,583.0
2025-03-21 14:11:00+00:00,3008.39990234375,3009.199951171875,3005.699951171875,3005.89990234375,1186.0
2025-03-21 14:12:00+00:00,3011.0,3011.5,3008.300048828125,3008.300048828125,980.0
2025-03-21 14:13:00+00:00,3010.10009765625,3011.300048828125,3009.39990234375,3011.0,605.0
2025-03-21 14:14:00+00:00,3009.199951171875,3010.5,3008.89990234375,3010.0,329.0
2025-03-21 14:15:00+00:00,3008.699951171875,3011.39990234375,3008.60009765625,3009.0,409.0
2025-03-21 14:16:00+00:00,3006.60009765625,3009.0,3006.300048828125,3008.699951171875,581.0
2025-03-21 14:17:00+00:00,3007.60009765625,3008.10009765625,3005.60009765625,3006.699951171875,1136.0
2025-03-21 14:18:00+00:00,3010.699951171875,3011.39990234375,3007.60009765625,3007.800048828125,598.0
2025-03-21 14:19:00+00:00,3010.199951171875,3010.89990234375,3008.699951171875,3010.60009765625,515.0
2025-03-21 14:20:00+00:00,3011.60009765625,3012.39990234375,3010.300048828125,3010.300048828125,693.0
2025-03-21 14:21:00+00:00,3011.800048828125,3012.300048828125,3010.800048828125,3011.60009765625,688.0
2025-03-21 14:22:00+00:00,3014.800048828125,3015.199951171875,3011.5,3011.699951171875,1706.0
2025-03-21 14:23:00+00:00,3014.300048828125,3015.39990234375,3013.60009765625,3014.60009765625,651.0
2025-03-21 14:24:00+00:00,3012.199951171875,3014.5,3011.60009765625,3014.300048828125,715.0
2025-03-21 14:25:00+00:00,3012.5,3014.0,3012.10009765625,3012.10009765625,487.0
2025-03-21 14:26:00+00:00,3014.300048828125,3014.60009765625,3012.5,3012.5,267.0
2025-03-21 14:27:00+00:00,3014.699951171875,3014.89990234375,3013.60009765625,3014.5,401.0
2025-03-21 14:28:00+00:00,3014.5,3015.5,3014.199951171875,3014.5,399.0
2025-03-21 14:29:00+00:00,3014.10009765625,3014.89990234375,3013.60009765625,3014.5,372.0
2025-03-21 14:30:00+00:00,3011.199951171875,3014.199951171875,3011.199951171875,3014.0,635.0
2025-03-21 14:31:00+00:00,3013.699951171875,3013.800048828125,3011.199951171875,3011.199951171875,444.0
2025-03-21 14:32:00+00:00,3012.800048828125,3013.699951171875,3012.39990234375,3013.60009765625,248.0
2025-03-21 14:33:00+00:00,3013.39990234375,3013.5,3012.39990234375,3012.800048828125,194.0
2025-03-21 14:34:00+00:00,3012.0,3013.39990234375,3011.800048828125,3013.39990234375,143.0
2025-03-21 14:35:00+00:00,3012.199951171875,3013.10009765625,3011.800048828125,3011.89990234375,345.0
2025-03-21 14:36:00+00:00,3011.10009765625,3012.89990234375,3010.60009765625,3012.300048828125,264.0
2025-03-21 14:37:00+00:00,3012.300048828125,3012.800048828125,3010.5,3011.199951171875,377.0
2025-03-21 14:38:00+00:00,3012.699951171875,3013.0,3011.0,3012.300048828125,209.0
2025-03-21 14:39:00+00:00,3011.5,3012.800048828125,3011.300048828125,3012.60009765625,183.0
2025-03-21 14:40:00+00:00,3013.5,3013.699951171875,3011.10009765625,3011.699951171875,264.0
2025-03-21 14:41:00+00:00,3014.300048828125,3015.10009765625,3013.800048828125,3013.800048828125,513.0
2025-03-21 14:42:00+00:00,3014.5,3015.5,3014.300048828125,3014.39990234375,281.0
2025-03-21 14:43:00+00:00,3015.60009765625,3015.89990234375,3014.10009765625,3014.60009765625,226.0
2025-03-21 14:44:00+00:00,3014.5,3015.800048828125,3014.199951171875,3015.699951171875,290.0
2025-03-21 14:45:00+00:00,3015.199951171875,3015.300048828125,3014.39990234375,3014.5,116.0
2025-03-21 14:46:00+00:00,3017.699951171875,3018.199951171875,3015.300048828125,3015.300048828125,862.0
2025-03-21 14:47:00+00:00,3018.699951171875,3019.0,3017.199951171875,3017.60009765625,1235.0
2025-03-21 14:48:00+00:00,3017.10009765625,3019.10009765625,3017.0,3018.89990234375,1586.0
2025-03-21 14:49:00+00:00,3018.39990234375,3018.699951171875,3017.199951171875,3017.199951171875,889.0
2025-03-21 14:50:00+00:00,3019.800048828125,3021.60009765625,3018.10009765625,3018.199951171875,1636.0
2025-03-21 14:51:00+00:00,3018.699951171875,3019.89990234375,3018.5,3019.800048828125,394.0
2025-03-21 14:52:00+00:00,3018.800048828125,3019.39990234375,3018.199951171875,3018.60009765625,216.0
2025-03-21 14:53:00+00:00,3019.0,3019.800048828125,3018.5,3018.699951171875,313.0
2025-03-21 14:54:00+00:00,3019.39990234375,3019.39990234375,3018.5,3018.89990234375,110.0
2025-03-21 14:55:00+00:00,3019.800048828125,3019.800048828125,3019.0,3019.199951171875,167.0
2025-03-21 14:56:00+00:00,3020.199951171875,3020.60009765625,3019.60009765625,3019.89990234375,143.0
2025-03-21 14:57:00+00:00,3020.5,3021.0,3020.0,3020.10009765625,276.0
2025-03-21 14:58:00+00:00,3021.39990234375,3021.699951171875,3020.60009765625,3020.60009765625,725.0
2025-03-21 14:59:00+00:00,3020.800048828125,3021.60009765625,3020.39990234375,3021.300048828125,367.0
2025-03-21 15:00:00+00:00,3020.89990234375,3021.60009765625,3020.60009765625,3020.89990234375,243.0
2025-03-21 15:01:00+00:00,3020.10009765625,3021.199951171875,3019.39990234375,3021.0,231.0
2025-03-21 15:02:00+00:00,3019.199951171875,3020.0,3018.699951171875,3020.0,311.0
2025-03-21 15:03:00+00:00,3021.0,3021.39990234375,3019.10009765625,3019.10009765625,280.0
2025-03-21 15:04:00+00:00,3021.60009765625,3022.300048828125,3020.699951171875,3021.10009765625,359.0
2025-03-21 15:05:00+00:00,3020.60009765625,3021.800048828125,3019.89990234375,3021.800048828125,167.0
2025-03-21 15:06:00+00:00,3022.39990234375,3022.39990234375,3020.60009765625,3020.60009765625,199.0
2025-03-21 15:07:00+00:00,3022.10009765625,3022.89990234375,3021.800048828125,3022.5,271.0
2025-03-21 15:08:00+00:00,3021.10009765625,3022.5,3020.60009765625,3022.10009765625,301.0
2025-03-21 15:09:00+00:00,3021.10009765625,3021.300048828125,3020.5,3021.10009765625,269.0
2025-03-21 15:10:00+00:00,3021.800048828125,3022.300048828125,3020.89990234375,3020.89990234375,225.0
2025-03-21 15:11:00+00:00,3020.10009765625,3021.800048828125,3020.0,3021.699951171875,220.0
2025-03-21 15:12:00+00:00,3019.89990234375,3020.39990234375,3019.60009765625,3020.10009765625,258.0
2025-03-21 15:13:00+00:00,3019.0,3019.800048828125,3018.60009765625,3019.699951171875,407.0
2025-03-21 15:14:00+00:00,3018.60009765625,3019.300048828125,3018.300048828125,3019.10009765625,249.0
2025-03-21 15:15:00+00:00,3019.10009765625,3019.39990234375,3018.199951171875,3018.60009765625,439.0
2025-03-21 15:16:00+00:00,3020.5,3020.5,3018.60009765625,3019.0,173.0
2025-03-21 15:17:00+00:00,3021.89990234375,3022.10009765625,3020.39990234375,3020.800048828125,401.0
2025-03-21 15:18:00+00:00,3021.89990234375,3022.10009765625,3021.39990234375,3021.89990234375,260.0
2025-03-21 15:19:00+00:00,3020.0,3022.0,3019.60009765625,3021.800048828125,223.0
2025-03-21 15:20:00+00:00,3020.0,3020.10009765625,3019.0,3020.0,338.0
2025-03-21 15:21:00+00:00,3019.10009765625,3020.5,3018.800048828125,3020.0,242.0
2025-03-21 15:22:00+00:00,3017.89990234375,3019.39990234375,3017.60009765625,3019.199951171875,252.0
2025-03-21 15:23:00+00:00,3018.300048828125,3018.5,3017.699951171875,3017.800048828125,273.0
2025-03-21 15:24:00+00:00,3018.89990234375,3018.89990234375,3018.199951171875,3018.39990234375,258.0
2025-03-21 15:25:00+00:00,3018.5,3019.300048828125,3018.0,3018.699951171875,208.0
2025-03-21 15:26:00+00:00,3018.0,3018.5,3017.5,3018.300048828125,220.0
2025-03-21 15:27:00+00:00,3018.699951171875,3019.39990234375,3017.800048828125,3017.89990234375,285.0
2025-03-21 15:28:00+00:00,3019.199951171875,3019.39990234375,3018.5,3018.800048828125,123.0
2025-03-21 15:29:00+00:00,3018.89990234375,3019.39990234375,3018.89990234375,3019.300048828125,80.0
2025-03-21 15:30:00+00:00,3019.10009765625,3019.39990234375,3018.0,3018.800048828125,117.0
2025-03-21 15:31:00+00:00,3018.5,3019.10009765625,3018.39990234375,3019.0,88.0
2025-03-21 15:32:00+00:00,3017.800048828125,3018.699951171875,3017.800048828125,3018.699951171875,80.0
2025-03-21 15:33:00+00:00,3017.10009765625,3017.800048828125,3015.800048828125,3017.800048828125,394.0
2025-03-21 15:34:00+00:00,3016.0,3017.10009765625,3015.60009765625,3017.10009765625,189.0
2025-03-21 15:35:00+00:00,3016.800048828125,3017.39990234375,3015.300048828125,3016.0,243.0
2025-03-21 15:36:00+00:00,3019.199951171875,3019.39990234375,3016.5,3016.699951171875,304.0
2025-03-21 15:37:00+00:00,3019.300048828125,3019.699951171875,3018.800048828125,3019.199951171875,211.0
2025-03-21 15:38:00+00:00,3018.5,3019.60009765625,3018.5,3019.39990234375,108.0
2025-03-21 15:39:00+00:00,3017.89990234375,3018.800048828125,3017.800048828125,3018.60009765625,91.0
2025-03-21 15:40:00+00:00,3017.39990234375,3018.10009765625,3017.10009765625,3018.10009765625,133.0
2025-03-21 15:41:00+00:00,3017.199951171875,3017.5,3016.5,3017.5,119.0
2025-03-21 15:42:00+00:00,3017.0,3017.60009765625,3016.89990234375,3017.199951171875,139.0
2025-03-21 15:43:00+00:00,3017.300048828125,3017.60009765625,3016.800048828125,3017.300048828125,137.0
2025-03-21 15:44:00+00:00,3018.60009765625,3018.699951171875,3017.300048828125,3017.39990234375,100.0
2025-03-21 15:45:00+00:00,3018.699951171875,3018.89990234375,3018.0,3018.5,103.0
2025-03-21 15:46:00+00:00,3017.39990234375,3019.5,3017.39990234375,3018.699951171875,170.0
2025-03-21 15:47:00+00:00,3017.89990234375,3018.0,3017.300048828125,3017.60009765625,67.0
2025-03-21 15:48:00+00:00,3017.699951171875,3018.0,3016.89990234375,3017.800048828125,104.0
2025-03-21 15:49:00+00:00,3018.39990234375,3018.39990234375,3017.39990234375,3017.800048828125,48.0
2025-03-21 15:50:00+00:00,3018.300048828125,3018.39990234375,3017.800048828125,3018.199951171875,65.0
2025-03-21 15:51:00+00:00,3016.10009765625,3018.300048828125,3016.0,3018.10009765625,125.0
2025-03-21 15:52:00+00:00,3016.5,3016.800048828125,3016.10009765625,3016.199951171875,60.0
2025-03-21 15:53:00+00:00,3015.89990234375,3017.5,3015.39990234375,3016.699951171875,307.0
2025-03-21 15:54:00+00:00,3015.39990234375,3016.39990234375,3015.39990234375,3015.89990234375,114.0
2025-03-21 15:55:00+00:00,3017.60009765625,3017.699951171875,3015.60009765625,3015.60009765625,182.0
2025-03-21 15:56:00+00:00,3017.0,3017.60009765625,3016.800048828125,3017.5,108.0
2025-03-21 15:57:00+00:00,3016.89990234375,3017.89990234375,3016.699951171875,3017.0,104.0
2025-03-21 15:58:00+00:00,3017.300048828125,3017.39990234375,3016.39990234375,3016.699951171875,77.0
2025-03-21 15:59:00+00:00,3016.199951171875,3017.800048828125,3016.199951171875,3017.300048828125,80.0
2025-03-21 16:00:00+00:00,3016.5,3016.699951171875,3015.800048828125,3016.10009765625,122.0
2025-03-21 16:01:00+00:00,3017.10009765625,3017.39990234375,3016.39990234375,3016.699951171875,115.0
2025-03-21 16:02:00+00:00,3016.5,3017.300048828125,3016.39990234375,3017.300048828125,154.0
2025-03-21 16:03:00+00:00,3016.699951171875,3017.300048828125,3016.10009765625,3016.300048828125,212.0
2025-03-21 16:04:00+00:00,3017.699951171875,3017.89990234375,3016.60009765625,3016.60009765625,166.0
2025-03-21 16:05:00+00:00,3018.5,3019.10009765625,3017.699951171875,3017.699951171875,355.0
2025-03-21 16:06:00+00:00,3019.800048828125,3020.800048828125,3018.300048828125,3018.300048828125,326.0
2025-03-21 16:07:00+00:00,3019.800048828125,3020.60009765625,3019.800048828125,3019.89990234375,206.0
2025-03-21 16:08:00+00:00,3018.89990234375,3019.800048828125,3018.699951171875,3019.699951171875,156.0
2025-03-21 16:09:00+00:00,3018.60009765625,3018.800048828125,3017.699951171875,3018.800048828125,94.0
2025-03-21 16:10:00+00:00,3018.89990234375,3019.300048828125,3018.39990234375,3018.699951171875,50.0
2025-03-21 16:11:00+00:00,3019.800048828125,3020.10009765625,3019.199951171875,3019.199951171875,87.0
2025-03-21 16:12:00+00:00,3019.699951171875,3019.800048828125,3019.10009765625,3019.300048828125,37.0
2025-03-21 16:13:00+00:00,3020.60009765625,3020.60009765625,3019.60009765625,3019.60009765625,62.0
2025-03-21 16:14:00+00:00,3019.60009765625,3020.5,3019.5,3020.5,83.0
2025-03-21 16:15:00+00:00,3018.39990234375,3019.39990234375,3017.800048828125,3019.300048828125,216.0
2025-03-21 16:16:00+00:00,3019.0,3019.300048828125,3018.300048828125,3018.39990234375,58.0
2025-03-21 16:17:00+00:00,3018.89990234375,3019.5,3018.300048828125,3019.10009765625,89.0
2025-03-21 16:18:00+00:00,3018.699951171875,3019.60009765625,3018.699951171875,3019.10009765625,83.0
2025-03-21 16:19:00+00:00,3019.39990234375,3019.699951171875,3018.300048828125,3018.5,76.0
2025-03-21 16:20:00+00:00,3020.10009765625,3020.699951171875,3019.60009765625,3019.60009765625,143.0
2025-03-21 16:21:00+00:00,3020.0,3020.5,3019.60009765625,3020.0,76.0
2025-03-21 16:22:00+00:00,3019.5,3020.300048828125,3019.5,3020.199951171875,70.0
2025-03-21 16:23:00+00:00,3021.10009765625,3021.39990234375,3019.699951171875,3019.699951171875,209.0
2025-03-21 16:24:00+00:00,3021.10009765625,3021.699951171875,3020.89990234375,3021.10009765625,139.0
2025-03-21 16:25:00+00:00,3020.199951171875,3021.10009765625,3020.0,3021.10009765625,107.0
2025-03-21 16:26:00+00:00,3020.199951171875,3020.300048828125,3020.0,3020.199951171875,52.0
2025-03-21 16:27:00+00:00,3020.60009765625,3020.89990234375,3019.699951171875,3020.10009765625,895.0
2025-03-21 16:28:00+00:00,3020.5,3021.10009765625,3020.39990234375,3020.5,301.0
2025-03-21 16:29:00+00:00,3020.10009765625,3021.0,3020.10009765625,3020.39990234375,92.0
2025-03-21 16:30:00+00:00,3020.89990234375,3021.10009765625,3019.800048828125,3020.10009765625,77.0
2025-03-21 16:31:00+00:00,3021.60009765625,3021.60009765625,3020.89990234375,3021.0,43.0
2025-03-21 16:32:00+00:00,3021.5,3021.699951171875,3021.39990234375,3021.5,43.0
2025-03-21 16:33:00+00:00,3021.39990234375,3021.39990234375,3020.39990234375,3021.39990234375,141.0
2025-03-21 16:34:00+00:00,3022.300048828125,3023.5,3021.300048828125,3021.39990234375,386.0
2025-03-21 16:35:00+00:00,3021.5,3022.60009765625,3021.39990234375,3022.5,180.0
2025-03-21 16:36:00+00:00,3021.10009765625,3021.300048828125,3021.0,3021.300048828125,65.0
2025-03-21 16:37:00+00:00,3020.300048828125,3021.0,3020.199951171875,3021.0,124.0
2025-03-21 16:38:00+00:00,3020.10009765625,3020.39990234375,3019.699951171875,3020.39990234375,143.0
2025-03-21 16:39:00+00:00,3019.300048828125,3020.300048828125,3019.10009765625,3020.199951171875,98.0
2025-03-21 16:40:00+00:00,3020.10009765625,3020.199951171875,3019.0,3019.300048828125,195.0
2025-03-21 16:41:00+00:00,3019.5,3020.199951171875,3019.199951171875,3020.199951171875,104.0
2025-03-21 16:42:00+00:00,3020.0,3020.199951171875,3019.699951171875,3019.699951171875,261.0
2025-03-21 16:43:00+00:00,3019.39990234375,3020.10009765625,3019.300048828125,3020.10009765625,92.0
2025-03-21 16:44:00+00:00,3019.39990234375,3019.5,3019.199951171875,3019.39990234375,42.0
2025-03-21 16:45:00+00:00,3020.5,3020.800048828125,3019.60009765625,3019.60009765625,254.0
2025-03-21 16:46:00+00:00,3019.699951171875,3021.199951171875,3019.5,3020.60009765625,272.0
2025-03-21 16:47:00+00:00,3020.10009765625,3020.10009765625,3019.39990234375,3019.60009765625,52.0
2025-03-21 16:48:00+00:00,3019.800048828125,3020.199951171875,3019.60009765625,3020.0,70.0
2025-03-21 16:49:00+00:00,3020.0,3020.5,3019.89990234375,3019.89990234375,59.0
2025-03-21 16:50:00+00:00,3020.800048828125,3021.0,3020.0,3020.10009765625,66.0
2025-03-21 16:51:00+00:00,3020.89990234375,3021.300048828125,3020.800048828125,3020.89990234375,32.0
2025-03-21 16:52:00+00:00,3021.300048828125,3022.0,3020.89990234375,3020.89990234375,158.0
2025-03-21 16:53:00+00:00,3021.199951171875,3021.699951171875,3021.199951171875,3021.39990234375,69.0
2025-03-21 16:54:00+00:00,3021.800048828125,3021.800048828125,3021.300048828125,3021.300048828125,37.0
2025-03-21 16:55:00+00:00,3020.800048828125,3021.60009765625,3020.699951171875,3021.60009765625,49.0
2025-03-21 16:56:00+00:00,3021.5,3021.5,3020.300048828125,3020.699951171875,76.0
2025-03-21 16:57:00+00:00,3022.199951171875,3022.60009765625,3021.60009765625,3021.60009765625,87.0
2025-03-21 16:58:00+00:00,3021.699951171875,3022.800048828125,3021.39990234375,3022.5,90.0
2025-03-21 16:59:00+00:00,3021.60009765625,3022.0,3021.39990234375,3021.699951171875,73.0
2025-03-21 17:00:00+00:00,3020.800048828125,3021.60009765625,3020.800048828125,3021.60009765625,60.0
2025-03-21 17:01:00+00:00,3021.5,3021.5,3020.800048828125,3020.800048828125,56.0
2025-03-21 17:02:00+00:00,3021.699951171875,3021.800048828125,3021.199951171875,3021.39990234375,93.0
2025-03-21 17:03:00+00:00,3022.0,3022.0,3021.60009765625,3021.699951171875,164.0
2025-03-21 17:04:00+00:00,3021.5,3022.0,3021.39990234375,3021.800048828125,109.0
2025-03-21 17:05:00+00:00,3021.60009765625,3021.699951171875,3021.39990234375,3021.39990234375,86.0
2025-03-21 17:06:00+00:00,3021.89990234375,3021.89990234375,3021.300048828125,3021.60009765625,30.0
2025-03-21 17:07:00+00:00,3021.89990234375,3022.300048828125,3021.89990234375,3021.89990234375,83.0
2025-03-21 17:08:00+00:00,3022.10009765625,3022.39990234375,3021.89990234375,3021.89990234375,24.0
2025-03-21 17:09:00+00:00,3022.199951171875,3022.39990234375,3021.800048828125,3022.300048828125,68.0
2025-03-21 17:10:00+00:00,3022.300048828125,3022.60009765625,3022.0,3022.300048828125,92.0
2025-03-21 17:11:00+00:00,3022.5,3022.60009765625,3022.10009765625,3022.10009765625,67.0
2025-03-21 17:12:00+00:00,3022.5,3023.5,3022.5,3022.60009765625,402.0
2025-03-21 17:13:00+00:00,3023.0,3023.39990234375,3022.5,3022.60009765625,222.0
2025-03-21 17:14:00+00:00,3022.5,3023.39990234375,3022.5,3023.10009765625,170.0
2025-03-21 17:15:00+00:00,3023.199951171875,3023.39990234375,3022.60009765625,3022.699951171875,118.0
2025-03-21 17:16:00+00:00,3022.5,3023.39990234375,3022.10009765625,3023.300048828125,987.0
2025-03-21 17:17:00+00:00,3023.39990234375,3023.699951171875,3022.60009765625,3022.60009765625,127.0
2025-03-21 17:18:00+00:00,3023.5,3023.60009765625,3023.300048828125,3023.300048828125,45.0
2025-03-21 17:19:00+00:00,3021.699951171875,3023.5,3021.699951171875,3023.5,202.0
2025-03-21 17:20:00+00:00,3022.10009765625,3022.199951171875,3021.5,3021.60009765625,103.0
2025-03-21 17:21:00+00:00,3022.0,3022.699951171875,3021.800048828125,3022.300048828125,149.0
2025-03-21 17:22:00+00:00,3021.89990234375,3022.199951171875,3021.60009765625,3021.89990234375,158.0
2025-03-21 17:23:00+00:00,3021.300048828125,3022.0,3021.10009765625,3021.800048828125,72.0
2025-03-21 17:24:00+00:00,3021.89990234375,3022.10009765625,3021.199951171875,3021.300048828125,145.0
2025-03-21 17:25:00+00:00,3021.300048828125,3022.199951171875,3021.0,3022.10009765625,175.0
2025-03-21 17:26:00+00:00,3021.300048828125,3021.60009765625,3021.10009765625,3021.199951171875,59.0
2025-03-21 17:27:00+00:00,3020.699951171875,3021.39990234375,3020.5,3021.199951171875,123.0
2025-03-21 17:28:00+00:00,3021.60009765625,3021.60009765625,3020.699951171875,3020.699951171875,272.0
2025-03-21 17:29:00+00:00,3021.199951171875,3021.699951171875,3021.10009765625,3021.5,1740.0
2025-03-21 17:30:00+00:00,3022.10009765625,3022.10009765625,3021.300048828125,3021.300048828125,182.0
2025-03-21 17:31:00+00:00,3021.89990234375,3022.10009765625,3021.800048828125,3021.89990234375,42.0
2025-03-21 17:32:00+00:00,3021.699951171875,3022.10009765625,3021.699951171875,3022.0,95.0
2025-03-21 17:33:00+00:00,3021.5,3021.699951171875,3021.10009765625,3021.699951171875,134.0
2025-03-21 17:34:00+00:00,3021.10009765625,3021.60009765625,3021.10009765625,3021.5,45.0
2025-03-21 17:35:00+00:00,3021.5,3021.800048828125,3021.199951171875,3021.199951171875,77.0
2025-03-21 17:36:00+00:00,3021.699951171875,3021.699951171875,3021.300048828125,3021.60009765625,47.0
2025-03-21 17:37:00+00:00,3021.39990234375,3021.699951171875,3021.199951171875,3021.699951171875,26.0
2025-03-21 17:38:00+00:00,3020.89990234375,3021.39990234375,3020.699951171875,3021.10009765625,104.0
2025-03-21 17:39:00+00:00,3021.0,3021.199951171875,3020.60009765625,3021.0,200.0
2025-03-21 17:40:00+00:00,3021.10009765625,3021.199951171875,3020.699951171875,3021.199951171875,35.0
2025-03-21 17:41:00+00:00,3021.199951171875,3021.199951171875,3020.800048828125,3021.0,51.0
2025-03-21 17:42:00+00:00,3021.10009765625,3021.199951171875,3020.800048828125,3021.10009765625,36.0
2025-03-21 17:43:00+00:00,3021.60009765625,3021.699951171875,3021.10009765625,3021.199951171875,98.0
2025-03-21 17:44:00+00:00,3021.10009765625,3021.60009765625,3020.89990234375,3021.60009765625,98.0
2025-03-21 17:45:00+00:00,3020.10009765625,3021.0,3020.0,3021.0,132.0
2025-03-21 17:46:00+00:00,3020.199951171875,3020.39990234375,3019.89990234375,3020.300048828125,114.0
2025-03-21 17:47:00+00:00,3019.800048828125,3020.199951171875,3019.5,3020.0,197.0
2025-03-21 17:48:00+00:00,3020.10009765625,3020.10009765625,3019.10009765625,3019.800048828125,219.0
2025-03-21 17:49:00+00:00,3021.39990234375,3021.699951171875,3020.10009765625,3020.10009765625,236.0
2025-03-21 17:50:00+00:00,3021.10009765625,3021.5,3021.10009765625,3021.5,28.0
2025-03-21 17:51:00+00:00,3021.300048828125,3021.39990234375,3020.800048828125,3021.10009765625,33.0
2025-03-21 17:52:00+00:00,3021.800048828125,3021.800048828125,3021.39990234375,3021.5,31.0
2025-03-21 17:53:00+00:00,3022.0,3022.199951171875,3021.699951171875,3021.699951171875,100.0
2025-03-21 17:54:00+00:00,3020.699951171875,3022.0,3019.39990234375,3021.89990234375,339.0
2025-03-21 17:55:00+00:00,3020.199951171875,3021.300048828125,3020.10009765625,3020.5,340.0
2025-03-21 17:56:00+00:00,3020.0,3020.5,3020.0,3020.199951171875,153.0
2025-03-21 17:57:00+00:00,3019.800048828125,3019.89990234375,3019.39990234375,3019.800048828125,167.0
2025-03-21 17:58:00+00:00,3019.5,3019.89990234375,3019.5,3019.699951171875,285.0
2025-03-21 17:59:00+00:00,3019.699951171875,3019.89990234375,3019.300048828125,3019.5,216.0
2025-03-21 18:00:00+00:00,3020.699951171875,3020.800048828125,3019.800048828125,3019.89990234375,93.0
2025-03-21 18:01:00+00:00,3020.800048828125,3021.0,3020.5,3020.60009765625,46.0
2025-03-21 18:02:00+00:00,3020.800048828125,3020.89990234375,3020.300048828125,3020.89990234375,79.0
2025-03-21 18:03:00+00:00,3021.0,3021.199951171875,3020.60009765625,3020.60009765625,52.0
2025-03-21 18:04:00+00:00,3020.199951171875,3021.199951171875,3020.10009765625,3021.10009765625,92.0
2025-03-21 18:05:00+00:00,3020.300048828125,3020.5,3020.10009765625,3020.10009765625,52.0
2025-03-21 18:06:00+00:00,3019.800048828125,3020.5,3019.60009765625,3020.300048828125,165.0
2025-03-21 18:07:00+00:00,3020.199951171875,3020.199951171875,3019.800048828125,3020.0,29.0
2025-03-21 18:08:00+00:00,3020.199951171875,3020.39990234375,3020.199951171875,3020.300048828125,26.0
2025-03-21 18:09:00+00:00,3020.800048828125,3020.800048828125,3020.10009765625,3020.300048828125,21.0
2025-03-21 18:10:00+00:00,3020.699951171875,3020.89990234375,3020.5,3020.800048828125,18.0
2025-03-21 18:11:00+00:00,3020.89990234375,3021.10009765625,3020.800048828125,3020.800048828125,26.0
2025-03-21 18:12:00+00:00,3021.0,3021.39990234375,3020.89990234375,3020.89990234375,43.0
2025-03-21 18:13:00+00:00,3021.5,3021.60009765625,3021.0,3021.0,38.0
2025-03-21 18:14:00+00:00,3021.800048828125,3022.199951171875,3021.199951171875,3021.39990234375,84.0
2025-03-21 18:15:00+00:00,3021.89990234375,3022.0,3021.300048828125,3021.89990234375,101.0
2025-03-21 18:16:00+00:00,3022.10009765625,3022.300048828125,3021.699951171875,3022.0,154.0
2025-03-21 18:17:00+00:00,3021.89990234375,3022.300048828125,3021.89990234375,3022.199951171875,57.0
2025-03-21 18:18:00+00:00,3022.300048828125,3022.699951171875,3022.0,3022.0,63.0
2025-03-21 18:19:00+00:00,3022.89990234375,3023.0,3022.199951171875,3022.300048828125,112.0
2025-03-21 18:20:00+00:00,3023.0,3023.0,3022.199951171875,3022.60009765625,102.0
2025-03-21 18:21:00+00:00,3023.199951171875,3023.39990234375,3022.60009765625,3022.800048828125,59.0
2025-03-21 18:22:00+00:00,3022.300048828125,3023.5,3022.0,3023.300048828125,188.0
2025-03-21 18:23:00+00:00,3022.699951171875,3022.699951171875,3022.199951171875,3022.39990234375,30.0
2025-03-21 18:24:00+00:00,3022.300048828125,3022.800048828125,3022.10009765625,3022.5,62.0
2025-03-21 18:25:00+00:00,3022.699951171875,3022.89990234375,3022.0,3022.300048828125,165.0
2025-03-21 18:26:00+00:00,3023.300048828125,3023.5,3022.60009765625,3022.60009765625,76.0
2025-03-21 18:27:00+00:00,3023.60009765625,3023.699951171875,3023.10009765625,3023.199951171875,49.0
2025-03-21 18:28:00+00:00,3024.39990234375,3024.699951171875,3023.5,3023.699951171875,289.0
2025-03-21 18:29:00+00:00,3024.300048828125,3024.800048828125,3023.89990234375,3024.39990234375,226.0
2025-03-21 18:30:00+00:00,3024.39990234375,3024.60009765625,3024.10009765625,3024.199951171875,123.0
2025-03-21 18:31:00+00:00,3024.89990234375,3025.199951171875,3024.300048828125,3024.300048828125,141.0
2025-03-21 18:32:00+00:00,3025.5,3025.5,3024.800048828125,3024.89990234375,51.0
2025-03-21 18:33:00+00:00,3025.199951171875,3025.39990234375,3025.199951171875,3025.199951171875,28.0
2025-03-21 18:34:00+00:00,3025.5,3025.60009765625,3024.800048828125,3025.199951171875,147.0
2025-03-21 18:35:00+00:00,3026.0,3026.10009765625,3025.39990234375,3025.39990234375,171.0
2025-03-21 18:36:00+00:00,3026.5,3026.5,3025.60009765625,3026.10009765625,165.0
2025-03-21 18:37:00+00:00,3026.5,3026.699951171875,3026.39990234375,3026.39990234375,80.0
2025-03-21 18:38:00+00:00,3026.800048828125,3026.800048828125,3026.10009765625,3026.5,165.0
2025-03-21 18:39:00+00:00,3026.39990234375,3026.800048828125,3026.10009765625,3026.699951171875,126.0
2025-03-21 18:40:00+00:00,3026.300048828125,3026.699951171875,3026.300048828125,3026.39990234375,39.0
2025-03-21 18:41:00+00:00,3027.10009765625,3027.10009765625,3026.5,3026.5,48.0
2025-03-21 18:42:00+00:00,3026.699951171875,3027.60009765625,3026.5,3027.10009765625,109.0
2025-03-21 18:43:00+00:00,3027.10009765625,3027.800048828125,3026.60009765625,3026.800048828125,193.0
2025-03-21 18:44:00+00:00,3027.0,3028.0,3026.800048828125,3027.10009765625,195.0
2025-03-21 18:45:00+00:00,3027.0,3027.300048828125,3026.800048828125,3027.0,68.0
2025-03-21 18:46:00+00:00,3028.0,3028.0,3027.0,3027.0,200.0
2025-03-21 18:47:00+00:00,3027.10009765625,3028.0,3027.0,3028.0,231.0
2025-03-21 18:48:00+00:00,3026.800048828125,3027.699951171875,3026.60009765625,3027.0,176.0
2025-03-21 18:49:00+00:00,3026.800048828125,3027.0,3026.60009765625,3026.699951171875,53.0
2025-03-21 18:50:00+00:00,3026.10009765625,3026.699951171875,3026.10009765625,3026.699951171875,132.0
2025-03-21 18:51:00+00:00,3025.699951171875,3026.10009765625,3025.10009765625,3026.10009765625,154.0
2025-03-21 18:52:00+00:00,3025.300048828125,3025.60009765625,3025.199951171875,3025.60009765625,126.0
2025-03-21 18:53:00+00:00,3025.10009765625,3025.5,3024.800048828125,3025.199951171875,143.0
2025-03-21 18:54:00+00:00,3024.300048828125,3024.89990234375,3024.300048828125,3024.89990234375,109.0
2025-03-21 18:55:00+00:00,3025.5,3025.699951171875,3024.199951171875,3024.300048828125,163.0
2025-03-21 18:56:00+00:00,3025.0,3025.39990234375,3024.89990234375,3025.39990234375,46.0
2025-03-21 18:57:00+00:00,3024.300048828125,3024.89990234375,3024.199951171875,3024.89990234375,65.0
2025-03-21 18:58:00+00:00,3024.300048828125,3024.5,3024.0,3024.39990234375,39.0
2025-03-21 18:59:00+00:00,3024.0,3024.699951171875,3024.0,3024.199951171875,118.0
2025-03-21 19:00:00+00:00,3023.800048828125,3024.39990234375,3023.199951171875,3024.199951171875,191.0
2025-03-21 19:01:00+00:00,3024.0,3024.300048828125,3023.199951171875,3023.89990234375,272.0
2025-03-21 19:02:00+00:00,3023.800048828125,3024.300048828125,3023.800048828125,3024.10009765625,86.0
2025-03-21 19:03:00+00:00,3023.60009765625,3023.89990234375,3023.39990234375,3023.800048828125,69.0
2025-03-21 19:04:00+00:00,3023.39990234375,3023.5,3022.89990234375,3023.5,101.0
2025-03-21 19:05:00+00:00,3023.60009765625,3023.60009765625,3023.199951171875,3023.300048828125,42.0
2025-03-21 19:06:00+00:00,3023.699951171875,3023.800048828125,3023.300048828125,3023.39990234375,56.0
2025-03-21 19:07:00+00:00,3025.0,3025.39990234375,3023.800048828125,3023.800048828125,148.0
2025-03-21 19:08:00+00:00,3025.699951171875,3026.10009765625,3025.0,3025.0,98.0
2025-03-21 19:09:00+00:00,3025.800048828125,3026.0,3025.699951171875,3025.800048828125,33.0
2025-03-21 19:10:00+00:00,3026.5,3026.60009765625,3025.5,3025.89990234375,174.0
2025-03-21 19:11:00+00:00,3025.800048828125,3026.60009765625,3025.39990234375,3026.60009765625,116.0
2025-03-21 19:12:00+00:00,3026.0,3026.0,3025.699951171875,3025.89990234375,56.0
2025-03-21 19:13:00+00:00,3026.199951171875,3026.5,3025.89990234375,3025.89990234375,34.0
2025-03-21 19:14:00+00:00,3026.199951171875,3026.5,3026.10009765625,3026.300048828125,56.0
2025-03-21 19:15:00+00:00,3025.800048828125,3026.39990234375,3025.800048828125,3026.10009765625,50.0
2025-03-21 19:16:00+00:00,3026.0,3026.10009765625,3025.699951171875,3025.800048828125,26.0
2025-03-21 19:17:00+00:00,3025.800048828125,3025.89990234375,3025.10009765625,3025.89990234375,103.0
2025-03-21 19:18:00+00:00,3026.0,3026.199951171875,3025.699951171875,3025.699951171875,30.0
2025-03-21 19:19:00+00:00,3026.300048828125,3026.60009765625,3025.89990234375,3026.199951171875,83.0
2025-03-21 19:20:00+00:00,3026.300048828125,3026.300048828125,3026.0,3026.300048828125,25.0
2025-03-21 19:21:00+00:00,3026.300048828125,3026.699951171875,3025.800048828125,3026.10009765625,139.0
2025-03-21 19:22:00+00:00,3027.10009765625,3027.10009765625,3026.39990234375,3026.39990234375,62.0
2025-03-21 19:23:00+00:00,3026.10009765625,3027.10009765625,3026.10009765625,3027.10009765625,81.0
2025-03-21 19:24:00+00:00,3026.5,3026.60009765625,3026.0,3026.0,59.0
2025-03-21 19:25:00+00:00,3026.10009765625,3026.699951171875,3026.10009765625,3026.60009765625,39.0
2025-03-21 19:26:00+00:00,3026.5,3026.60009765625,3026.199951171875,3026.199951171875,33.0
2025-03-21 19:27:00+00:00,3025.800048828125,3026.39990234375,3025.800048828125,3026.39990234375,26.0
2025-03-21 19:28:00+00:00,3025.5,3025.89990234375,3025.5,3025.800048828125,38.0
2025-03-21 19:29:00+00:00,3025.60009765625,3025.60009765625,3025.5,3025.5,13.0
2025-03-21 19:30:00+00:00,3026.10009765625,3026.10009765625,3025.39990234375,3025.699951171875,32.0
2025-03-21 19:31:00+00:00,3026.10009765625,3026.300048828125,3025.60009765625,3026.300048828125,31.0
2025-03-21 19:32:00+00:00,3025.800048828125,3026.300048828125,3025.800048828125,3026.199951171875,37.0
2025-03-21 19:33:00+00:00,3026.10009765625,3026.199951171875,3025.800048828125,3025.800048828125,10.0
2025-03-21 19:34:00+00:00,3025.699951171875,3026.10009765625,3025.699951171875,3026.10009765625,25.0
2025-03-21 19:35:00+00:00,3025.800048828125,3026.0,3025.60009765625,3025.699951171875,34.0
2025-03-21 19:36:00+00:00,3026.199951171875,3026.39990234375,3025.60009765625,3025.60009765625,51.0
2025-03-21 19:37:00+00:00,3026.5,3026.5,3026.199951171875,3026.199951171875,27.0
2025-03-21 19:38:00+00:00,3026.199951171875,3026.39990234375,3026.199951171875,3026.39990234375,3.0
2025-03-21 19:39:00+00:00,3025.300048828125,3026.39990234375,3025.199951171875,3026.300048828125,89.0
2025-03-21 19:40:00+00:00,3025.39990234375,3025.5,3025.199951171875,3025.39990234375,82.0
2025-03-21 19:41:00+00:00,3025.60009765625,3025.60009765625,3025.300048828125,3025.39990234375,22.0
2025-03-21 19:42:00+00:00,3025.39990234375,3025.60009765625,3025.300048828125,3025.5,14.0
2025-03-21 19:43:00+00:00,3025.60009765625,3025.89990234375,3025.300048828125,3025.300048828125,38.0
2025-03-21 19:44:00+00:00,3025.699951171875,3025.699951171875,3025.300048828125,3025.39990234375,33.0
2025-03-21 19:45:00+00:00,3025.800048828125,3025.89990234375,3025.60009765625,3025.800048828125,25.0
2025-03-21 19:46:00+00:00,3025.89990234375,3025.89990234375,3025.699951171875,3025.800048828125,27.0
2025-03-21 19:47:00+00:00,3025.300048828125,3025.800048828125,3025.300048828125,3025.800048828125,40.0
2025-03-21 19:48:00+00:00,3025.39990234375,3025.5,3025.199951171875,3025.300048828125,40.0
2025-03-21 19:49:00+00:00,3025.300048828125,3025.5,3025.199951171875,3025.5,16.0
2025-03-21 19:50:00+00:00,3025.39990234375,3025.60009765625,3025.199951171875,3025.5,28.0
2025-03-21 19:51:00+00:00,3025.300048828125,3025.5,3025.199951171875,3025.199951171875,48.0
2025-03-21 19:52:00+00:00,3025.5,3025.60009765625,3025.199951171875,3025.300048828125,74.0
2025-03-21 19:53:00+00:00,3025.39990234375,3025.699951171875,3025.199951171875,3025.60009765625,194.0
2025-03-21 19:54:00+00:00,3025.60009765625,3025.60009765625,3025.39990234375,3025.39990234375,52.0
2025-03-21 19:55:00+00:00,3025.5,3025.60009765625,3025.199951171875,3025.60009765625,110.0
2025-03-21 19:56:00+00:00,3025.800048828125,3025.800048828125,3025.39990234375,3025.60009765625,39.0
2025-03-21 19:57:00+00:00,3025.39990234375,3025.800048828125,3025.39990234375,3025.800048828125,26.0
2025-03-21 19:58:00+00:00,3025.300048828125,3025.5,3025.199951171875,3025.300048828125,63.0
2025-03-21 19:59:00+00:00,3025.5,3025.699951171875,3025.199951171875,3025.5,170.0
2025-03-21 20:00:00+00:00,3026.0,3026.10009765625,3025.5,3025.699951171875,121.0
2025-03-21 20:01:00+00:00,3026.10009765625,3026.199951171875,3025.699951171875,3026.10009765625,38.0
2025-03-21 20:02:00+00:00,3026.300048828125,3026.300048828125,3026.0,3026.0,21.0
2025-03-21 20:03:00+00:00,3026.800048828125,3026.800048828125,3026.39990234375,3026.39990234375,221.0
2025-03-21 20:04:00+00:00,3026.89990234375,3027.0,3026.699951171875,3026.800048828125,88.0
2025-03-21 20:05:00+00:00,3026.300048828125,3026.89990234375,3026.199951171875,3026.89990234375,49.0
2025-03-21 20:06:00+00:00,3026.300048828125,3026.39990234375,3026.0,3026.300048828125,53.0
2025-03-21 20:07:00+00:00,3026.300048828125,3026.39990234375,3026.199951171875,3026.300048828125,17.0
2025-03-21 20:08:00+00:00,3026.5,3026.800048828125,3026.199951171875,3026.300048828125,19.0
2025-03-21 20:09:00+00:00,3026.39990234375,3026.60009765625,3026.199951171875,3026.60009765625,48.0
2025-03-21 20:10:00+00:00,3026.39990234375,3026.39990234375,3026.300048828125,3026.39990234375,28.0
2025-03-21 20:11:00+00:00,3026.39990234375,3026.60009765625,3026.39990234375,3026.5,20.0
2025-03-21 20:12:00+00:00,3026.300048828125,3026.39990234375,3026.199951171875,3026.300048828125,117.0
2025-03-21 20:13:00+00:00,3026.5,3026.60009765625,3026.300048828125,3026.300048828125,30.0
2025-03-21 20:14:00+00:00,3026.699951171875,3026.699951171875,3026.39990234375,3026.5,11.0
2025-03-21 20:15:00+00:00,3026.699951171875,3026.699951171875,3026.5,3026.60009765625,33.0
2025-03-21 20:16:00+00:00,3026.60009765625,3026.89990234375,3026.60009765625,3026.800048828125,21.0
2025-03-21 20:17:00+00:00,3026.800048828125,3026.800048828125,3026.5,3026.60009765625,25.0
2025-03-21 20:18:00+00:00,3027.10009765625,3027.39990234375,3026.800048828125,3026.800048828125,62.0
2025-03-21 20:19:00+00:00,3027.10009765625,3027.300048828125,3027.0,3027.300048828125,40.0
2025-03-21 20:20:00+00:00,3027.199951171875,3027.199951171875,3027.0,3027.10009765625,37.0
2025-03-21 20:21:00+00:00,3027.300048828125,3027.300048828125,3027.199951171875,3027.300048828125,20.0
2025-03-21 20:22:00+00:00,3027.39990234375,3027.39990234375,3027.300048828125,3027.300048828125,17.0
2025-03-21 20:23:00+00:00,3027.699951171875,3027.89990234375,3027.5,3027.5,68.0
2025-03-21 20:24:00+00:00,3028.39990234375,3028.39990234375,3027.699951171875,3027.699951171875,103.0
2025-03-21 20:25:00+00:00,3028.300048828125,3028.5,3028.10009765625,3028.39990234375,52.0
2025-03-21 20:26:00+00:00,3029.0,3029.0,3028.10009765625,3028.199951171875,95.0
2025-03-21 20:27:00+00:00,3028.39990234375,3028.89990234375,3028.300048828125,3028.89990234375,32.0
2025-03-21 20:28:00+00:00,3028.39990234375,3028.699951171875,3028.199951171875,3028.300048828125,38.0
2025-03-21 20:29:00+00:00,3028.60009765625,3028.800048828125,3028.5,3028.5,23.0
2025-03-21 20:30:00+00:00,3028.699951171875,3029.10009765625,3028.699951171875,3028.699951171875,35.0
2025-03-21 20:31:00+00:00,3028.89990234375,3029.199951171875,3028.89990234375,3028.89990234375,38.0
2025-03-21 20:32:00+00:00,3029.199951171875,3029.199951171875,3028.60009765625,3028.89990234375,58.0
2025-03-21 20:33:00+00:00,3028.800048828125,3029.199951171875,3028.699951171875,3029.199951171875,32.0
2025-03-21 20:34:00+00:00,3028.89990234375,3029.10009765625,3028.699951171875,3028.800048828125,16.0
2025-03-21 20:35:00+00:00,3028.699951171875,3029.0,3028.39990234375,3029.0,23.0
2025-03-21 20:36:00+00:00,3028.699951171875,3028.699951171875,3028.699951171875,3028.699951171875,1.0
2025-03-21 20:37:00+00:00,3028.800048828125,3030.0,3028.800048828125,3028.800048828125,346.0
2025-03-21 20:38:00+00:00,3028.699951171875,3028.89990234375,3028.60009765625,3028.800048828125,26.0
2025-03-21 20:39:00+00:00,3028.699951171875,3028.699951171875,3028.5,3028.699951171875,30.0
2025-03-21 20:40:00+00:00,3028.89990234375,3029.0,3028.800048828125,3028.800048828125,9.0
2025-03-21 20:41:00+00:00,3028.89990234375,3029.0,3028.800048828125,3028.89990234375,24.0
2025-03-21 20:42:00+00:00,3028.699951171875,3028.800048828125,3028.60009765625,3028.800048828125,6.0
2025-03-21 20:43:00+00:00,3028.60009765625,3028.89990234375,3028.60009765625,3028.89990234375,18.0
2025-03-21 20:44:00+00:00,3028.699951171875,3028.699951171875,3028.5,3028.5,11.0
2025-03-21 20:45:00+00:00,3028.699951171875,3028.699951171875,3028.39990234375,3028.60009765625,10.0
2025-03-21 20:46:00+00:00,3029.300048828125,3029.39990234375,3028.60009765625,3028.60009765625,77.0
2025-03-21 20:47:00+00:00,3029.10009765625,3029.699951171875,3029.10009765625,3029.199951171875,57.0
2025-03-21 20:48:00+00:00,3029.10009765625,3029.39990234375,3029.10009765625,3029.199951171875,15.0
2025-03-21 20:49:00+00:00,3028.5,3029.10009765625,3028.10009765625,3029.10009765625,56.0
2025-03-21 20:50:00+00:00,3028.39990234375,3028.800048828125,3028.199951171875,3028.39990234375,20.0
2025-03-21 20:51:00+00:00,3028.300048828125,3028.5,3028.0,3028.5,27.0
2025-03-21 20:52:00+00:00,3028.699951171875,3028.699951171875,3028.10009765625,3028.199951171875,25.0
2025-03-21 20:53:00+00:00,3028.5,3028.60009765625,3028.39990234375,3028.39990234375,13.0
2025-03-21 20:54:00+00:00,3028.199951171875,3028.89990234375,3028.199951171875,3028.60009765625,60.0
2025-03-21 20:55:00+00:00,3028.0,3028.5,3027.60009765625,3028.300048828125,164.0
2025-03-21 20:56:00+00:00,3028.199951171875,3028.699951171875,3027.800048828125,3028.300048828125,52.0
2025-03-21 20:57:00+00:00,3027.89990234375,3028.199951171875,3027.89990234375,3028.0,13.0
2025-03-21 20:58:00+00:00,3028.5,3028.60009765625,3028.0,3028.0,49.0
2025-03-21 20:59:00+00:00,3028.199951171875,3028.39990234375,3021.39990234375,3028.199951171875,48.0
2025-03-23 22:00:00+00:00,3027.0,3027.89990234375,3024.5,3027.60009765625,0.0
2025-03-23 22:01:00+00:00,3028.10009765625,3028.800048828125,3026.89990234375,3027.60009765625,314.0
2025-03-23 22:02:00+00:00,3028.60009765625,3029.0,3027.60009765625,3028.10009765625,109.0
2025-03-23 22:03:00+00:00,3027.89990234375,3029.199951171875,3027.800048828125,3029.0,78.0
2025-03-23 22:04:00+00:00,3028.10009765625,3028.10009765625,3027.300048828125,3028.10009765625,22.0
2025-03-23 22:05:00+00:00,3026.800048828125,3028.0,3026.800048828125,3028.0,57.0
2025-03-23 22:06:00+00:00,3027.10009765625,3027.39990234375,3026.699951171875,3026.800048828125,20.0
2025-03-23 22:07:00+00:00,3027.699951171875,3027.89990234375,3027.39990234375,3027.39990234375,20.0
2025-03-23 22:08:00+00:00,3027.800048828125,3027.89990234375,3027.5,3027.699951171875,59.0
2025-03-23 22:09:00+00:00,3028.300048828125,3028.300048828125,3027.699951171875,3027.89990234375,17.0
2025-03-23 22:10:00+00:00,3028.199951171875,3028.5,3028.10009765625,3028.10009765625,17.0
2025-03-23 22:11:00+00:00,3028.89990234375,3028.89990234375,3028.39990234375,3028.39990234375,18.0
2025-03-23 22:12:00+00:00,3028.699951171875,3029.0,3028.39990234375,3028.89990234375,29.0
2025-03-23 22:13:00+00:00,3028.800048828125,3028.800048828125,3028.5,3028.699951171875,19.0
2025-03-23 22:14:00+00:00,3028.89990234375,3028.89990234375,3028.60009765625,3028.800048828125,28.0
2025-03-23 22:15:00+00:00,3029.10009765625,3029.39990234375,3028.699951171875,3028.699951171875,45.0
2025-03-23 22:16:00+00:00,3029.699951171875,3029.800048828125,3029.300048828125,3029.39990234375,30.0
2025-03-23 22:17:00+00:00,3029.89990234375,3030.10009765625,3029.699951171875,3029.699951171875,18.0
2025-03-23 22:18:00+00:00,3030.39990234375,3030.39990234375,3029.89990234375,3029.89990234375,23.0
2025-03-23 22:19:00+00:00,3030.39990234375,3030.89990234375,3030.300048828125,3030.300048828125,53.0
2025-03-23 22:20:00+00:00,3030.39990234375,3030.60009765625,3030.0,3030.300048828125,30.0
2025-03-23 22:21:00+00:00,3030.300048828125,3030.60009765625,3030.199951171875,3030.60009765625,28.0
2025-03-23 22:22:00+00:00,3029.60009765625,3030.199951171875,3029.39990234375,3030.199951171875,23.0
2025-03-23 22:23:00+00:00,3029.199951171875,3029.60009765625,3029.199951171875,3029.5,15.0
2025-03-23 22:24:00+00:00,3029.39990234375,3029.5,3029.199951171875,3029.300048828125,33.0
2025-03-23 22:25:00+00:00,3029.199951171875,3029.199951171875,3028.300048828125,3029.10009765625,42.0
2025-03-23 22:26:00+00:00,3028.60009765625,3029.10009765625,3028.60009765625,3029.10009765625,13.0
2025-03-23 22:27:00+00:00,3029.10009765625,3029.39990234375,3028.39990234375,3028.5,36.0
2025-03-23 22:28:00+00:00,3029.39990234375,3029.39990234375,3029.10009765625,3029.199951171875,18.0
2025-03-23 22:29:00+00:00,3029.0,3029.300048828125,3029.0,3029.300048828125,8.0
2025-03-23 22:30:00+00:00,3028.199951171875,3028.800048828125,3028.199951171875,3028.800048828125,23.0
2025-03-23 22:31:00+00:00,3028.0,3028.300048828125,3027.699951171875,3028.300048828125,29.0
2025-03-23 22:32:00+00:00,3027.5,3027.89990234375,3027.39990234375,3027.800048828125,41.0
2025-03-23 22:33:00+00:00,3027.5,3027.60009765625,3027.39990234375,3027.5,12.0
2025-03-23 22:34:00+00:00,3027.5,3027.60009765625,3027.300048828125,3027.39990234375,24.0
2025-03-23 22:35:00+00:00,3027.699951171875,3027.699951171875,3027.5,3027.699951171875,23.0
2025-03-23 22:36:00+00:00,3027.800048828125,3027.89990234375,3027.39990234375,3027.800048828125,30.0
2025-03-23 22:37:00+00:00,3028.5,3028.60009765625,3028.0,3028.0,65.0
2025-03-23 22:38:00+00:00,3028.199951171875,3028.60009765625,3028.199951171875,3028.39990234375,23.0
2025-03-23 22:39:00+00:00,3027.89990234375,3028.10009765625,3027.89990234375,3028.10009765625,10.0
2025-03-23 22:40:00+00:00,3028.10009765625,3028.10009765625,3027.89990234375,3027.89990234375,5.0
2025-03-23 22:41:00+00:00,3028.89990234375,3028.89990234375,3028.199951171875,3028.199951171875,15.0
2025-03-23 22:42:00+00:00,3028.89990234375,3029.10009765625,3028.60009765625,3028.699951171875,19.0
2025-03-23 22:43:00+00:00,3029.10009765625,3029.199951171875,3029.0,3029.10009765625,16.0
2025-03-23 22:44:00+00:00,3029.10009765625,3029.39990234375,3029.10009765625,3029.300048828125,7.0
2025-03-23 22:45:00+00:00,3029.39990234375,3029.39990234375,3029.0,3029.0,33.0
2025-03-23 22:46:00+00:00,3029.39990234375,3029.5,3029.199951171875,3029.300048828125,6.0
2025-03-23 22:47:00+00:00,3029.699951171875,3029.89990234375,3029.5,3029.5,26.0
2025-03-23 22:48:00+00:00,3030.10009765625,3030.60009765625,3029.800048828125,3029.800048828125,64.0
2025-03-23 22:49:00+00:00,3030.0,3030.300048828125,3030.0,3030.199951171875,21.0
2025-03-23 22:50:00+00:00,3030.199951171875,3030.5,3029.60009765625,3029.89990234375,116.0
2025-03-23 22:51:00+00:00,3030.5,3030.5,3030.39990234375,3030.5,13.0
2025-03-23 22:52:00+00:00,3030.39990234375,3030.60009765625,3030.39990234375,3030.5,9.0
2025-03-23 22:53:00+00:00,3029.89990234375,3030.300048828125,3029.89990234375,3030.300048828125,18.0
2025-03-23 22:54:00+00:00,3030.10009765625,3030.10009765625,3029.699951171875,3029.89990234375,28.0
2025-03-23 22:55:00+00:00,3030.300048828125,3030.300048828125,3030.10009765625,3030.10009765625,5.0
2025-03-23 22:56:00+00:00,3030.699951171875,3030.699951171875,3030.300048828125,3030.300048828125,24.0
2025-03-23 22:57:00+00:00,3030.800048828125,3031.0,3030.800048828125,3030.800048828125,33.0
2025-03-23 22:58:00+00:00,3030.60009765625,3030.60009765625,3030.60009765625,3030.60009765625,4.0
2025-03-23 22:59:00+00:00,3030.5,3030.5,3030.10009765625,3030.39990234375,24.0
2025-03-23 23:00:00+00:00,3029.89990234375,3030.5,3029.5,3030.5,45.0
2025-03-23 23:01:00+00:00,3030.10009765625,3030.10009765625,3029.699951171875,3029.89990234375,23.0
2025-03-23 23:02:00+00:00,3029.5,3030.199951171875,3029.5,3030.199951171875,13.0
2025-03-23 23:03:00+00:00,3030.0,3030.0,3029.5,3029.5,13.0
2025-03-23 23:04:00+00:00,3029.60009765625,3030.10009765625,3029.5,3030.0,33.0
2025-03-23 23:05:00+00:00,3029.39990234375,3029.60009765625,3028.800048828125,3029.60009765625,78.0
2025-03-23 23:06:00+00:00,3028.800048828125,3029.39990234375,3028.800048828125,3029.39990234375,27.0
2025-03-23 23:07:00+00:00,3029.0,3029.0,3028.699951171875,3028.89990234375,19.0
2025-03-23 23:08:00+00:00,3029.89990234375,3029.89990234375,3029.0,3029.0,12.0
2025-03-23 23:09:00+00:00,3029.89990234375,3030.199951171875,3029.60009765625,3029.699951171875,46.0
2025-03-23 23:10:00+00:00,3029.89990234375,3030.10009765625,3029.89990234375,3030.0,24.0
2025-03-23 23:11:00+00:00,3030.0,3030.39990234375,3030.0,3030.10009765625,27.0
2025-03-23 23:12:00+00:00,3029.89990234375,3030.0,3029.800048828125,3030.0,8.0
2025-03-23 23:13:00+00:00,3030.199951171875,3030.199951171875,3030.0,3030.0,6.0
2025-03-23 23:14:00+00:00,3030.0,3030.199951171875,3030.0,3030.0,3.0
2025-03-23 23:15:00+00:00,3030.199951171875,3030.199951171875,3030.0,3030.0,4.0
2025-03-23 23:16:00+00:00,3030.60009765625,3030.89990234375,3030.0,3030.10009765625,44.0
2025-03-23 23:17:00+00:00,3030.800048828125,3030.800048828125,3030.5,3030.5,12.0
2025-03-23 23:18:00+00:00,3030.89990234375,3031.0,3030.699951171875,3030.800048828125,16.0
2025-03-23 23:19:00+00:00,3031.199951171875,3031.60009765625,3031.0,3031.0,111.0
2025-03-23 23:20:00+00:00,3030.89990234375,3031.0,3030.699951171875,3031.0,12.0
2025-03-23 23:21:00+00:00,3031.10009765625,3031.10009765625,3030.699951171875,3030.699951171875,5.0
2025-03-23 23:22:00+00:00,3031.0,3031.60009765625,3031.0,3031.0,52.0
2025-03-23 23:23:00+00:00,3031.10009765625,3031.10009765625,3030.800048828125,3031.0,5.0
2025-03-23 23:24:00+00:00,3031.199951171875,3031.199951171875,3030.89990234375,3030.89990234375,30.0
2025-03-23 23:25:00+00:00,3030.5,3031.0,3030.39990234375,3031.0,33.0
2025-03-23 23:26:00+00:00,3030.60009765625,3030.800048828125,3030.60009765625,3030.60009765625,25.0
2025-03-23 23:27:00+00:00,3030.5,3030.5,3030.300048828125,3030.5,10.0
2025-03-23 23:28:00+00:00,3030.199951171875,3030.5,3030.199951171875,3030.5,13.0
2025-03-23 23:29:00+00:00,3030.199951171875,3030.199951171875,3030.10009765625,3030.10009765625,4.0
2025-03-23 23:30:00+00:00,3030.0,3030.10009765625,3029.699951171875,3030.10009765625,28.0
2025-03-23 23:31:00+00:00,3029.699951171875,3029.89990234375,3029.699951171875,3029.89990234375,8.0
2025-03-23 23:32:00+00:00,3029.89990234375,3029.89990234375,3029.89990234375,3029.89990234375,2.0
2025-03-23 23:33:00+00:00,3030.199951171875,3030.39990234375,3030.0,3030.0,18.0
2025-03-23 23:34:00+00:00,3030.10009765625,3030.39990234375,3030.10009765625,3030.300048828125,7.0
2025-03-23 23:35:00+00:00,3030.199951171875,3030.300048828125,3030.0,3030.0,10.0
2025-03-23 23:36:00+00:00,3030.5,3030.60009765625,3030.300048828125,3030.300048828125,7.0
2025-03-23 23:37:00+00:00,3030.5,3030.60009765625,3030.5,3030.60009765625,8.0
2025-03-23 23:38:00+00:00,3030.800048828125,3030.800048828125,3030.60009765625,3030.800048828125,17.0
2025-03-23 23:39:00+00:00,3030.60009765625,3030.89990234375,3030.60009765625,3030.89990234375,7.0
2025-03-23 23:40:00+00:00,3030.60009765625,3030.699951171875,3030.60009765625,3030.60009765625,7.0
2025-03-23 23:41:00+00:00,3030.5,3030.60009765625,3030.300048828125,3030.60009765625,13.0
2025-03-23 23:42:00+00:00,3030.699951171875,3030.800048828125,3030.60009765625,3030.699951171875,11.0
2025-03-23 23:43:00+00:00,3030.89990234375,3030.89990234375,3030.89990234375,3030.89990234375,11.0
2025-03-23 23:44:00+00:00,3031.199951171875,3031.199951171875,3030.89990234375,3030.89990234375,21.0
2025-03-23 23:45:00+00:00,3031.199951171875,3031.199951171875,3031.10009765625,3031.10009765625,9.0
2025-03-23 23:46:00+00:00,3031.199951171875,3031.300048828125,3031.199951171875,3031.300048828125,13.0
2025-03-23 23:47:00+00:00,3031.10009765625,3031.300048828125,3031.10009765625,3031.199951171875,18.0
2025-03-23 23:48:00+00:00,3031.300048828125,3031.300048828125,3031.0,3031.199951171875,10.0
2025-03-23 23:49:00+00:00,3031.300048828125,3031.39990234375,3031.300048828125,3031.300048828125,3.0
2025-03-23 23:50:00+00:00,3031.300048828125,3031.39990234375,3031.0,3031.300048828125,23.0
2025-03-23 23:51:00+00:00,3031.300048828125,3031.39990234375,3031.300048828125,3031.39990234375,18.0
2025-03-23 23:52:00+00:00,3031.60009765625,3031.60009765625,3031.39990234375,3031.39990234375,4.0
2025-03-23 23:53:00+00:00,3031.10009765625,3031.5,3031.10009765625,3031.5,23.0
2025-03-23 23:54:00+00:00,3031.199951171875,3031.300048828125,3031.0,3031.199951171875,26.0
2025-03-23 23:55:00+00:00,3031.199951171875,3031.199951171875,3031.0,3031.10009765625,8.0
2025-03-23 23:56:00+00:00,3030.800048828125,3031.300048828125,3030.699951171875,3031.300048828125,36.0
2025-03-23 23:57:00+00:00,3030.699951171875,3031.0,3030.60009765625,3030.699951171875,16.0
2025-03-23 23:58:00+00:00,3031.10009765625,3031.10009765625,3030.60009765625,3030.699951171875,12.0
2025-03-23 23:59:00+00:00,3030.39990234375,3031.199951171875,3030.300048828125,3031.10009765625,23.0
2025-03-24 00:00:00+00:00,3030.10009765625,3030.5,3030.10009765625,3030.300048828125,60.0
2025-03-24 00:01:00+00:00,3029.699951171875,3030.199951171875,3028.89990234375,3030.199951171875,89.0
2025-03-24 00:02:00+00:00,3029.699951171875,3030.0,3029.199951171875,3029.699951171875,59.0
2025-03-24 00:03:00+00:00,3029.800048828125,3029.800048828125,3029.199951171875,3029.699951171875,31.0
2025-03-24 00:04:00+00:00,3030.89990234375,3031.0,3029.89990234375,3029.89990234375,74.0
2025-03-24 00:05:00+00:00,3031.0,3031.10009765625,3030.5,3030.699951171875,35.0
2025-03-24 00:06:00+00:00,3031.0,3031.10009765625,3030.89990234375,3031.0,40.0
2025-03-24 00:07:00+00:00,3030.800048828125,3030.89990234375,3030.60009765625,3030.89990234375,121.0
2025-03-24 00:08:00+00:00,3031.199951171875,3031.199951171875,3030.800048828125,3030.800048828125,24.0
2025-03-24 00:09:00+00:00,3031.10009765625,3031.199951171875,3030.800048828125,3031.199951171875,15.0
2025-03-24 00:10:00+00:00,3031.10009765625,3031.199951171875,3031.0,3031.10009765625,11.0
2025-03-24 00:11:00+00:00,3031.199951171875,3031.5,3031.0,3031.10009765625,46.0
2025-03-24 00:12:00+00:00,3030.199951171875,3031.5,3030.199951171875,3031.300048828125,91.0
2025-03-24 00:13:00+00:00,3029.699951171875,3030.300048828125,3029.699951171875,3030.10009765625,38.0
2025-03-24 00:14:00+00:00,3029.699951171875,3029.800048828125,3029.39990234375,3029.60009765625,25.0
2025-03-24 00:15:00+00:00,3029.0,3029.800048828125,3028.300048828125,3029.800048828125,109.0
2025-03-24 00:16:00+00:00,3029.60009765625,3029.800048828125,3029.0,3029.10009765625,34.0
2025-03-24 00:17:00+00:00,3029.60009765625,3029.800048828125,3029.39990234375,3029.800048828125,17.0
2025-03-24 00:18:00+00:00,3029.10009765625,3029.800048828125,3029.10009765625,3029.60009765625,24.0
2025-03-24 00:19:00+00:00,3029.300048828125,3029.5,3029.0,3029.199951171875,73.0
2025-03-24 00:20:00+00:00,3028.5,3029.300048828125,3028.39990234375,3029.300048828125,54.0
2025-03-24 00:21:00+00:00,3028.800048828125,3028.800048828125,3028.10009765625,3028.60009765625,54.0
2025-03-24 00:22:00+00:00,3028.60009765625,3028.89990234375,3028.60009765625,3028.89990234375,20.0
2025-03-24 00:23:00+00:00,3027.89990234375,3028.39990234375,3027.89990234375,3028.39990234375,41.0
2025-03-24 00:24:00+00:00,3028.0,3028.60009765625,3027.800048828125,3028.0,64.0
2025-03-24 00:25:00+00:00,3028.199951171875,3028.39990234375,3027.800048828125,3028.10009765625,45.0
2025-03-24 00:26:00+00:00,3028.300048828125,3028.300048828125,3028.199951171875,3028.300048828125,5.0
2025-03-24 00:27:00+00:00,3028.199951171875,3028.39990234375,3027.800048828125,3028.199951171875,29.0
2025-03-24 00:28:00+00:00,3028.5,3028.5,3028.300048828125,3028.39990234375,7.0
2025-03-24 00:29:00+00:00,3028.0,3028.60009765625,3028.0,3028.5,35.0
2025-03-24 00:30:00+00:00,3027.800048828125,3028.10009765625,3027.5,3028.10009765625,87.0
2025-03-24 00:31:00+00:00,3027.699951171875,3027.89990234375,3027.39990234375,3027.800048828125,37.0
2025-03-24 00:32:00+00:00,3027.800048828125,3028.0,3027.300048828125,3027.699951171875,82.0
2025-03-24 00:33:00+00:00,3027.89990234375,3028.10009765625,3027.60009765625,3027.699951171875,42.0
2025-03-24 00:34:00+00:00,3027.5,3028.0,3027.199951171875,3027.89990234375,72.0
2025-03-24 00:35:00+00:00,3027.699951171875,3027.699951171875,3027.5,3027.60009765625,18.0
2025-03-24 00:36:00+00:00,3027.89990234375,3028.0,3027.699951171875,3027.800048828125,34.0
2025-03-24 00:37:00+00:00,3027.5,3027.800048828125,3027.5,3027.699951171875,30.0
2025-03-24 00:38:00+00:00,3027.5,3027.89990234375,3027.5,3027.60009765625,48.0
2025-03-24 00:39:00+00:00,3027.300048828125,3027.60009765625,3026.800048828125,3027.300048828125,72.0
2025-03-24 00:40:00+00:00,3027.10009765625,3027.39990234375,3026.800048828125,3027.39990234375,81.0
2025-03-24 00:41:00+00:00,3026.5,3027.199951171875,3026.0,3027.10009765625,133.0
2025-03-24 00:42:00+00:00,3026.39990234375,3026.800048828125,3026.10009765625,3026.5,127.0
2025-03-24 00:43:00+00:00,3025.699951171875,3026.5,3025.699951171875,3026.5,59.0
2025-03-24 00:44:00+00:00,3025.60009765625,3025.89990234375,3025.300048828125,3025.699951171875,40.0
2025-03-24 00:45:00+00:00,3025.199951171875,3025.89990234375,3025.199951171875,3025.60009765625,65.0
2025-03-24 00:46:00+00:00,3025.199951171875,3025.60009765625,3024.699951171875,3025.300048828125,155.0
2025-03-24 00:47:00+00:00,3024.699951171875,3025.199951171875,3024.199951171875,3025.199951171875,250.0
2025-03-24 00:48:00+00:00,3024.699951171875,3025.0,3024.60009765625,3024.800048828125,186.0
2025-03-24 00:49:00+00:00,3024.300048828125,3024.800048828125,3024.0,3024.800048828125,85.0
2025-03-24 00:50:00+00:00,3024.0,3024.60009765625,3024.0,3024.300048828125,39.0
2025-03-24 00:51:00+00:00,3023.800048828125,3024.10009765625,3023.199951171875,3024.0,83.0
2025-03-24 00:52:00+00:00,3023.699951171875,3023.800048828125,3023.39990234375,3023.699951171875,57.0
2025-03-24 00:53:00+00:00,3023.300048828125,3024.0,3023.199951171875,3023.699951171875,53.0
2025-03-24 00:54:00+00:00,3022.800048828125,3023.199951171875,3022.10009765625,3023.199951171875,100.0
2025-03-24 00:55:00+00:00,3022.0,3023.0,3021.800048828125,3022.800048828125,123.0
2025-03-24 00:56:00+00:00,3021.60009765625,3022.199951171875,3021.199951171875,3022.10009765625,145.0
2025-03-24 00:57:00+00:00,3022.800048828125,3023.0,3021.39990234375,3021.5,114.0
2025-03-24 00:58:00+00:00,3023.39990234375,3023.39990234375,3022.699951171875,3022.89990234375,46.0
2025-03-24 00:59:00+00:00,3022.800048828125,3023.199951171875,3022.699951171875,3023.199951171875,49.0
2025-03-24 01:00:00+00:00,3023.39990234375,3024.10009765625,3022.60009765625,3022.699951171875,175.0
2025-03-24 01:01:00+00:00,3024.199951171875,3024.39990234375,3023.199951171875,3023.5,109.0
2025-03-24 01:02:00+00:00,3024.300048828125,3024.5,3023.89990234375,3024.10009765625,67.0
2025-03-24 01:03:00+00:00,3025.0,3025.0,3024.39990234375,3024.39990234375,150.0
2025-03-24 01:04:00+00:00,3025.0,3025.0,3024.5,3025.0,82.0
2025-03-24 01:05:00+00:00,3026.10009765625,3026.300048828125,3024.89990234375,3025.0,308.0
2025-03-24 01:06:00+00:00,3026.89990234375,3027.0,3026.39990234375,3026.39990234375,122.0
2025-03-24 01:07:00+00:00,3026.89990234375,3027.199951171875,3026.800048828125,3027.0,78.0
2025-03-24 01:08:00+00:00,3026.89990234375,3026.89990234375,3026.199951171875,3026.89990234375,77.0
2025-03-24 01:09:00+00:00,3026.60009765625,3026.699951171875,3025.89990234375,3026.699951171875,75.0
2025-03-24 01:10:00+00:00,3026.800048828125,3027.199951171875,3026.60009765625,3026.699951171875,38.0
2025-03-24 01:11:00+00:00,3026.60009765625,3027.0,3026.60009765625,3026.699951171875,38.0
2025-03-24 01:12:00+00:00,3027.10009765625,3027.39990234375,3026.199951171875,3026.39990234375,84.0
2025-03-24 01:13:00+00:00,3027.699951171875,3027.89990234375,3026.89990234375,3027.10009765625,169.0
2025-03-24 01:14:00+00:00,3027.699951171875,3027.89990234375,3027.300048828125,3027.800048828125,35.0
2025-03-24 01:15:00+00:00,3027.60009765625,3027.89990234375,3026.699951171875,3027.5,109.0
2025-03-24 01:16:00+00:00,3027.0,3027.800048828125,3027.0,3027.699951171875,82.0
2025-03-24 01:17:00+00:00,3026.199951171875,3027.10009765625,3026.10009765625,3027.0,60.0
2025-03-24 01:18:00+00:00,3026.699951171875,3026.699951171875,3025.39990234375,3026.199951171875,92.0
2025-03-24 01:19:00+00:00,3026.199951171875,3026.800048828125,3026.199951171875,3026.699951171875,34.0
2025-03-24 01:20:00+00:00,3025.800048828125,3026.10009765625,3025.10009765625,3026.10009765625,78.0
2025-03-24 01:21:00+00:00,3025.39990234375,3025.699951171875,3024.199951171875,3025.699951171875,111.0
2025-03-24 01:22:00+00:00,3026.0,3026.199951171875,3025.300048828125,3025.39990234375,57.0
2025-03-24 01:23:00+00:00,3025.89990234375,3026.300048828125,3025.800048828125,3026.10009765625,63.0
2025-03-24 01:24:00+00:00,3025.39990234375,3026.0,3025.39990234375,3026.0,27.0
2025-03-24 01:25:00+00:00,3025.0,3025.5,3024.699951171875,3025.5,80.0
2025-03-24 01:26:00+00:00,3025.199951171875,3025.199951171875,3024.89990234375,3025.10009765625,21.0
2025-03-24 01:27:00+00:00,3025.10009765625,3025.800048828125,3024.800048828125,3025.5,51.0
2025-03-24 01:28:00+00:00,3025.0,3025.5,3024.89990234375,3025.199951171875,58.0
2025-03-24 01:29:00+00:00,3024.89990234375,3025.300048828125,3024.60009765625,3024.89990234375,44.0
2025-03-24 01:30:00+00:00,3025.5,3025.800048828125,3025.0,3025.10009765625,70.0
2025-03-24 01:31:00+00:00,3026.300048828125,3026.300048828125,3024.800048828125,3025.10009765625,50.0
2025-03-24 01:32:00+00:00,3026.300048828125,3026.800048828125,3026.10009765625,3026.300048828125,61.0
2025-03-24 01:33:00+00:00,3027.300048828125,3027.60009765625,3026.60009765625,3026.800048828125,57.0
2025-03-24 01:34:00+00:00,3028.10009765625,3028.39990234375,3027.199951171875,3027.300048828125,91.0
2025-03-24 01:35:00+00:00,3028.199951171875,3029.10009765625,3028.10009765625,3028.199951171875,87.0
2025-03-24 01:36:00+00:00,3028.300048828125,3028.699951171875,3028.0,3028.0,35.0
2025-03-24 01:37:00+00:00,3027.89990234375,3029.0,3027.89990234375,3028.5,63.0
2025-03-24 01:38:00+00:00,3028.39990234375,3028.39990234375,3026.89990234375,3027.89990234375,102.0
2025-03-24 01:39:00+00:00,3029.199951171875,3029.300048828125,3028.300048828125,3028.39990234375,106.0
2025-03-24 01:40:00+00:00,3029.699951171875,3029.800048828125,3028.800048828125,3029.0,59.0
2025-03-24 01:41:00+00:00,3029.300048828125,3029.800048828125,3029.199951171875,3029.800048828125,30.0
2025-03-24 01:42:00+00:00,3029.5,3029.800048828125,3029.300048828125,3029.5,46.0
2025-03-24 01:43:00+00:00,3028.800048828125,3029.699951171875,3028.800048828125,3029.60009765625,71.0
2025-03-24 01:44:00+00:00,3028.199951171875,3028.60009765625,3027.89990234375,3028.60009765625,56.0
2025-03-24 01:45:00+00:00,3028.10009765625,3028.300048828125,3027.89990234375,3028.199951171875,26.0
2025-03-24 01:46:00+00:00,3027.300048828125,3028.10009765625,3027.300048828125,3027.800048828125,58.0
2025-03-24 01:47:00+00:00,3027.0,3027.39990234375,3026.89990234375,3027.300048828125,38.0
2025-03-24 01:48:00+00:00,3026.300048828125,3026.699951171875,3026.0,3026.699951171875,47.0
2025-03-24 01:49:00+00:00,3026.5,3026.699951171875,3025.800048828125,3026.300048828125,53.0
2025-03-24 01:50:00+00:00,3026.60009765625,3027.300048828125,3026.60009765625,3026.800048828125,48.0
2025-03-24 01:51:00+00:00,3026.699951171875,3027.10009765625,3026.5,3026.800048828125,46.0
2025-03-24 01:52:00+00:00,3026.199951171875,3026.60009765625,3025.800048828125,3026.60009765625,136.0
2025-03-24 01:53:00+00:00,3026.199951171875,3026.39990234375,3025.89990234375,3026.199951171875,11.0
2025-03-24 01:54:00+00:00,3026.39990234375,3026.39990234375,3026.0,3026.39990234375,17.0
2025-03-24 01:55:00+00:00,3025.39990234375,3026.5,3025.39990234375,3026.5,55.0
2025-03-24 01:56:00+00:00,3024.89990234375,3025.60009765625,3024.699951171875,3025.60009765625,78.0
2025-03-24 01:57:00+00:00,3025.5,3025.699951171875,3024.89990234375,3024.89990234375,48.0
2025-03-24 01:58:00+00:00,3026.0,3026.300048828125,3025.699951171875,3025.699951171875,19.0
2025-03-24 01:59:00+00:00,3025.39990234375,3026.0,3025.199951171875,3026.0,56.0
2025-03-24 02:00:00+00:00,3026.10009765625,3026.300048828125,3025.300048828125,3025.60009765625,52.0
2025-03-24 02:01:00+00:00,3025.5,3026.300048828125,3025.39990234375,3026.0,39.0
2025-03-24 02:02:00+00:00,3026.5,3027.0,3025.39990234375,3025.39990234375,39.0
2025-03-24 02:03:00+00:00,3027.300048828125,3027.60009765625,3026.699951171875,3026.699951171875,68.0
2025-03-24 02:04:00+00:00,3027.800048828125,3027.89990234375,3027.300048828125,3027.39990234375,31.0
2025-03-24 02:05:00+00:00,3027.89990234375,3028.5,3027.800048828125,3027.89990234375,86.0
2025-03-24 02:06:00+00:00,3028.300048828125,3028.89990234375,3027.89990234375,3027.89990234375,87.0
2025-03-24 02:07:00+00:00,3027.699951171875,3028.10009765625,3027.5,3028.10009765625,55.0
2025-03-24 02:08:00+00:00,3027.199951171875,3027.699951171875,3026.699951171875,3027.60009765625,93.0
2025-03-24 02:09:00+00:00,3027.39990234375,3027.800048828125,3027.300048828125,3027.5,44.0
2025-03-24 02:10:00+00:00,3027.0,3027.89990234375,3026.89990234375,3027.5,60.0
2025-03-24 02:11:00+00:00,3027.10009765625,3028.0,3027.0,3027.0,55.0
2025-03-24 02:12:00+00:00,3026.89990234375,3027.199951171875,3026.699951171875,3027.199951171875,19.0
2025-03-24 02:13:00+00:00,3027.39990234375,3027.699951171875,3026.699951171875,3026.699951171875,88.0
2025-03-24 02:14:00+00:00,3027.89990234375,3028.199951171875,3027.39990234375,3027.39990234375,74.0
2025-03-24 02:15:00+00:00,3028.39990234375,3028.39990234375,3027.89990234375,3027.89990234375,19.0
2025-03-24 02:16:00+00:00,3027.699951171875,3028.10009765625,3027.300048828125,3028.10009765625,26.0
2025-03-24 02:17:00+00:00,3027.699951171875,3027.699951171875,3027.300048828125,3027.60009765625,9.0
2025-03-24 02:18:00+00:00,3027.5,3027.5,3027.300048828125,3027.300048828125,5.0
2025-03-24 02:19:00+00:00,3027.39990234375,3027.800048828125,3027.39990234375,3027.5,10.0
2025-03-24 02:20:00+00:00,3027.699951171875,3028.39990234375,3027.300048828125,3027.39990234375,62.0
2025-03-24 02:21:00+00:00,3028.0,3028.0,3027.5,3027.60009765625,14.0
2025-03-24 02:22:00+00:00,3027.300048828125,3028.0,3027.300048828125,3028.0,14.0
2025-03-24 02:23:00+00:00,3027.0,3027.699951171875,3027.0,3027.699951171875,14.0
2025-03-24 02:24:00+00:00,3027.60009765625,3027.699951171875,3027.199951171875,3027.199951171875,14.0
2025-03-24 02:25:00+00:00,3027.60009765625,3027.60009765625,3027.199951171875,3027.39990234375,16.0
2025-03-24 02:26:00+00:00,3028.0,3028.0,3027.60009765625,3027.60009765625,23.0
2025-03-24 02:27:00+00:00,3028.10009765625,3028.10009765625,3027.60009765625,3028.0,14.0
2025-03-24 02:28:00+00:00,3027.800048828125,3027.800048828125,3027.39990234375,3027.800048828125,17.0
2025-03-24 02:29:00+00:00,3028.10009765625,3028.10009765625,3027.89990234375,3028.10009765625,10.0
2025-03-24 02:30:00+00:00,3027.800048828125,3028.0,3027.199951171875,3027.89990234375,27.0
2025-03-24 02:31:00+00:00,3027.699951171875,3028.0,3027.5,3027.60009765625,26.0
2025-03-24 02:32:00+00:00,3027.199951171875,3027.699951171875,3027.199951171875,3027.699951171875,18.0
2025-03-24 02:33:00+00:00,3026.89990234375,3027.300048828125,3026.60009765625,3027.300048828125,45.0
2025-03-24 02:34:00+00:00,3026.800048828125,3027.10009765625,3026.699951171875,3027.10009765625,11.0
2025-03-24 02:35:00+00:00,3026.60009765625,3026.699951171875,3026.10009765625,3026.699951171875,15.0
2025-03-24 02:36:00+00:00,3026.699951171875,3026.89990234375,3026.300048828125,3026.300048828125,40.0
2025-03-24 02:37:00+00:00,3026.5,3026.5,3025.800048828125,3026.39990234375,129.0
2025-03-24 02:38:00+00:00,3026.199951171875,3026.60009765625,3026.199951171875,3026.5,12.0
2025-03-24 02:39:00+00:00,3025.5,3026.199951171875,3025.10009765625,3026.199951171875,76.0
2025-03-24 02:40:00+00:00,3024.89990234375,3025.39990234375,3024.5,3025.39990234375,60.0
2025-03-24 02:41:00+00:00,3024.60009765625,3025.0,3024.39990234375,3025.0,54.0
2025-03-24 02:42:00+00:00,3023.800048828125,3024.89990234375,3023.800048828125,3024.5,46.0
2025-03-24 02:43:00+00:00,3022.89990234375,3023.800048828125,3022.89990234375,3023.800048828125,136.0
2025-03-24 02:44:00+00:00,3022.89990234375,3023.199951171875,3022.39990234375,3023.0,84.0
2025-03-24 02:45:00+00:00,3021.0,3023.10009765625,3020.800048828125,3023.10009765625,260.0
2025-03-24 02:46:00+00:00,3020.300048828125,3021.199951171875,3019.199951171875,3021.10009765625,379.0
2025-03-24 02:47:00+00:00,3021.800048828125,3022.199951171875,3020.300048828125,3020.39990234375,155.0
2025-03-24 02:48:00+00:00,3022.300048828125,3022.800048828125,3021.699951171875,3021.800048828125,68.0
2025-03-24 02:49:00+00:00,3022.60009765625,3022.800048828125,3022.300048828125,3022.39990234375,17.0
2025-03-24 02:50:00+00:00,3023.39990234375,3023.39990234375,3022.60009765625,3022.699951171875,74.0
2025-03-24 02:51:00+00:00,3022.60009765625,3023.699951171875,3022.10009765625,3023.39990234375,72.0
2025-03-24 02:52:00+00:00,3021.89990234375,3022.800048828125,3021.699951171875,3022.800048828125,61.0
2025-03-24 02:53:00+00:00,3021.699951171875,3022.0,3021.199951171875,3021.89990234375,55.0
2025-03-24 02:54:00+00:00,3022.699951171875,3022.800048828125,3021.699951171875,3021.699951171875,48.0
2025-03-24 02:55:00+00:00,3022.5,3022.5,3022.199951171875,3022.5,9.0
2025-03-24 02:56:00+00:00,3022.199951171875,3022.800048828125,3022.199951171875,3022.60009765625,23.0
2025-03-24 02:57:00+00:00,3021.800048828125,3022.39990234375,3021.800048828125,3022.10009765625,32.0
2025-03-24 02:58:00+00:00,3021.199951171875,3021.89990234375,3020.800048828125,3021.89990234375,200.0
2025-03-24 02:59:00+00:00,3020.89990234375,3021.0,3020.699951171875,3021.0,28.0
2025-03-24 03:00:00+00:00,3021.199951171875,3022.10009765625,3020.699951171875,3020.699951171875,67.0
2025-03-24 03:01:00+00:00,3020.699951171875,3021.60009765625,3020.5,3021.300048828125,70.0
2025-03-24 03:02:00+00:00,3020.89990234375,3021.10009765625,3020.800048828125,3020.89990234375,12.0
2025-03-24 03:03:00+00:00,3021.300048828125,3021.39990234375,3020.89990234375,3021.10009765625,42.0
2025-03-24 03:04:00+00:00,3021.800048828125,3022.800048828125,3021.199951171875,3021.39990234375,216.0
2025-03-24 03:05:00+00:00,3021.199951171875,3021.89990234375,3021.10009765625,3021.89990234375,74.0
2025-03-24 03:06:00+00:00,3021.300048828125,3021.800048828125,3021.199951171875,3021.199951171875,77.0
2025-03-24 03:07:00+00:00,3021.300048828125,3021.39990234375,3020.800048828125,3021.199951171875,103.0
2025-03-24 03:08:00+00:00,3021.10009765625,3021.60009765625,3021.0,3021.39990234375,76.0
2025-03-24 03:09:00+00:00,3021.10009765625,3021.39990234375,3021.0,3021.300048828125,63.0
2025-03-24 03:10:00+00:00,3021.199951171875,3021.60009765625,3021.199951171875,3021.199951171875,46.0
2025-03-24 03:11:00+00:00,3021.0,3021.39990234375,3020.800048828125,3021.0,27.0
2025-03-24 03:12:00+00:00,3021.5,3021.60009765625,3021.10009765625,3021.10009765625,34.0
2025-03-24 03:13:00+00:00,3021.5,3021.60009765625,3021.39990234375,3021.60009765625,32.0
2025-03-24 03:14:00+00:00,3021.5,3021.699951171875,3021.199951171875,3021.60009765625,46.0
2025-03-24 03:15:00+00:00,3021.199951171875,3021.699951171875,3021.199951171875,3021.60009765625,38.0
2025-03-24 03:16:00+00:00,3021.60009765625,3021.699951171875,3021.0,3021.10009765625,50.0
2025-03-24 03:17:00+00:00,3022.0,3022.0,3021.60009765625,3021.699951171875,175.0
2025-03-24 03:18:00+00:00,3021.699951171875,3022.199951171875,3021.199951171875,3022.0,279.0
2025-03-24 03:19:00+00:00,3021.800048828125,3022.0,3021.5,3021.5,54.0
2025-03-24 03:20:00+00:00,3022.699951171875,3023.10009765625,3021.89990234375,3021.89990234375,86.0
2025-03-24 03:21:00+00:00,3022.5,3022.60009765625,3022.199951171875,3022.60009765625,32.0
2025-03-24 03:22:00+00:00,3023.0,3023.5,3022.60009765625,3022.60009765625,52.0
2025-03-24 03:23:00+00:00,3022.89990234375,3023.199951171875,3022.699951171875,3023.0,24.0
2025-03-24 03:24:00+00:00,3023.60009765625,3023.800048828125,3023.0,3023.0,50.0
2025-03-24 03:25:00+00:00,3023.10009765625,3023.60009765625,3022.89990234375,3023.5,20.0
2025-03-24 03:26:00+00:00,3022.800048828125,3023.10009765625,3022.800048828125,3023.0,35.0
2025-03-24 03:27:00+00:00,3022.800048828125,3022.800048828125,3022.10009765625,3022.699951171875,43.0
2025-03-24 03:28:00+00:00,3022.39990234375,3022.89990234375,3022.300048828125,3022.60009765625,57.0
2025-03-24 03:29:00+00:00,3021.89990234375,3022.199951171875,3021.800048828125,3022.199951171875,126.0
2025-03-24 03:30:00+00:00,3021.0,3022.199951171875,3021.0,3021.800048828125,47.0
2025-03-24 03:31:00+00:00,3021.300048828125,3021.39990234375,3020.89990234375,3020.89990234375,20.0
2025-03-24 03:32:00+00:00,3021.39990234375,3021.5,3021.10009765625,3021.5,23.0
2025-03-24 03:33:00+00:00,3021.60009765625,3022.0,3021.5,3021.5,23.0
2025-03-24 03:34:00+00:00,3021.60009765625,3021.800048828125,3021.39990234375,3021.60009765625,26.0
2025-03-24 03:35:00+00:00,3021.199951171875,3021.60009765625,3021.10009765625,3021.39990234375,32.0
2025-03-24 03:36:00+00:00,3020.5,3021.300048828125,3020.5,3021.300048828125,36.0
2025-03-24 03:37:00+00:00,3020.800048828125,3020.800048828125,3020.10009765625,3020.39990234375,45.0
2025-03-24 03:38:00+00:00,3021.5,3021.5,3020.300048828125,3020.800048828125,57.0
2025-03-24 03:39:00+00:00,3022.60009765625,3022.800048828125,3021.60009765625,3021.60009765625,85.0
2025-03-24 03:40:00+00:00,3022.10009765625,3022.699951171875,3022.10009765625,3022.5,23.0
2025-03-24 03:41:00+00:00,3022.300048828125,3022.300048828125,3021.39990234375,3022.10009765625,59.0
2025-03-24 03:42:00+00:00,3022.800048828125,3022.89990234375,3022.300048828125,3022.39990234375,91.0
2025-03-24 03:43:00+00:00,3022.39990234375,3022.800048828125,3022.300048828125,3022.800048828125,43.0
2025-03-24 03:44:00+00:00,3022.39990234375,3022.39990234375,3022.300048828125,3022.39990234375,6.0
2025-03-24 03:45:00+00:00,3022.800048828125,3022.800048828125,3022.5,3022.5,5.0
2025-03-24 03:46:00+00:00,3022.39990234375,3022.800048828125,3022.39990234375,3022.699951171875,13.0
2025-03-24 03:48:00+00:00,3021.800048828125,3022.5,3021.800048828125,3022.5,27.0
2025-03-24 03:49:00+00:00,3021.300048828125,3021.60009765625,3021.300048828125,3021.60009765625,13.0
2025-03-24 03:50:00+00:00,3021.300048828125,3021.699951171875,3021.300048828125,3021.300048828125,20.0
2025-03-24 03:51:00+00:00,3021.5,3021.60009765625,3021.39990234375,3021.39990234375,11.0
2025-03-24 03:52:00+00:00,3021.5,3022.199951171875,3021.10009765625,3021.699951171875,91.0
2025-03-24 03:53:00+00:00,3021.800048828125,3021.800048828125,3021.5,3021.699951171875,15.0
2025-03-24 03:54:00+00:00,3021.699951171875,3021.699951171875,3021.5,3021.5,6.0
2025-03-24 03:55:00+00:00,3022.0,3022.0,3021.60009765625,3021.699951171875,10.0
2025-03-24 03:56:00+00:00,3021.89990234375,3022.10009765625,3021.89990234375,3022.0,7.0
2025-03-24 03:57:00+00:00,3021.699951171875,3021.89990234375,3021.699951171875,3021.699951171875,4.0
2025-03-24 03:58:00+00:00,3021.89990234375,3021.89990234375,3021.699951171875,3021.800048828125,16.0
2025-03-24 04:00:00+00:00,3021.10009765625,3021.300048828125,3020.89990234375,3021.300048828125,25.0
2025-03-24 04:01:00+00:00,3021.0,3021.10009765625,3020.699951171875,3021.0,25.0
2025-03-24 04:02:00+00:00,3020.89990234375,3021.10009765625,3020.89990234375,3021.0,13.0
2025-03-24 04:03:00+00:00,3021.10009765625,3021.199951171875,3020.699951171875,3020.699951171875,14.0
2025-03-24 04:04:00+00:00,3021.60009765625,3021.800048828125,3021.199951171875,3021.199951171875,16.0
2025-03-24 04:05:00+00:00,3021.800048828125,3022.0,3021.300048828125,3021.699951171875,26.0
2025-03-24 04:06:00+00:00,3022.39990234375,3022.39990234375,3022.0,3022.0,8.0
2025-03-24 04:07:00+00:00,3022.10009765625,3022.60009765625,3022.10009765625,3022.39990234375,38.0
2025-03-24 04:08:00+00:00,3022.199951171875,3022.39990234375,3022.10009765625,3022.10009765625,14.0
2025-03-24 04:09:00+00:00,3022.10009765625,3022.300048828125,3021.89990234375,3022.199951171875,24.0
2025-03-24 04:10:00+00:00,3022.0,3022.0,3021.800048828125,3022.0,10.0
2025-03-24 04:11:00+00:00,3021.800048828125,3022.300048828125,3021.800048828125,3022.0,24.0
2025-03-24 04:12:00+00:00,3021.60009765625,3022.0,3021.39990234375,3021.699951171875,35.0
2025-03-24 04:13:00+00:00,3022.199951171875,3022.199951171875,3021.800048828125,3021.800048828125,8.0
2025-03-24 04:14:00+00:00,3022.0,3022.0,3021.800048828125,3022.0,31.0
2025-03-24 04:15:00+00:00,3021.699951171875,3022.10009765625,3021.699951171875,3022.10009765625,10.0
2025-03-24 04:16:00+00:00,3022.0,3022.0,3021.800048828125,3021.800048828125,3.0
2025-03-24 04:17:00+00:00,3022.5,3022.5,3022.0,3022.10009765625,28.0
2025-03-24 04:18:00+00:00,3022.89990234375,3023.10009765625,3022.5,3022.5,92.0
2025-03-24 04:19:00+00:00,3023.300048828125,3023.60009765625,3022.89990234375,3022.89990234375,80.0
2025-03-24 04:20:00+00:00,3023.39990234375,3023.699951171875,3023.10009765625,3023.5,50.0
2025-03-24 04:21:00+00:00,3022.800048828125,3023.300048828125,3022.800048828125,3023.300048828125,10.0
2025-03-24 04:22:00+00:00,3022.39990234375,3023.0,3022.199951171875,3023.0,26.0
2025-03-24 04:23:00+00:00,3022.300048828125,3022.60009765625,3022.300048828125,3022.5,15.0
2025-03-24 04:24:00+00:00,3022.0,3022.300048828125,3022.0,3022.300048828125,13.0
2025-03-24 04:25:00+00:00,3021.800048828125,3022.0,3021.800048828125,3022.0,11.0
2025-03-24 04:26:00+00:00,3022.199951171875,3022.199951171875,3021.800048828125,3021.800048828125,9.0
2025-03-24 04:27:00+00:00,3022.0,3022.10009765625,3021.800048828125,3022.10009765625,11.0
2025-03-24 04:28:00+00:00,3022.199951171875,3022.39990234375,3022.10009765625,3022.10009765625,6.0
2025-03-24 04:29:00+00:00,3022.199951171875,3022.199951171875,3022.199951171875,3022.199951171875,4.0
2025-03-24 04:30:00+00:00,3022.39990234375,3022.39990234375,3022.199951171875,3022.300048828125,15.0
2025-03-24 04:31:00+00:00,3022.699951171875,3022.699951171875,3022.5,3022.5,3.0
2025-03-24 04:32:00+00:00,3022.300048828125,3022.800048828125,3022.300048828125,3022.800048828125,6.0
2025-03-24 04:33:00+00:00,3022.199951171875,3022.199951171875,3022.199951171875,3022.199951171875,5.0
2025-03-24 04:34:00+00:00,3021.800048828125,3022.10009765625,3021.800048828125,3022.0,18.0
2025-03-24 04:35:00+00:00,3022.199951171875,3022.199951171875,3021.5,3021.699951171875,12.0
2025-03-24 04:36:00+00:00,3022.60009765625,3022.60009765625,3022.199951171875,3022.300048828125,15.0
2025-03-24 04:38:00+00:00,3022.39990234375,3022.39990234375,3022.39990234375,3022.39990234375,2.0
2025-03-24 04:40:00+00:00,3022.300048828125,3022.60009765625,3022.300048828125,3022.5,5.0
2025-03-24 04:42:00+00:00,3022.0,3022.199951171875,3022.0,3022.199951171875,7.0
2025-03-24 04:43:00+00:00,3022.199951171875,3022.199951171875,3022.0,3022.0,6.0
2025-03-24 04:44:00+00:00,3022.5,3022.5,3022.300048828125,3022.300048828125,10.0
2025-03-24 04:45:00+00:00,3022.300048828125,3022.60009765625,3022.199951171875,3022.60009765625,13.0
2025-03-24 04:46:00+00:00,3022.800048828125,3022.800048828125,3022.5,3022.5,13.0
2025-03-24 04:47:00+00:00,3022.39990234375,3022.699951171875,3022.300048828125,3022.699951171875,6.0
2025-03-24 04:48:00+00:00,3022.199951171875,3022.39990234375,3022.199951171875,3022.39990234375,15.0
2025-03-24 04:49:00+00:00,3022.199951171875,3022.300048828125,3022.199951171875,3022.300048828125,9.0
2025-03-24 04:50:00+00:00,3022.39990234375,3022.5,3022.0,3022.0,12.0
2025-03-24 04:51:00+00:00,3022.89990234375,3022.89990234375,3022.39990234375,3022.39990234375,38.0
2025-03-24 04:52:00+00:00,3023.10009765625,3023.10009765625,3022.60009765625,3022.89990234375,49.0
2025-03-24 04:53:00+00:00,3023.39990234375,3023.60009765625,3023.199951171875,3023.199951171875,41.0
2025-03-24 04:54:00+00:00,3023.60009765625,3023.699951171875,3023.39990234375,3023.39990234375,13.0
2025-03-24 04:55:00+00:00,3023.699951171875,3024.199951171875,3023.60009765625,3023.60009765625,60.0
2025-03-24 04:56:00+00:00,3023.60009765625,3023.89990234375,3023.300048828125,3023.60009765625,48.0
2025-03-24 04:57:00+00:00,3023.800048828125,3023.89990234375,3023.39990234375,3023.60009765625,27.0
2025-03-24 04:58:00+00:00,3023.0,3023.800048828125,3022.89990234375,3023.699951171875,43.0
2025-03-24 04:59:00+00:00,3023.5,3023.699951171875,3023.0,3023.0,22.0
2025-03-24 05:00:00+00:00,3023.300048828125,3023.39990234375,3023.10009765625,3023.39990234375,13.0
2025-03-24 05:01:00+00:00,3023.39990234375,3023.699951171875,3023.300048828125,3023.300048828125,16.0
2025-03-24 05:02:00+00:00,3023.60009765625,3024.199951171875,3023.5,3023.699951171875,46.0
2025-03-24 05:03:00+00:00,3023.39990234375,3023.89990234375,3023.39990234375,3023.699951171875,33.0
2025-03-24 05:04:00+00:00,3023.0,3023.300048828125,3023.0,3023.199951171875,18.0
2025-03-24 05:05:00+00:00,3023.60009765625,3023.60009765625,3023.199951171875,3023.199951171875,15.0
2025-03-24 05:06:00+00:00,3024.199951171875,3024.199951171875,3024.0,3024.0,18.0
2025-03-24 05:07:00+00:00,3024.60009765625,3024.699951171875,3024.300048828125,3024.300048828125,29.0
2025-03-24 05:08:00+00:00,3025.89990234375,3026.39990234375,3024.800048828125,3024.800048828125,245.0
2025-03-24 05:09:00+00:00,3025.699951171875,3026.0,3025.699951171875,3025.89990234375,33.0
2025-03-24 05:10:00+00:00,3026.5,3026.89990234375,3025.800048828125,3025.800048828125,99.0
2025-03-24 05:11:00+00:00,3026.300048828125,3026.89990234375,3026.199951171875,3026.39990234375,37.0
2025-03-24 05:12:00+00:00,3026.5,3026.60009765625,3025.800048828125,3026.300048828125,63.0
2025-03-24 05:13:00+00:00,3026.5,3026.89990234375,3026.39990234375,3026.60009765625,49.0
2025-03-24 05:14:00+00:00,3026.60009765625,3026.89990234375,3026.300048828125,3026.699951171875,39.0
2025-03-24 05:15:00+00:00,3026.60009765625,3026.699951171875,3026.60009765625,3026.60009765625,17.0
2025-03-24 05:16:00+00:00,3026.39990234375,3026.5,3026.10009765625,3026.5,18.0
2025-03-24 05:17:00+00:00,3026.39990234375,3026.699951171875,3026.199951171875,3026.5,21.0
2025-03-24 05:18:00+00:00,3026.300048828125,3026.5,3026.300048828125,3026.300048828125,9.0
2025-03-24 05:19:00+00:00,3026.39990234375,3026.39990234375,3026.300048828125,3026.300048828125,7.0
2025-03-24 05:20:00+00:00,3026.60009765625,3026.800048828125,3026.39990234375,3026.39990234375,46.0
2025-03-24 05:21:00+00:00,3026.0,3026.300048828125,3026.0,3026.300048828125,23.0
2025-03-24 05:22:00+00:00,3026.5,3026.60009765625,3026.10009765625,3026.199951171875,28.0
2025-03-24 05:23:00+00:00,3026.5,3026.5,3026.39990234375,3026.39990234375,5.0
2025-03-24 05:24:00+00:00,3026.39990234375,3026.5,3026.39990234375,3026.39990234375,6.0
2025-03-24 05:25:00+00:00,3026.199951171875,3026.300048828125,3026.10009765625,3026.199951171875,12.0
2025-03-24 05:26:00+00:00,3026.5,3026.60009765625,3026.300048828125,3026.300048828125,31.0
2025-03-24 05:27:00+00:00,3026.699951171875,3026.89990234375,3026.39990234375,3026.60009765625,46.0
2025-03-24 05:28:00+00:00,3026.60009765625,3027.199951171875,3026.39990234375,3026.699951171875,63.0
2025-03-24 05:29:00+00:00,3026.699951171875,3026.800048828125,3026.699951171875,3026.699951171875,8.0
2025-03-24 05:30:00+00:00,3025.699951171875,3027.10009765625,3025.699951171875,3026.800048828125,157.0
2025-03-24 05:31:00+00:00,3025.699951171875,3025.89990234375,3025.300048828125,3025.800048828125,62.0
2025-03-24 05:32:00+00:00,3025.800048828125,3026.199951171875,3025.800048828125,3025.89990234375,22.0
2025-03-24 05:33:00+00:00,3025.699951171875,3026.0,3025.699951171875,3025.800048828125,150.0
2025-03-24 05:34:00+00:00,3025.800048828125,3026.0,3025.699951171875,3025.699951171875,52.0
2025-03-24 05:35:00+00:00,3025.699951171875,3025.89990234375,3025.10009765625,3025.89990234375,66.0
2025-03-24 05:36:00+00:00,3025.300048828125,3025.800048828125,3025.300048828125,3025.800048828125,17.0
2025-03-24 05:37:00+00:00,3025.800048828125,3025.800048828125,3025.300048828125,3025.300048828125,22.0
2025-03-24 05:38:00+00:00,3025.89990234375,3026.0,3025.800048828125,3025.800048828125,34.0
2025-03-24 05:39:00+00:00,3025.699951171875,3026.0,3025.699951171875,3026.0,21.0
2025-03-24 05:40:00+00:00,3026.199951171875,3026.199951171875,3025.699951171875,3025.699951171875,22.0
2025-03-24 05:41:00+00:00,3025.699951171875,3026.199951171875,3025.5,3026.10009765625,31.0
2025-03-24 05:42:00+00:00,3025.89990234375,3026.199951171875,3025.699951171875,3025.699951171875,33.0
2025-03-24 05:43:00+00:00,3025.800048828125,3026.0,3025.699951171875,3026.0,21.0
2025-03-24 05:44:00+00:00,3025.39990234375,3025.89990234375,3025.300048828125,3025.60009765625,55.0
2025-03-24 05:45:00+00:00,3025.300048828125,3025.5,3024.89990234375,3025.39990234375,48.0
2025-03-24 05:46:00+00:00,3024.89990234375,3025.0,3024.39990234375,3025.0,75.0
2025-03-24 05:47:00+00:00,3025.0,3025.10009765625,3024.800048828125,3024.89990234375,21.0
2025-03-24 05:48:00+00:00,3024.89990234375,3025.300048828125,3024.89990234375,3025.0,31.0
2025-03-24 05:49:00+00:00,3025.0,3025.199951171875,3024.89990234375,3025.0,36.0
2025-03-24 05:50:00+00:00,3025.300048828125,3025.300048828125,3024.800048828125,3024.89990234375,23.0
2025-03-24 05:51:00+00:00,3024.800048828125,3025.199951171875,3024.800048828125,3025.199951171875,22.0
2025-03-24 05:52:00+00:00,3025.300048828125,3025.5,3024.89990234375,3024.89990234375,27.0
2025-03-24 05:53:00+00:00,3025.300048828125,3025.300048828125,3025.199951171875,3025.300048828125,19.0
2025-03-24 05:54:00+00:00,3025.300048828125,3025.5,3025.300048828125,3025.300048828125,19.0
2025-03-24 05:55:00+00:00,3025.800048828125,3026.0,3025.39990234375,3025.39990234375,34.0
2025-03-24 05:56:00+00:00,3026.0,3026.10009765625,3025.60009765625,3025.800048828125,30.0
2025-03-24 05:57:00+00:00,3027.0,3027.199951171875,3026.10009765625,3026.10009765625,80.0
2025-03-24 05:58:00+00:00,3027.0,3027.199951171875,3026.89990234375,3027.0,20.0
2025-03-24 05:59:00+00:00,3026.800048828125,3027.5,3026.800048828125,3027.0,58.0
2025-03-24 06:00:00+00:00,3026.0,3026.699951171875,3025.800048828125,3026.699951171875,58.0
2025-03-24 06:01:00+00:00,3026.10009765625,3026.199951171875,3025.89990234375,3026.10009765625,22.0
2025-03-24 06:02:00+00:00,3026.300048828125,3026.5,3026.199951171875,3026.199951171875,11.0
2025-03-24 06:03:00+00:00,3027.0,3027.0,3026.300048828125,3026.300048828125,43.0
2025-03-24 06:04:00+00:00,3026.800048828125,3027.199951171875,3026.800048828125,3026.89990234375,21.0
2025-03-24 06:05:00+00:00,3027.39990234375,3027.39990234375,3026.89990234375,3026.89990234375,31.0
2025-03-24 06:06:00+00:00,3027.10009765625,3027.300048828125,3027.0,3027.300048828125,53.0
2025-03-24 06:07:00+00:00,3026.300048828125,3026.89990234375,3026.300048828125,3026.89990234375,18.0
2025-03-24 06:08:00+00:00,3026.10009765625,3026.60009765625,3026.0,3026.300048828125,61.0
2025-03-24 06:09:00+00:00,3025.300048828125,3025.800048828125,3025.0,3025.800048828125,56.0
2025-03-24 06:10:00+00:00,3023.800048828125,3025.199951171875,3023.39990234375,3025.199951171875,153.0
2025-03-24 06:11:00+00:00,3023.89990234375,3024.199951171875,3023.89990234375,3023.89990234375,80.0
2025-03-24 06:12:00+00:00,3023.199951171875,3023.800048828125,3023.199951171875,3023.800048828125,56.0
2025-03-24 06:13:00+00:00,3023.199951171875,3023.300048828125,3022.699951171875,3023.199951171875,41.0
2025-03-24 06:14:00+00:00,3023.39990234375,3023.5,3022.800048828125,3023.10009765625,59.0
2025-03-24 06:15:00+00:00,3022.300048828125,3023.699951171875,3022.199951171875,3023.300048828125,96.0
2025-03-24 06:16:00+00:00,3023.199951171875,3023.199951171875,3022.199951171875,3022.39990234375,94.0
2025-03-24 06:17:00+00:00,3024.300048828125,3024.60009765625,3023.300048828125,3023.300048828125,202.0
2025-03-24 06:18:00+00:00,3024.800048828125,3024.89990234375,3023.800048828125,3024.199951171875,29.0
2025-03-24 06:19:00+00:00,3025.10009765625,3025.39990234375,3024.800048828125,3024.800048828125,49.0
2025-03-24 06:20:00+00:00,3025.0,3025.199951171875,3024.800048828125,3025.199951171875,20.0
2025-03-24 06:21:00+00:00,3025.300048828125,3025.300048828125,3024.89990234375,3025.0,17.0
2025-03-24 06:22:00+00:00,3026.300048828125,3026.300048828125,3025.199951171875,3025.39990234375,61.0
2025-03-24 06:23:00+00:00,3026.800048828125,3027.0,3026.39990234375,3026.39990234375,38.0
2025-03-24 06:24:00+00:00,3026.199951171875,3026.89990234375,3026.10009765625,3026.89990234375,94.0
2025-03-24 06:25:00+00:00,3026.5,3026.699951171875,3026.10009765625,3026.10009765625,33.0
2025-03-24 06:26:00+00:00,3026.800048828125,3026.800048828125,3026.199951171875,3026.39990234375,23.0
2025-03-24 06:27:00+00:00,3026.199951171875,3026.800048828125,3026.199951171875,3026.800048828125,22.0
2025-03-24 06:28:00+00:00,3026.699951171875,3026.699951171875,3026.199951171875,3026.199951171875,22.0
2025-03-24 06:29:00+00:00,3027.0,3027.199951171875,3026.5,3026.5,49.0
2025-03-24 06:30:00+00:00,3026.699951171875,3026.89990234375,3026.5,3026.800048828125,23.0
2025-03-24 06:31:00+00:00,3027.199951171875,3027.300048828125,3026.89990234375,3026.89990234375,61.0
2025-03-24 06:32:00+00:00,3026.89990234375,3027.800048828125,3026.89990234375,3027.300048828125,52.0
2025-03-24 06:33:00+00:00,3027.10009765625,3027.5,3026.89990234375,3027.0,68.0
2025-03-24 06:34:00+00:00,3026.800048828125,3027.10009765625,3026.5,3027.0,63.0
2025-03-24 06:35:00+00:00,3027.0,3027.0,3026.39990234375,3026.89990234375,59.0
2025-03-24 06:36:00+00:00,3027.5,3027.60009765625,3027.0,3027.10009765625,43.0
2025-03-24 06:37:00+00:00,3027.60009765625,3027.800048828125,3027.5,3027.5,23.0
2025-03-24 06:38:00+00:00,3027.39990234375,3027.699951171875,3027.39990234375,3027.60009765625,27.0
2025-03-24 06:39:00+00:00,3027.699951171875,3027.89990234375,3027.199951171875,3027.39990234375,30.0
2025-03-24 06:40:00+00:00,3027.60009765625,3028.0,3027.60009765625,3027.89990234375,22.0
2025-03-24 06:41:00+00:00,3027.699951171875,3027.89990234375,3027.39990234375,3027.800048828125,28.0
2025-03-24 06:42:00+00:00,3028.39990234375,3028.800048828125,3027.800048828125,3027.89990234375,114.0
2025-03-24 06:43:00+00:00,3028.89990234375,3029.10009765625,3028.39990234375,3028.39990234375,53.0
2025-03-24 06:44:00+00:00,3029.300048828125,3029.39990234375,3029.0,3029.10009765625,81.0
2025-03-24 06:45:00+00:00,3029.0,3029.5,3029.0,3029.39990234375,46.0
2025-03-24 06:46:00+00:00,3029.5,3029.5,3029.10009765625,3029.10009765625,21.0
2025-03-24 06:47:00+00:00,3029.60009765625,3029.60009765625,3029.300048828125,3029.39990234375,21.0
2025-03-24 06:48:00+00:00,3029.300048828125,3029.699951171875,3029.199951171875,3029.39990234375,28.0
2025-03-24 06:49:00+00:00,3029.60009765625,3029.60009765625,3029.0,3029.300048828125,34.0
2025-03-24 06:50:00+00:00,3029.300048828125,3029.699951171875,3029.10009765625,3029.60009765625,58.0
2025-03-24 06:51:00+00:00,3029.800048828125,3030.5,3029.300048828125,3029.300048828125,106.0
2025-03-24 06:52:00+00:00,3030.0,3030.199951171875,3029.60009765625,3029.89990234375,41.0
2025-03-24 06:53:00+00:00,3030.0,3030.199951171875,3029.60009765625,3029.89990234375,54.0
2025-03-24 06:54:00+00:00,3029.800048828125,3029.89990234375,3029.60009765625,3029.800048828125,26.0
2025-03-24 06:55:00+00:00,3029.800048828125,3029.800048828125,3029.5,3029.699951171875,21.0
2025-03-24 06:56:00+00:00,3029.300048828125,3029.800048828125,3029.10009765625,3029.800048828125,24.0
2025-03-24 06:57:00+00:00,3029.39990234375,3029.699951171875,3029.39990234375,3029.39990234375,17.0
2025-03-24 06:58:00+00:00,3029.39990234375,3029.5,3029.300048828125,3029.5,17.0
2025-03-24 06:59:00+00:00,3029.5,3029.60009765625,3029.10009765625,3029.5,56.0
2025-03-24 07:00:00+00:00,3029.699951171875,3029.800048828125,3029.199951171875,3029.5,75.0
2025-03-24 07:01:00+00:00,3029.300048828125,3029.89990234375,3029.199951171875,3029.699951171875,75.0
2025-03-24 07:02:00+00:00,3029.699951171875,3029.89990234375,3029.39990234375,3029.39990234375,17.0
2025-03-24 07:03:00+00:00,3029.10009765625,3029.699951171875,3029.10009765625,3029.699951171875,48.0
2025-03-24 07:04:00+00:00,3028.5,3029.300048828125,3028.5,3029.300048828125,51.0
2025-03-24 07:05:00+00:00,3029.199951171875,3029.39990234375,3028.199951171875,3028.5,78.0
2025-03-24 07:06:00+00:00,3029.10009765625,3029.199951171875,3028.699951171875,3029.10009765625,48.0
2025-03-24 07:07:00+00:00,3030.10009765625,3030.10009765625,3029.0,3029.0,171.0
2025-03-24 07:08:00+00:00,3030.39990234375,3030.5,3029.89990234375,3030.0,73.0
2025-03-24 07:09:00+00:00,3030.10009765625,3030.699951171875,3030.10009765625,3030.39990234375,38.0
2025-03-24 07:10:00+00:00,3030.199951171875,3030.39990234375,3030.10009765625,3030.300048828125,29.0
2025-03-24 07:11:00+00:00,3030.10009765625,3030.39990234375,3030.10009765625,3030.39990234375,29.0
2025-03-24 07:12:00+00:00,3029.89990234375,3030.10009765625,3029.699951171875,3030.10009765625,67.0
2025-03-24 07:13:00+00:00,3029.800048828125,3030.199951171875,3029.800048828125,3029.89990234375,53.0
2025-03-24 07:14:00+00:00,3029.800048828125,3030.0,3029.699951171875,3029.800048828125,31.0
2025-03-24 07:15:00+00:00,3029.89990234375,3030.0,3029.60009765625,3029.699951171875,23.0
2025-03-24 07:16:00+00:00,3030.0,3030.10009765625,3029.60009765625,3029.800048828125,30.0
2025-03-24 07:17:00+00:00,3030.0,3030.10009765625,3029.800048828125,3029.89990234375,23.0
2025-03-24 07:18:00+00:00,3029.800048828125,3029.800048828125,3029.10009765625,3029.800048828125,88.0
2025-03-24 07:19:00+00:00,3030.5,3030.5,3029.699951171875,3029.89990234375,31.0
2025-03-24 07:20:00+00:00,3030.60009765625,3031.0,3030.60009765625,3030.60009765625,81.0
2025-03-24 07:21:00+00:00,3031.60009765625,3031.89990234375,3030.60009765625,3030.60009765625,149.0
2025-03-24 07:22:00+00:00,3031.699951171875,3031.699951171875,3031.199951171875,3031.5,123.0
2025-03-24 07:23:00+00:00,3031.60009765625,3033.199951171875,3031.39990234375,3031.60009765625,265.0
2025-03-24 07:24:00+00:00,3030.800048828125,3032.300048828125,3030.60009765625,3031.800048828125,223.0
2025-03-24 07:25:00+00:00,3031.300048828125,3031.300048828125,3030.0,3030.60009765625,163.0
2025-03-24 07:26:00+00:00,3030.199951171875,3031.199951171875,3030.0,3031.199951171875,90.0
2025-03-24 07:27:00+00:00,3029.60009765625,3030.199951171875,3029.5,3030.10009765625,119.0
2025-03-24 07:28:00+00:00,3029.39990234375,3030.0,3029.10009765625,3029.800048828125,65.0
2025-03-24 07:29:00+00:00,3029.300048828125,3029.39990234375,3028.800048828125,3029.300048828125,81.0
2025-03-24 07:30:00+00:00,3028.300048828125,3029.5,3027.89990234375,3029.39990234375,154.0
2025-03-24 07:31:00+00:00,3028.199951171875,3028.39990234375,3027.699951171875,3028.300048828125,90.0
2025-03-24 07:32:00+00:00,3028.199951171875,3028.39990234375,3027.800048828125,3028.300048828125,68.0
2025-03-24 07:33:00+00:00,3027.89990234375,3028.300048828125,3027.699951171875,3028.199951171875,69.0
2025-03-24 07:34:00+00:00,3027.10009765625,3028.10009765625,3027.10009765625,3027.699951171875,73.0
2025-03-24 07:35:00+00:00,3026.199951171875,3027.0,3026.10009765625,3027.0,218.0
2025-03-24 07:36:00+00:00,3026.10009765625,3026.699951171875,3025.60009765625,3026.10009765625,152.0
2025-03-24 07:37:00+00:00,3026.0,3026.300048828125,3025.699951171875,3026.0,88.0
2025-03-24 07:38:00+00:00,3026.89990234375,3027.199951171875,3026.10009765625,3026.10009765625,104.0
2025-03-24 07:39:00+00:00,3026.300048828125,3027.0,3025.800048828125,3026.800048828125,58.0
2025-03-24 07:40:00+00:00,3025.89990234375,3026.199951171875,3025.699951171875,3026.199951171875,37.0
2025-03-24 07:41:00+00:00,3026.0,3026.800048828125,3025.89990234375,3026.10009765625,64.0
2025-03-24 07:42:00+00:00,3026.300048828125,3026.39990234375,3025.89990234375,3025.89990234375,29.0
2025-03-24 07:43:00+00:00,3026.39990234375,3026.5,3026.10009765625,3026.39990234375,32.0
2025-03-24 07:44:00+00:00,3027.0,3027.10009765625,3026.5,3026.60009765625,66.0
2025-03-24 07:45:00+00:00,3026.699951171875,3027.0,3026.300048828125,3026.89990234375,42.0
2025-03-24 07:46:00+00:00,3026.10009765625,3026.699951171875,3025.800048828125,3026.60009765625,45.0
2025-03-24 07:47:00+00:00,3027.10009765625,3027.10009765625,3026.10009765625,3026.10009765625,81.0
2025-03-24 07:48:00+00:00,3027.0,3027.10009765625,3026.699951171875,3026.89990234375,54.0
2025-03-24 07:49:00+00:00,3026.10009765625,3026.800048828125,3026.0,3026.800048828125,125.0
2025-03-24 07:50:00+00:00,3025.60009765625,3026.199951171875,3025.39990234375,3026.199951171875,56.0
2025-03-24 07:51:00+00:00,3026.5,3026.5,3025.5,3025.5,25.0
2025-03-24 07:52:00+00:00,3026.0,3026.5,3025.800048828125,3026.39990234375,28.0
2025-03-24 07:53:00+00:00,3026.60009765625,3026.699951171875,3026.10009765625,3026.10009765625,21.0
2025-03-24 07:54:00+00:00,3026.39990234375,3026.89990234375,3026.300048828125,3026.699951171875,25.0
2025-03-24 07:55:00+00:00,3026.0,3026.39990234375,3025.89990234375,3026.39990234375,39.0
2025-03-24 07:56:00+00:00,3026.10009765625,3026.300048828125,3025.300048828125,3025.89990234375,96.0
2025-03-24 07:57:00+00:00,3026.60009765625,3026.699951171875,3025.800048828125,3026.10009765625,92.0
2025-03-24 07:58:00+00:00,3026.89990234375,3027.699951171875,3026.39990234375,3026.60009765625,112.0
2025-03-24 07:59:00+00:00,3026.800048828125,3027.10009765625,3026.60009765625,3026.800048828125,59.0
2025-03-24 08:00:00+00:00,3026.5,3027.60009765625,3026.300048828125,3026.699951171875,103.0
2025-03-24 08:01:00+00:00,3026.699951171875,3026.800048828125,3026.300048828125,3026.60009765625,55.0
2025-03-24 08:02:00+00:00,3027.199951171875,3027.300048828125,3026.5,3026.699951171875,103.0
2025-03-24 08:03:00+00:00,3027.39990234375,3027.5,3026.60009765625,3027.199951171875,65.0
2025-03-24 08:04:00+00:00,3027.5,3027.699951171875,3027.199951171875,3027.39990234375,103.0
2025-03-24 08:05:00+00:00,3028.300048828125,3028.699951171875,3027.5,3027.5,92.0
2025-03-24 08:06:00+00:00,3029.5,3029.5,3028.300048828125,3028.5,141.0
2025-03-24 08:07:00+00:00,3030.0,3030.0,3029.39990234375,3029.60009765625,1351.0
2025-03-24 08:08:00+00:00,3029.89990234375,3030.10009765625,3029.10009765625,3030.10009765625,2314.0
2025-03-24 08:09:00+00:00,3028.89990234375,3029.89990234375,3028.89990234375,3029.800048828125,94.0
2025-03-24 08:10:00+00:00,3029.5,3029.60009765625,3028.699951171875,3029.0,107.0
2025-03-24 08:11:00+00:00,3029.89990234375,3030.10009765625,3029.300048828125,3029.60009765625,59.0
2025-03-24 08:12:00+00:00,3029.5,3030.10009765625,3029.0,3030.0,64.0
2025-03-24 08:13:00+00:00,3029.699951171875,3030.0,3029.39990234375,3029.5,58.0
2025-03-24 08:14:00+00:00,3029.699951171875,3029.89990234375,3029.199951171875,3029.699951171875,32.0
2025-03-24 08:15:00+00:00,3029.300048828125,3029.89990234375,3029.10009765625,3029.699951171875,61.0
2025-03-24 08:16:00+00:00,3029.199951171875,3029.39990234375,3029.10009765625,3029.39990234375,33.0
2025-03-24 08:17:00+00:00,3028.89990234375,3029.199951171875,3028.300048828125,3029.0,72.0
2025-03-24 08:18:00+00:00,3028.5,3028.89990234375,3028.199951171875,3028.89990234375,35.0
2025-03-24 08:19:00+00:00,3028.800048828125,3028.89990234375,3028.199951171875,3028.60009765625,45.0
2025-03-24 08:20:00+00:00,3028.199951171875,3028.60009765625,3027.699951171875,3028.60009765625,84.0
2025-03-24 08:21:00+00:00,3028.199951171875,3028.199951171875,3028.0,3028.10009765625,24.0
2025-03-24 08:22:00+00:00,3028.60009765625,3028.699951171875,3028.300048828125,3028.300048828125,29.0
2025-03-24 08:23:00+00:00,3029.0,3029.10009765625,3028.39990234375,3028.60009765625,14.0
2025-03-24 08:24:00+00:00,3029.10009765625,3029.60009765625,3029.10009765625,3029.10009765625,74.0
2025-03-24 08:25:00+00:00,3028.800048828125,3029.699951171875,3028.800048828125,3029.199951171875,137.0
2025-03-24 08:26:00+00:00,3028.300048828125,3028.89990234375,3027.89990234375,3028.89990234375,53.0
2025-03-24 08:27:00+00:00,3028.0,3028.300048828125,3027.699951171875,3028.300048828125,72.0
2025-03-24 08:28:00+00:00,3027.5,3028.0,3027.300048828125,3028.0,72.0
2025-03-24 08:29:00+00:00,3028.0,3028.10009765625,3027.39990234375,3027.699951171875,74.0
2025-03-24 08:30:00+00:00,3028.5,3028.60009765625,3027.60009765625,3028.0,141.0
2025-03-24 08:31:00+00:00,3029.39990234375,3029.60009765625,3028.10009765625,3028.5,134.0
2025-03-24 08:32:00+00:00,3030.60009765625,3030.89990234375,3029.39990234375,3029.39990234375,240.0
2025-03-24 08:33:00+00:00,3030.199951171875,3031.199951171875,3029.60009765625,3030.699951171875,202.0
2025-03-24 08:34:00+00:00,3030.300048828125,3030.300048828125,3030.0,3030.199951171875,1498.0
2025-03-24 08:35:00+00:00,3030.199951171875,3030.5,3030.0,3030.300048828125,107.0
2025-03-24 08:36:00+00:00,3030.300048828125,3030.89990234375,3030.199951171875,3030.199951171875,73.0
2025-03-24 08:37:00+00:00,3030.39990234375,3030.5,3030.10009765625,3030.199951171875,32.0
2025-03-24 08:38:00+00:00,3029.0,3030.10009765625,3029.0,3030.10009765625,85.0
2025-03-24 08:39:00+00:00,3029.89990234375,3030.300048828125,3029.0,3029.0,53.0
2025-03-24 08:40:00+00:00,3030.199951171875,3030.199951171875,3029.699951171875,3029.699951171875,27.0
2025-03-24 08:41:00+00:00,3030.800048828125,3030.800048828125,3030.300048828125,3030.300048828125,1294.0
2025-03-24 08:42:00+00:00,3031.39990234375,3031.39990234375,3030.699951171875,3030.800048828125,62.0
2025-03-24 08:43:00+00:00,3031.800048828125,3032.0,3031.10009765625,3031.300048828125,202.0
2025-03-24 08:44:00+00:00,3031.199951171875,3031.800048828125,3030.800048828125,3031.800048828125,1848.0
2025-03-24 08:45:00+00:00,3032.199951171875,3032.199951171875,3031.39990234375,3031.39990234375,224.0
2025-03-24 08:46:00+00:00,3032.0,3032.39990234375,3031.89990234375,3032.199951171875,220.0
2025-03-24 08:47:00+00:00,3031.800048828125,3032.0,3031.699951171875,3032.0,1275.0
2025-03-24 08:48:00+00:00,3032.0,3032.199951171875,3031.300048828125,3031.60009765625,276.0
2025-03-24 08:49:00+00:00,3032.300048828125,3032.300048828125,3031.5,3031.89990234375,114.0
2025-03-24 08:50:00+00:00,3032.10009765625,3032.5,3032.10009765625,3032.300048828125,57.0
2025-03-24 08:51:00+00:00,3031.800048828125,3032.199951171875,3031.699951171875,3032.0,53.0
2025-03-24 08:52:00+00:00,3032.300048828125,3032.300048828125,3031.60009765625,3031.60009765625,42.0
2025-03-24 08:53:00+00:00,3031.89990234375,3032.89990234375,3031.89990234375,3032.39990234375,86.0
2025-03-24 08:54:00+00:00,3032.5,3032.800048828125,3032.0,3032.0,41.0
2025-03-24 08:55:00+00:00,3032.60009765625,3032.699951171875,3032.300048828125,3032.39990234375,39.0
2025-03-24 08:56:00+00:00,3032.10009765625,3032.699951171875,3031.89990234375,3032.5,37.0
2025-03-24 08:57:00+00:00,3032.300048828125,3032.300048828125,3031.800048828125,3032.0,49.0
2025-03-24 08:58:00+00:00,3031.699951171875,3032.39990234375,3031.5,3032.300048828125,105.0
2025-03-24 08:59:00+00:00,3032.60009765625,3032.60009765625,3031.699951171875,3031.699951171875,85.0
2025-03-24 09:00:00+00:00,3032.800048828125,3033.89990234375,3032.699951171875,3032.699951171875,531.0
2025-03-24 09:01:00+00:00,3032.5,3033.10009765625,3032.5,3033.10009765625,47.0
2025-03-24 09:02:00+00:00,3033.199951171875,3033.699951171875,3032.39990234375,3032.5,351.0
2025-03-24 09:03:00+00:00,3033.699951171875,3033.699951171875,3033.0,3033.199951171875,223.0
2025-03-24 09:04:00+00:00,3033.60009765625,3033.60009765625,3033.300048828125,3033.5,27.0
2025-03-24 09:05:00+00:00,3034.10009765625,3034.300048828125,3033.5,3033.60009765625,161.0
2025-03-24 09:06:00+00:00,3034.0,3034.10009765625,3033.199951171875,3034.0,141.0
2025-03-24 09:07:00+00:00,3033.699951171875,3034.60009765625,3033.60009765625,3034.10009765625,230.0
2025-03-24 09:08:00+00:00,3033.39990234375,3033.60009765625,3032.699951171875,3033.60009765625,134.0
2025-03-24 09:09:00+00:00,3033.60009765625,3033.89990234375,3033.199951171875,3033.300048828125,1229.0
2025-03-24 09:10:00+00:00,3034.10009765625,3034.199951171875,3033.60009765625,3033.60009765625,64.0
2025-03-24 09:11:00+00:00,3034.699951171875,3034.699951171875,3034.0,3034.199951171875,62.0
2025-03-24 09:12:00+00:00,3034.10009765625,3034.60009765625,3034.0,3034.60009765625,42.0
2025-03-24 09:13:00+00:00,3034.5,3034.60009765625,3033.699951171875,3034.199951171875,140.0
2025-03-24 09:14:00+00:00,3034.0,3034.300048828125,3033.800048828125,3034.300048828125,32.0
2025-03-24 09:15:00+00:00,3033.5,3034.5,3032.89990234375,3034.199951171875,126.0
2025-03-24 09:16:00+00:00,3033.800048828125,3033.89990234375,3033.199951171875,3033.199951171875,763.0
2025-03-24 09:17:00+00:00,3032.39990234375,3033.800048828125,3032.39990234375,3033.800048828125,62.0
2025-03-24 09:18:00+00:00,3033.300048828125,3033.5,3032.199951171875,3032.39990234375,381.0
2025-03-24 09:19:00+00:00,3033.5,3033.5,3033.10009765625,3033.300048828125,19.0
2025-03-24 09:20:00+00:00,3033.39990234375,3033.699951171875,3033.39990234375,3033.5,32.0
2025-03-24 09:21:00+00:00,3033.10009765625,3033.60009765625,3033.0,3033.5,79.0
2025-03-24 09:22:00+00:00,3033.300048828125,3033.60009765625,3033.10009765625,3033.10009765625,33.0
2025-03-24 09:23:00+00:00,3033.199951171875,3033.89990234375,3032.89990234375,3033.199951171875,299.0
2025-03-24 09:24:00+00:00,3034.39990234375,3034.39990234375,3033.10009765625,3033.10009765625,62.0
2025-03-24 09:25:00+00:00,3034.39990234375,3034.699951171875,3034.300048828125,3034.300048828125,60.0
2025-03-24 09:26:00+00:00,3034.300048828125,3034.89990234375,3033.89990234375,3034.5,127.0
2025-03-24 09:27:00+00:00,3033.60009765625,3034.800048828125,3033.5,3034.199951171875,211.0
2025-03-24 09:28:00+00:00,3032.60009765625,3034.0,3032.60009765625,3033.5,129.0
2025-03-24 09:29:00+00:00,3033.5,3033.5,3032.60009765625,3032.60009765625,104.0
2025-03-24 09:30:00+00:00,3033.199951171875,3033.300048828125,3033.0,3033.300048828125,11.0
2025-03-24 09:40:00+00:00,3030.60009765625,3030.89990234375,3030.5,3030.60009765625,2495.0
2025-03-24 09:41:00+00:00,3029.39990234375,3030.5,3029.39990234375,3030.5,1440.0
2025-03-24 09:42:00+00:00,3029.0,3029.89990234375,3028.89990234375,3029.300048828125,456.0
2025-03-24 09:43:00+00:00,3028.800048828125,3029.699951171875,3028.60009765625,3029.199951171875,293.0
2025-03-24 09:44:00+00:00,3029.39990234375,3029.39990234375,3028.5,3028.800048828125,206.0
2025-03-24 09:45:00+00:00,3029.199951171875,3029.60009765625,3029.10009765625,3029.300048828125,86.0
2025-03-24 09:46:00+00:00,3028.60009765625,3029.199951171875,3028.5,3029.0,70.0
2025-03-24 09:47:00+00:00,3028.5,3028.60009765625,3028.10009765625,3028.5,226.0
2025-03-24 09:48:00+00:00,3028.699951171875,3028.800048828125,3028.300048828125,3028.39990234375,139.0
2025-03-24 09:49:00+00:00,3028.10009765625,3028.89990234375,3028.10009765625,3028.5,75.0
2025-03-24 09:50:00+00:00,3027.800048828125,3028.300048828125,3027.60009765625,3028.199951171875,126.0
2025-03-24 09:51:00+00:00,3027.39990234375,3027.89990234375,3027.39990234375,3027.60009765625,59.0
2025-03-24 09:52:00+00:00,3027.39990234375,3027.699951171875,3027.300048828125,3027.300048828125,63.0
2025-03-24 09:53:00+00:00,3028.39990234375,3028.39990234375,3027.300048828125,3027.39990234375,69.0
2025-03-24 09:54:00+00:00,3027.800048828125,3028.5,3027.800048828125,3028.300048828125,57.0
2025-03-24 09:55:00+00:00,3027.60009765625,3028.300048828125,3027.39990234375,3027.89990234375,99.0
2025-03-24 09:56:00+00:00,3028.300048828125,3028.300048828125,3027.60009765625,3027.60009765625,39.0
2025-03-24 09:57:00+00:00,3028.39990234375,3029.0,3028.39990234375,3028.5,88.0
2025-03-24 09:58:00+00:00,3028.699951171875,3028.699951171875,3028.199951171875,3028.300048828125,67.0
2025-03-24 09:59:00+00:00,3028.699951171875,3028.89990234375,3028.300048828125,3028.800048828125,55.0
2025-03-24 10:00:00+00:00,3029.0,3029.800048828125,3028.39990234375,3028.60009765625,151.0
2025-03-24 10:01:00+00:00,3030.0,3030.0,3029.10009765625,3029.199951171875,62.0
2025-03-24 10:02:00+00:00,3030.5,3030.699951171875,3029.800048828125,3029.800048828125,163.0
2025-03-24 10:03:00+00:00,3030.300048828125,3030.5,3030.0,3030.39990234375,44.0
2025-03-24 10:04:00+00:00,3030.300048828125,3030.60009765625,3030.0,3030.60009765625,81.0
2025-03-24 10:05:00+00:00,3030.800048828125,3030.89990234375,3030.0,3030.300048828125,114.0
2025-03-24 10:06:00+00:00,3031.0,3031.0,3030.10009765625,3030.89990234375,148.0
2025-03-24 10:07:00+00:00,3030.300048828125,3031.300048828125,3030.300048828125,3030.89990234375,105.0
2025-03-24 10:08:00+00:00,3030.10009765625,3030.5,3030.0,3030.300048828125,103.0
2025-03-24 10:09:00+00:00,3030.300048828125,3030.60009765625,3030.0,3030.300048828125,76.0
2025-03-24 10:10:00+00:00,3030.699951171875,3030.699951171875,3030.10009765625,3030.39990234375,31.0
2025-03-24 10:11:00+00:00,3031.300048828125,3031.5,3030.300048828125,3030.60009765625,82.0
2025-03-24 10:12:00+00:00,3031.60009765625,3031.60009765625,3031.0,3031.199951171875,25.0
2025-03-24 10:13:00+00:00,3032.10009765625,3032.39990234375,3031.60009765625,3031.60009765625,688.0
2025-03-24 10:14:00+00:00,3032.800048828125,3032.800048828125,3032.10009765625,3032.10009765625,68.0
2025-03-24 10:15:00+00:00,3032.89990234375,3033.0,3032.5,3032.699951171875,206.0
2025-03-24 10:16:00+00:00,3033.0,3033.199951171875,3032.60009765625,3033.0,212.0
2025-03-24 10:17:00+00:00,3033.89990234375,3034.199951171875,3032.39990234375,3033.10009765625,346.0
2025-03-24 10:18:00+00:00,3034.5,3034.60009765625,3033.5,3033.800048828125,174.0
2025-03-24 10:19:00+00:00,3035.300048828125,3035.300048828125,3034.39990234375,3034.5,192.0
2025-03-24 10:20:00+00:00,3034.699951171875,3035.199951171875,3033.300048828125,3035.199951171875,419.0
2025-03-24 10:21:00+00:00,3034.699951171875,3035.199951171875,3034.10009765625,3034.5,113.0
2025-03-24 10:22:00+00:00,3035.39990234375,3035.60009765625,3034.60009765625,3034.800048828125,115.0
2025-03-24 10:23:00+00:00,3035.5,3035.60009765625,3035.199951171875,3035.300048828125,109.0
2025-03-24 10:24:00+00:00,3035.89990234375,3036.39990234375,3035.39990234375,3035.60009765625,172.0
2025-03-24 10:25:00+00:00,3036.300048828125,3036.5,3035.89990234375,3036.0,125.0
2025-03-24 10:26:00+00:00,3036.39990234375,3036.5,3036.0,3036.199951171875,126.0
2025-03-24 10:27:00+00:00,3036.699951171875,3036.699951171875,3036.10009765625,3036.199951171875,105.0
2025-03-24 10:28:00+00:00,3036.89990234375,3037.39990234375,3036.699951171875,3036.800048828125,142.0
2025-03-24 10:29:00+00:00,3037.89990234375,3038.39990234375,3036.60009765625,3036.89990234375,233.0
2025-03-24 10:30:00+00:00,3036.39990234375,3038.39990234375,3036.199951171875,3037.800048828125,356.0
2025-03-24 10:31:00+00:00,3035.5,3036.199951171875,3035.199951171875,3036.199951171875,141.0
2025-03-24 10:32:00+00:00,3035.800048828125,3036.10009765625,3035.199951171875,3035.300048828125,152.0
2025-03-24 10:33:00+00:00,3036.5,3036.699951171875,3035.300048828125,3035.89990234375,197.0
2025-03-24 10:34:00+00:00,3036.0,3036.60009765625,3036.0,3036.5,213.0
2025-03-24 10:35:00+00:00,3034.800048828125,3035.89990234375,3034.699951171875,3035.89990234375,133.0
2025-03-24 10:36:00+00:00,3034.5,3035.0,3034.5,3034.699951171875,32.0
2025-03-24 10:37:00+00:00,3034.39990234375,3034.699951171875,3034.199951171875,3034.5,131.0
2025-03-24 10:38:00+00:00,3034.89990234375,3035.10009765625,3034.199951171875,3034.39990234375,108.0
2025-03-24 10:39:00+00:00,3034.39990234375,3034.89990234375,3034.39990234375,3034.89990234375,35.0
2025-03-24 10:40:00+00:00,3034.10009765625,3034.800048828125,3033.60009765625,3034.5,116.0
2025-03-24 10:41:00+00:00,3034.300048828125,3034.699951171875,3034.0,3034.0,35.0
2025-03-24 10:42:00+00:00,3034.39990234375,3034.800048828125,3034.300048828125,3034.300048828125,41.0
2025-03-24 10:43:00+00:00,3034.39990234375,3034.699951171875,3034.39990234375,3034.39990234375,463.0
2025-03-24 10:44:00+00:00,3035.10009765625,3035.300048828125,3034.5,3034.5,67.0
2025-03-24 10:45:00+00:00,3034.10009765625,3035.0,3034.0,3035.0,69.0
2025-03-24 10:46:00+00:00,3033.5,3034.10009765625,3033.10009765625,3034.10009765625,87.0
2025-03-24 10:47:00+00:00,3033.39990234375,3033.89990234375,3033.39990234375,3033.699951171875,23.0
2025-03-24 10:48:00+00:00,3033.5,3033.60009765625,3033.199951171875,3033.39990234375,68.0
2025-03-24 10:49:00+00:00,3033.89990234375,3034.10009765625,3033.60009765625,3033.699951171875,165.0
2025-03-24 10:50:00+00:00,3034.0,3034.10009765625,3033.699951171875,3034.10009765625,19.0
2025-03-24 10:51:00+00:00,3034.60009765625,3035.0,3034.10009765625,3034.199951171875,196.0
2025-03-24 10:52:00+00:00,3034.89990234375,3035.10009765625,3034.5,3034.5,50.0
2025-03-24 10:53:00+00:00,3035.0,3035.10009765625,3034.89990234375,3035.0,12.0
2025-03-24 10:54:00+00:00,3035.39990234375,3035.60009765625,3035.10009765625,3035.10009765625,27.0
2025-03-24 10:55:00+00:00,3035.0,3035.39990234375,3034.800048828125,3035.39990234375,35.0
2025-03-24 10:56:00+00:00,3034.39990234375,3034.89990234375,3034.10009765625,3034.800048828125,61.0
2025-03-24 10:57:00+00:00,3034.0,3034.300048828125,3033.800048828125,3034.10009765625,73.0
2025-03-24 10:58:00+00:00,3034.199951171875,3034.5,3033.800048828125,3033.800048828125,57.0
2025-03-24 10:59:00+00:00,3033.5,3034.300048828125,3033.5,3034.10009765625,55.0
2025-03-24 11:00:00+00:00,3033.0,3033.60009765625,3033.0,3033.5,74.0
2025-03-24 11:01:00+00:00,3032.89990234375,3033.199951171875,3032.89990234375,3033.10009765625,36.0
2025-03-24 11:02:00+00:00,3033.39990234375,3033.39990234375,3032.89990234375,3033.199951171875,33.0
2025-03-24 11:03:00+00:00,3034.39990234375,3034.60009765625,3033.39990234375,3033.5,68.0
2025-03-24 11:04:00+00:00,3034.300048828125,3034.39990234375,3033.60009765625,3034.199951171875,77.0
2025-03-24 11:05:00+00:00,3033.5,3034.699951171875,3033.39990234375,3034.5,224.0
2025-03-24 11:06:00+00:00,3033.800048828125,3034.0,3033.300048828125,3033.5,137.0
2025-03-24 11:07:00+00:00,3032.5,3033.699951171875,3032.5,3033.699951171875,120.0
2025-03-24 11:08:00+00:00,3032.199951171875,3032.5,3031.699951171875,3032.5,154.0
2025-03-24 11:09:00+00:00,3032.0,3032.39990234375,3031.89990234375,3032.300048828125,30.0
2025-03-24 11:10:00+00:00,3032.60009765625,3033.10009765625,3032.199951171875,3032.300048828125,54.0
2025-03-24 11:11:00+00:00,3032.5,3032.800048828125,3032.300048828125,3032.800048828125,11.0
2025-03-24 11:12:00+00:00,3032.699951171875,3032.89990234375,3032.5,3032.5,22.0
2025-03-24 11:13:00+00:00,3032.5,3033.10009765625,3032.5,3032.800048828125,33.0
2025-03-24 11:14:00+00:00,3032.60009765625,3032.699951171875,3032.39990234375,3032.5,34.0
2025-03-24 11:15:00+00:00,3032.0,3032.5,3032.0,3032.5,151.0
2025-03-24 11:16:00+00:00,3032.60009765625,3032.60009765625,3031.89990234375,3032.199951171875,25.0
2025-03-24 11:17:00+00:00,3032.800048828125,3032.89990234375,3032.5,3032.60009765625,104.0
2025-03-24 11:18:00+00:00,3032.5,3033.0,3032.10009765625,3032.800048828125,79.0
2025-03-24 11:19:00+00:00,3032.39990234375,3032.699951171875,3032.39990234375,3032.60009765625,11.0
2025-03-24 11:20:00+00:00,3032.89990234375,3032.89990234375,3032.199951171875,3032.300048828125,42.0
2025-03-24 11:21:00+00:00,3033.10009765625,3033.300048828125,3032.699951171875,3033.0,45.0
2025-03-24 11:22:00+00:00,3032.699951171875,3033.39990234375,3032.60009765625,3033.10009765625,57.0
2025-03-24 11:23:00+00:00,3032.699951171875,3033.10009765625,3032.5,3032.699951171875,74.0
2025-03-24 11:24:00+00:00,3032.89990234375,3033.199951171875,3032.699951171875,3032.800048828125,47.0
2025-03-24 11:25:00+00:00,3033.0,3033.199951171875,3033.0,3033.10009765625,30.0
2025-03-24 11:26:00+00:00,3033.10009765625,3033.199951171875,3032.89990234375,3033.10009765625,23.0
2025-03-24 11:27:00+00:00,3032.199951171875,3033.199951171875,3032.199951171875,3033.199951171875,47.0
2025-03-24 11:28:00+00:00,3032.699951171875,3032.699951171875,3032.199951171875,3032.199951171875,22.0
2025-03-24 11:29:00+00:00,3032.800048828125,3033.0,3032.699951171875,3032.800048828125,9.0
2025-03-24 11:30:00+00:00,3032.5,3033.0,3032.39990234375,3032.89990234375,38.0
2025-03-24 11:31:00+00:00,3032.60009765625,3032.60009765625,3032.5,3032.60009765625,17.0
2025-03-24 11:32:00+00:00,3032.0,3032.699951171875,3031.800048828125,3032.60009765625,223.0
2025-03-24 11:33:00+00:00,3031.699951171875,3031.89990234375,3031.5,3031.89990234375,59.0
2025-03-24 11:34:00+00:00,3032.10009765625,3032.199951171875,3031.60009765625,3031.699951171875,81.0
2025-03-24 11:35:00+00:00,3032.0,3032.0,3031.89990234375,3032.0,7.0
2025-03-24 11:36:00+00:00,3032.199951171875,3032.199951171875,3031.699951171875,3032.0,53.0
2025-03-24 11:37:00+00:00,3032.300048828125,3032.39990234375,3031.800048828125,3032.199951171875,54.0
2025-03-24 11:38:00+00:00,3032.300048828125,3032.60009765625,3032.300048828125,3032.300048828125,32.0
2025-03-24 11:39:00+00:00,3032.300048828125,3032.60009765625,3031.89990234375,3032.199951171875,66.0
2025-03-24 11:40:00+00:00,3032.39990234375,3032.39990234375,3032.10009765625,3032.199951171875,31.0
2025-03-24 11:41:00+00:00,3031.10009765625,3032.5,3031.0,3032.300048828125,146.0
2025-03-24 11:42:00+00:00,3030.699951171875,3031.199951171875,3030.60009765625,3031.0,79.0
2025-03-24 11:43:00+00:00,3030.39990234375,3030.800048828125,3030.10009765625,3030.60009765625,157.0
2025-03-24 11:44:00+00:00,3031.0,3031.300048828125,3030.10009765625,3030.5,176.0
2025-03-24 11:45:00+00:00,3031.5,3031.5,3030.800048828125,3031.0,64.0
2025-03-24 11:46:00+00:00,3031.39990234375,3031.5,3031.10009765625,3031.39990234375,242.0
2025-03-24 11:47:00+00:00,3031.60009765625,3031.89990234375,3031.39990234375,3031.39990234375,162.0
2025-03-24 11:48:00+00:00,3031.5,3031.89990234375,3031.5,3031.699951171875,61.0
2025-03-24 11:49:00+00:00,3031.300048828125,3031.800048828125,3031.10009765625,3031.699951171875,136.0
2025-03-24 11:50:00+00:00,3031.60009765625,3031.699951171875,3031.10009765625,3031.300048828125,173.0
2025-03-24 11:51:00+00:00,3030.89990234375,3031.699951171875,3030.60009765625,3031.699951171875,186.0
2025-03-24 11:52:00+00:00,3030.60009765625,3030.89990234375,3030.5,3030.800048828125,51.0
2025-03-24 11:53:00+00:00,3031.0,3031.0,3030.60009765625,3030.699951171875,71.0
2025-03-24 11:54:00+00:00,3031.60009765625,3031.699951171875,3031.0,3031.0,34.0
2025-03-24 11:55:00+00:00,3031.199951171875,3031.60009765625,3030.89990234375,3031.5,57.0
2025-03-24 11:56:00+00:00,3030.800048828125,3031.199951171875,3030.800048828125,3031.199951171875,28.0
2025-03-24 11:57:00+00:00,3030.5,3030.800048828125,3030.39990234375,3030.699951171875,53.0
2025-03-24 11:58:00+00:00,3030.199951171875,3030.5,3030.10009765625,3030.300048828125,25.0
2025-03-24 11:59:00+00:00,3030.10009765625,3030.199951171875,3029.800048828125,3030.199951171875,71.0
2025-03-24 12:00:00+00:00,3030.60009765625,3030.89990234375,3030.0,3030.10009765625,84.0
2025-03-24 12:01:00+00:00,3031.10009765625,3031.89990234375,3030.5,3030.699951171875,220.0
2025-03-24 12:02:00+00:00,3031.10009765625,3031.199951171875,3030.60009765625,3031.0,69.0
2025-03-24 12:03:00+00:00,3031.199951171875,3031.60009765625,3030.89990234375,3031.10009765625,87.0
2025-03-24 12:04:00+00:00,3031.10009765625,3031.39990234375,3031.0,3031.199951171875,40.0
2025-03-24 12:05:00+00:00,3031.800048828125,3032.199951171875,3031.199951171875,3031.199951171875,189.0
2025-03-24 12:06:00+00:00,3031.10009765625,3032.10009765625,3031.10009765625,3031.699951171875,122.0
2025-03-24 12:07:00+00:00,3030.10009765625,3031.10009765625,3029.699951171875,3031.10009765625,113.0
2025-03-24 12:08:00+00:00,3029.699951171875,3030.199951171875,3029.60009765625,3030.199951171875,631.0
2025-03-24 12:09:00+00:00,3030.10009765625,3030.800048828125,3029.60009765625,3029.60009765625,101.0
2025-03-24 12:10:00+00:00,3030.199951171875,3030.39990234375,3029.800048828125,3030.0,46.0
2025-03-24 12:11:00+00:00,3030.10009765625,3030.39990234375,3029.39990234375,3030.300048828125,104.0
2025-03-24 12:12:00+00:00,3030.800048828125,3030.89990234375,3030.0,3030.10009765625,66.0
2025-03-24 12:13:00+00:00,3031.199951171875,3031.300048828125,3030.699951171875,3030.699951171875,81.0
2025-03-24 12:14:00+00:00,3031.89990234375,3031.89990234375,3031.300048828125,3031.300048828125,76.0
2025-03-24 12:15:00+00:00,3032.39990234375,3032.699951171875,3031.800048828125,3032.0,264.0
2025-03-24 12:16:00+00:00,3032.5,3032.60009765625,3032.199951171875,3032.300048828125,91.0
2025-03-24 12:17:00+00:00,3033.199951171875,3033.39990234375,3032.300048828125,3032.300048828125,445.0
2025-03-24 12:18:00+00:00,3032.89990234375,3034.0,3032.89990234375,3033.300048828125,210.0
2025-03-24 12:19:00+00:00,3032.39990234375,3033.39990234375,3032.300048828125,3032.800048828125,119.0
2025-03-24 12:20:00+00:00,3033.5,3033.89990234375,3032.39990234375,3032.39990234375,230.0
2025-03-24 12:21:00+00:00,3033.300048828125,3034.10009765625,3032.800048828125,3033.60009765625,126.0
2025-03-24 12:22:00+00:00,3033.5,3033.699951171875,3033.10009765625,3033.300048828125,83.0
2025-03-24 12:23:00+00:00,3032.699951171875,3033.60009765625,3032.699951171875,3033.60009765625,156.0
2025-03-24 12:24:00+00:00,3032.60009765625,3032.699951171875,3031.800048828125,3032.699951171875,229.0
2025-03-24 12:25:00+00:00,3032.800048828125,3032.800048828125,3032.39990234375,3032.699951171875,89.0
2025-03-24 12:26:00+00:00,3033.5,3034.10009765625,3032.89990234375,3032.89990234375,165.0
2025-03-24 12:27:00+00:00,3032.699951171875,3033.5,3032.39990234375,3033.5,118.0
2025-03-24 12:28:00+00:00,3032.199951171875,3033.0,3032.199951171875,3032.699951171875,128.0
2025-03-24 12:29:00+00:00,3032.0,3032.300048828125,3031.800048828125,3032.300048828125,69.0
2025-03-24 12:30:00+00:00,3030.699951171875,3032.300048828125,3030.699951171875,3031.800048828125,286.0
2025-03-24 12:31:00+00:00,3031.199951171875,3031.39990234375,3030.39990234375,3030.60009765625,123.0
2025-03-24 12:32:00+00:00,3030.699951171875,3031.10009765625,3030.699951171875,3031.0,51.0
2025-03-24 12:33:00+00:00,3030.5,3030.89990234375,3030.199951171875,3030.60009765625,98.0
2025-03-24 12:34:00+00:00,3031.60009765625,3032.10009765625,3030.39990234375,3030.39990234375,355.0
2025-03-24 12:35:00+00:00,3032.300048828125,3032.300048828125,3031.699951171875,3031.800048828125,110.0
2025-03-24 12:36:00+00:00,3032.699951171875,3032.89990234375,3032.199951171875,3032.300048828125,287.0
2025-03-24 12:37:00+00:00,3032.60009765625,3032.699951171875,3032.300048828125,3032.60009765625,111.0
2025-03-24 12:38:00+00:00,3032.300048828125,3032.5,3032.0,3032.5,173.0
2025-03-24 12:39:00+00:00,3031.699951171875,3032.300048828125,3031.60009765625,3032.300048828125,144.0
2025-03-24 12:40:00+00:00,3032.199951171875,3032.5,3031.699951171875,3031.699951171875,134.0
2025-03-24 12:41:00+00:00,3031.199951171875,3032.10009765625,3031.0,3032.10009765625,94.0
2025-03-24 12:42:00+00:00,3030.699951171875,3031.5,3030.5,3031.300048828125,203.0
2025-03-24 12:43:00+00:00,3030.800048828125,3030.89990234375,3030.300048828125,3030.800048828125,109.0
2025-03-24 12:44:00+00:00,3031.199951171875,3031.300048828125,3030.60009765625,3030.699951171875,5150.0
2025-03-24 12:45:00+00:00,3029.800048828125,3031.0,3029.60009765625,3031.0,209.0
2025-03-24 12:46:00+00:00,3030.39990234375,3030.39990234375,3028.89990234375,3029.89990234375,211.0
2025-03-24 12:47:00+00:00,3029.5,3030.699951171875,3029.199951171875,3030.199951171875,165.0
2025-03-24 12:48:00+00:00,3029.10009765625,3029.39990234375,3028.0,3029.39990234375,432.0
2025-03-24 12:49:00+00:00,3028.89990234375,3029.0,3028.199951171875,3029.0,141.0
2025-03-24 12:50:00+00:00,3028.300048828125,3028.800048828125,3028.10009765625,3028.699951171875,127.0
2025-03-24 12:51:00+00:00,3028.199951171875,3028.60009765625,3027.800048828125,3028.10009765625,186.0
2025-03-24 12:52:00+00:00,3028.199951171875,3028.5,3027.60009765625,3028.300048828125,199.0
2025-03-24 12:53:00+00:00,3027.39990234375,3028.300048828125,3027.199951171875,3028.0,961.0
2025-03-24 12:54:00+00:00,3029.10009765625,3029.39990234375,3027.39990234375,3027.5,290.0
2025-03-24 12:55:00+00:00,3028.199951171875,3029.89990234375,3027.39990234375,3029.10009765625,406.0
2025-03-24 12:56:00+00:00,3027.60009765625,3028.10009765625,3027.0,3028.0,157.0
2025-03-24 12:57:00+00:00,3027.39990234375,3027.60009765625,3026.89990234375,3027.39990234375,479.0
2025-03-24 12:58:00+00:00,3028.60009765625,3028.800048828125,3027.0,3027.300048828125,183.0
2025-03-24 12:59:00+00:00,3028.800048828125,3029.199951171875,3028.60009765625,3028.60009765625,94.0
2025-03-24 13:00:00+00:00,3029.5,3029.5,3028.300048828125,3028.699951171875,168.0
2025-03-24 13:01:00+00:00,3030.300048828125,3030.5,3029.60009765625,3029.699951171875,187.0
2025-03-24 13:02:00+00:00,3029.89990234375,3030.60009765625,3029.800048828125,3030.60009765625,108.0
2025-03-24 13:03:00+00:00,3030.39990234375,3030.89990234375,3029.800048828125,3029.89990234375,77.0
2025-03-24 13:04:00+00:00,3030.60009765625,3030.800048828125,3030.10009765625,3030.60009765625,85.0
2025-03-24 13:05:00+00:00,3030.0,3030.5,3029.800048828125,3030.5,87.0
2025-03-24 13:06:00+00:00,3030.60009765625,3031.0,3029.300048828125,3029.89990234375,265.0
2025-03-24 13:07:00+00:00,3030.60009765625,3030.89990234375,3030.39990234375,3030.699951171875,57.0
2025-03-24 13:08:00+00:00,3029.800048828125,3031.0,3029.5,3030.39990234375,126.0
2025-03-24 13:09:00+00:00,3029.699951171875,3030.0,3029.60009765625,3030.0,86.0
2025-03-24 13:10:00+00:00,3030.699951171875,3030.89990234375,3029.800048828125,3029.89990234375,99.0
2025-03-24 13:11:00+00:00,3031.300048828125,3031.89990234375,3030.699951171875,3030.800048828125,215.0
2025-03-24 13:12:00+00:00,3031.5,3031.800048828125,3031.0,3031.39990234375,251.0
2025-03-24 13:13:00+00:00,3032.0,3032.39990234375,3031.5,3031.60009765625,151.0
2025-03-24 13:14:00+00:00,3032.10009765625,3032.300048828125,3031.699951171875,3032.10009765625,114.0
2025-03-24 13:15:00+00:00,3032.39990234375,3032.800048828125,3031.699951171875,3032.199951171875,153.0
2025-03-24 13:16:00+00:00,3032.39990234375,3032.60009765625,3031.800048828125,3032.5,858.0
2025-03-24 13:17:00+00:00,3031.89990234375,3032.300048828125,3031.800048828125,3032.199951171875,134.0
2025-03-24 13:18:00+00:00,3032.5,3032.699951171875,3031.800048828125,3032.0,128.0
2025-03-24 13:19:00+00:00,3031.300048828125,3032.5,3030.800048828125,3032.39990234375,202.0
2025-03-24 13:20:00+00:00,3030.699951171875,3031.39990234375,3030.39990234375,3031.199951171875,346.0
2025-03-24 13:21:00+00:00,3030.10009765625,3030.89990234375,3029.800048828125,3030.60009765625,401.0
2025-03-24 13:22:00+00:00,3029.89990234375,3030.10009765625,3029.60009765625,3029.89990234375,281.0
2025-03-24 13:23:00+00:00,3029.0,3030.39990234375,3028.699951171875,3030.0,525.0
2025-03-24 13:24:00+00:00,3030.10009765625,3030.10009765625,3028.60009765625,3028.89990234375,866.0
2025-03-24 13:25:00+00:00,3029.39990234375,3030.300048828125,3029.300048828125,3030.0,121.0
2025-03-24 13:26:00+00:00,3028.10009765625,3029.5,3028.0,3029.5,1035.0
2025-03-24 13:27:00+00:00,3027.60009765625,3028.5,3027.5,3028.10009765625,245.0
2025-03-24 13:28:00+00:00,3028.0,3028.800048828125,3027.39990234375,3027.5,157.0
2025-03-24 13:29:00+00:00,3028.5,3028.800048828125,3027.699951171875,3027.800048828125,125.0
2025-03-24 13:30:00+00:00,3029.60009765625,3029.699951171875,3028.199951171875,3028.5,306.0
2025-03-24 13:31:00+00:00,3030.199951171875,3030.800048828125,3029.39990234375,3029.39990234375,358.0
2025-03-24 13:32:00+00:00,3030.39990234375,3030.5,3030.10009765625,3030.39990234375,114.0
2025-03-24 13:33:00+00:00,3029.60009765625,3030.60009765625,3029.300048828125,3030.39990234375,134.0
2025-03-24 13:34:00+00:00,3028.800048828125,3029.89990234375,3028.699951171875,3029.699951171875,3123.0
2025-03-24 13:35:00+00:00,3027.199951171875,3028.89990234375,3027.10009765625,3028.699951171875,216.0
2025-03-24 13:36:00+00:00,3027.39990234375,3028.199951171875,3027.199951171875,3027.199951171875,248.0
2025-03-24 13:37:00+00:00,3026.0,3027.5,3024.800048828125,3027.5,793.0
2025-03-24 13:38:00+00:00,3027.0,3027.10009765625,3026.0,3026.0,370.0
2025-03-24 13:39:00+00:00,3027.300048828125,3028.10009765625,3026.89990234375,3027.10009765625,208.0
2025-03-24 13:40:00+00:00,3026.89990234375,3027.800048828125,3026.800048828125,3027.199951171875,1989.0
2025-03-24 13:41:00+00:00,3027.10009765625,3027.10009765625,3026.5,3026.800048828125,145.0
2025-03-24 13:42:00+00:00,3027.800048828125,3028.199951171875,3026.699951171875,3027.300048828125,764.0
2025-03-24 13:43:00+00:00,3027.300048828125,3027.800048828125,3027.199951171875,3027.800048828125,141.0
2025-03-24 13:44:00+00:00,3026.300048828125,3027.300048828125,3026.10009765625,3027.199951171875,400.0
2025-03-24 13:45:00+00:00,3023.10009765625,3026.300048828125,3023.10009765625,3026.300048828125,823.0
2025-03-24 13:46:00+00:00,3024.199951171875,3024.39990234375,3023.10009765625,3023.10009765625,471.0
2025-03-24 13:47:00+00:00,3025.800048828125,3026.199951171875,3024.300048828125,3024.39990234375,363.0
2025-03-24 13:48:00+00:00,3026.0,3026.60009765625,3025.800048828125,3025.89990234375,261.0
2025-03-24 13:49:00+00:00,3026.0,3026.60009765625,3025.300048828125,3026.0,225.0
2025-03-24 13:50:00+00:00,3026.39990234375,3026.699951171875,3025.699951171875,3025.800048828125,221.0
2025-03-24 13:51:00+00:00,3027.5,3028.699951171875,3026.199951171875,3026.300048828125,482.0
2025-03-24 13:52:00+00:00,3027.89990234375,3028.10009765625,3027.300048828125,3027.5,256.0
2025-03-24 13:53:00+00:00,3029.300048828125,3029.300048828125,3027.699951171875,3027.699951171875,279.0
2025-03-24 13:54:00+00:00,3029.5,3029.89990234375,3028.89990234375,3029.199951171875,348.0
2025-03-24 13:55:00+00:00,3030.60009765625,3030.60009765625,3028.699951171875,3029.5,333.0
2025-03-24 13:56:00+00:00,3030.0,3031.0,3029.60009765625,3030.60009765625,424.0
2025-03-24 13:57:00+00:00,3027.10009765625,3030.0,3027.0,3030.0,370.0
2025-03-24 13:58:00+00:00,3028.199951171875,3028.39990234375,3026.39990234375,3027.10009765625,2068.0
2025-03-24 13:59:00+00:00,3027.10009765625,3029.10009765625,3027.10009765625,3028.300048828125,523.0
2025-03-24 14:00:00+00:00,3026.0,3027.39990234375,3025.300048828125,3026.89990234375,781.0
2025-03-24 14:01:00+00:00,3024.699951171875,3026.300048828125,3024.699951171875,3026.10009765625,506.0
2025-03-24 14:02:00+00:00,3025.0,3025.300048828125,3024.39990234375,3024.699951171875,193.0
2025-03-24 14:03:00+00:00,3024.89990234375,3025.60009765625,3024.39990234375,3024.89990234375,171.0
2025-03-24 14:04:00+00:00,3025.5,3026.699951171875,3024.89990234375,3025.10009765625,399.0
2025-03-24 14:05:00+00:00,3026.39990234375,3026.699951171875,3025.39990234375,3025.699951171875,392.0
2025-03-24 14:06:00+00:00,3025.89990234375,3026.60009765625,3025.800048828125,3026.39990234375,77.0
2025-03-24 14:07:00+00:00,3025.60009765625,3025.89990234375,3024.60009765625,3025.89990234375,152.0
2025-03-24 14:08:00+00:00,3025.89990234375,3025.89990234375,3025.39990234375,3025.5,82.0
2025-03-24 14:09:00+00:00,3025.60009765625,3026.699951171875,3025.300048828125,3026.0,250.0
2025-03-24 14:10:00+00:00,3026.60009765625,3026.89990234375,3025.300048828125,3025.5,195.0
2025-03-24 14:11:00+00:00,3027.300048828125,3027.89990234375,3026.699951171875,3026.699951171875,191.0
2025-03-24 14:12:00+00:00,3028.0,3028.39990234375,3027.300048828125,3027.5,283.0
2025-03-24 14:13:00+00:00,3027.800048828125,3028.199951171875,3027.699951171875,3028.0,205.0
2025-03-24 14:14:00+00:00,3027.89990234375,3028.60009765625,3027.60009765625,3028.0,265.0
2025-03-24 14:15:00+00:00,3028.199951171875,3028.199951171875,3027.699951171875,3028.10009765625,237.0
2025-03-24 14:16:00+00:00,3026.699951171875,3028.199951171875,3026.39990234375,3028.10009765625,329.0
2025-03-24 14:17:00+00:00,3027.199951171875,3027.699951171875,3026.699951171875,3026.699951171875,105.0
2025-03-24 14:18:00+00:00,3026.800048828125,3027.39990234375,3025.89990234375,3027.39990234375,169.0
2025-03-24 14:19:00+00:00,3026.60009765625,3026.60009765625,3026.0,3026.60009765625,129.0
2025-03-24 14:20:00+00:00,3027.60009765625,3027.800048828125,3026.39990234375,3026.5,118.0
2025-03-24 14:21:00+00:00,3026.199951171875,3027.60009765625,3026.199951171875,3027.60009765625,222.0
2025-03-24 14:22:00+00:00,3025.39990234375,3026.199951171875,3025.199951171875,3026.10009765625,162.0
2025-03-24 14:23:00+00:00,3023.199951171875,3025.89990234375,3023.199951171875,3025.39990234375,659.0
2025-03-24 14:24:00+00:00,3023.300048828125,3023.800048828125,3021.0,3023.199951171875,2936.0
2025-03-24 14:25:00+00:00,3023.10009765625,3023.60009765625,3022.699951171875,3023.199951171875,254.0
2025-03-24 14:26:00+00:00,3023.199951171875,3023.699951171875,3022.800048828125,3023.10009765625,228.0
2025-03-24 14:27:00+00:00,3021.10009765625,3023.300048828125,3021.10009765625,3023.199951171875,1407.0
2025-03-24 14:28:00+00:00,3020.89990234375,3021.60009765625,3020.699951171875,3021.10009765625,433.0
2025-03-24 14:29:00+00:00,3020.699951171875,3021.0,3019.199951171875,3020.89990234375,2167.0
2025-03-24 14:30:00+00:00,3020.10009765625,3021.0,3020.10009765625,3020.5,320.0
2025-03-24 14:31:00+00:00,3017.800048828125,3020.89990234375,3017.300048828125,3020.10009765625,899.0
2025-03-24 14:32:00+00:00,3017.60009765625,3018.5,3016.60009765625,3018.0,503.0
2025-03-24 14:33:00+00:00,3015.60009765625,3017.60009765625,3015.39990234375,3017.60009765625,502.0
2025-03-24 14:34:00+00:00,3014.300048828125,3015.89990234375,3013.5,3015.800048828125,993.0
2025-03-24 14:35:00+00:00,3013.800048828125,3014.800048828125,3013.199951171875,3014.5,841.0
2025-03-24 14:36:00+00:00,3013.39990234375,3014.60009765625,3012.800048828125,3013.699951171875,584.0
2025-03-24 14:37:00+00:00,3017.199951171875,3018.60009765625,3013.39990234375,3013.5,1274.0
2025-03-24 14:38:00+00:00,3015.0,3017.60009765625,3014.5,3017.300048828125,580.0
2025-03-24 14:39:00+00:00,3014.89990234375,3015.0,3014.0,3014.89990234375,291.0
2025-03-24 14:40:00+00:00,3014.800048828125,3015.89990234375,3014.10009765625,3014.89990234375,404.0
2025-03-24 14:41:00+00:00,3016.300048828125,3016.39990234375,3014.5,3014.89990234375,545.0
2025-03-24 14:42:00+00:00,3015.60009765625,3016.89990234375,3015.39990234375,3016.199951171875,362.0
2025-03-24 14:43:00+00:00,3016.5,3017.199951171875,3015.5,3015.5,498.0
2025-03-24 14:44:00+00:00,3015.5,3017.10009765625,3015.300048828125,3016.5,264.0
2025-03-24 14:45:00+00:00,3015.0,3015.89990234375,3014.699951171875,3015.5,214.0
2025-03-24 14:46:00+00:00,3013.300048828125,3015.300048828125,3013.199951171875,3015.10009765625,340.0
2025-03-24 14:47:00+00:00,3013.39990234375,3013.800048828125,3012.699951171875,3013.199951171875,348.0
2025-03-24 14:48:00+00:00,3014.5,3014.5,3013.300048828125,3013.300048828125,136.0
2025-03-24 14:49:00+00:00,3015.60009765625,3015.60009765625,3014.199951171875,3014.300048828125,557.0
2025-03-24 14:50:00+00:00,3017.39990234375,3018.5,3015.5,3015.5,619.0
2025-03-24 14:51:00+00:00,3018.39990234375,3018.60009765625,3017.300048828125,3017.5,751.0
2025-03-24 14:52:00+00:00,3018.5,3019.39990234375,3018.0,3018.5,337.0
2025-03-24 14:53:00+00:00,3017.89990234375,3019.0,3017.60009765625,3018.699951171875,177.0
2025-03-24 14:54:00+00:00,3017.5,3018.5,3017.39990234375,3018.0,202.0
2025-03-24 14:55:00+00:00,3017.10009765625,3017.60009765625,3016.89990234375,3017.5,133.0
2025-03-24 14:56:00+00:00,3016.800048828125,3017.39990234375,3016.199951171875,3017.10009765625,227.0
2025-03-24 14:57:00+00:00,3016.699951171875,3016.800048828125,3015.699951171875,3016.699951171875,164.0
2025-03-24 14:58:00+00:00,3016.800048828125,3017.5,3016.5,3016.800048828125,160.0
2025-03-24 14:59:00+00:00,3016.699951171875,3016.800048828125,3016.199951171875,3016.800048828125,147.0
2025-03-24 15:00:00+00:00,3014.39990234375,3016.89990234375,3014.300048828125,3016.699951171875,644.0
2025-03-24 15:01:00+00:00,3013.10009765625,3015.300048828125,3013.10009765625,3014.5,369.0
2025-03-24 15:02:00+00:00,3013.199951171875,3014.39990234375,3012.60009765625,3013.10009765625,706.0
2025-03-24 15:03:00+00:00,3013.199951171875,3013.60009765625,3013.0,3013.199951171875,236.0
2025-03-24 15:04:00+00:00,3012.800048828125,3013.60009765625,3012.699951171875,3013.199951171875,292.0
2025-03-24 15:05:00+00:00,3011.0,3012.800048828125,3010.60009765625,3012.699951171875,1893.0
2025-03-24 15:06:00+00:00,3011.60009765625,3011.89990234375,3010.39990234375,3010.800048828125,366.0
2025-03-24 15:07:00+00:00,3012.89990234375,3012.89990234375,3009.800048828125,3011.60009765625,1339.0
2025-03-24 15:08:00+00:00,3012.800048828125,3013.800048828125,3012.0,3012.800048828125,321.0
2025-03-24 15:09:00+00:00,3012.5,3013.5,3012.199951171875,3013.0,256.0
2025-03-24 15:10:00+00:00,3013.800048828125,3015.0,3012.5,3012.5,587.0
2025-03-24 15:11:00+00:00,3014.39990234375,3014.60009765625,3013.5,3013.89990234375,211.0
2025-03-24 15:12:00+00:00,3015.800048828125,3016.10009765625,3014.5,3014.5,371.0
2025-03-24 15:13:00+00:00,3016.199951171875,3017.300048828125,3015.5,3016.0,775.0
2025-03-24 15:14:00+00:00,3016.10009765625,3016.60009765625,3015.300048828125,3016.10009765625,543.0
2025-03-24 15:15:00+00:00,3016.0,3016.10009765625,3015.199951171875,3016.0,397.0
2025-03-24 15:16:00+00:00,3017.5,3017.699951171875,3016.0,3016.0,360.0
2025-03-24 15:17:00+00:00,3017.39990234375,3018.199951171875,3017.10009765625,3017.60009765625,313.0
2025-03-24 15:18:00+00:00,3017.89990234375,3018.0,3017.5,3017.5,184.0
2025-03-24 15:19:00+00:00,3017.300048828125,3018.0,3017.0,3017.89990234375,358.0
2025-03-24 15:20:00+00:00,3017.0,3017.800048828125,3017.0,3017.300048828125,153.0
2025-03-24 15:21:00+00:00,3016.0,3017.199951171875,3015.60009765625,3017.0,259.0
2025-03-24 15:22:00+00:00,3016.89990234375,3016.89990234375,3016.0,3016.199951171875,119.0
2025-03-24 15:23:00+00:00,3016.89990234375,3017.300048828125,3016.5,3017.0,106.0
2025-03-24 15:24:00+00:00,3017.199951171875,3017.300048828125,3016.699951171875,3016.800048828125,102.0
2025-03-24 15:25:00+00:00,3016.39990234375,3017.300048828125,3016.199951171875,3017.0,116.0
2025-03-24 15:26:00+00:00,3015.699951171875,3016.300048828125,3014.60009765625,3016.300048828125,1862.0
2025-03-24 15:27:00+00:00,3015.199951171875,3015.800048828125,3014.800048828125,3015.800048828125,689.0
2025-03-24 15:28:00+00:00,3014.5,3015.300048828125,3014.300048828125,3015.199951171875,713.0
2025-03-24 15:29:00+00:00,3015.0,3015.5,3014.39990234375,3014.5,161.0
2025-03-24 15:30:00+00:00,3016.800048828125,3016.800048828125,3015.0,3015.0,173.0
2025-03-24 15:31:00+00:00,3017.0,3017.39990234375,3016.5,3016.89990234375,130.0
2025-03-24 15:32:00+00:00,3016.5,3016.699951171875,3016.10009765625,3016.699951171875,67.0
2025-03-24 15:33:00+00:00,3015.89990234375,3016.300048828125,3015.89990234375,3016.300048828125,71.0
2025-03-24 15:34:00+00:00,3016.5,3016.5,3015.300048828125,3015.800048828125,180.0
2025-03-24 15:35:00+00:00,3016.60009765625,3017.10009765625,3016.199951171875,3016.5,1127.0
2025-03-24 15:36:00+00:00,3017.39990234375,3017.39990234375,3016.5,3016.89990234375,498.0
2025-03-24 15:37:00+00:00,3017.89990234375,3018.0,3017.199951171875,3017.39990234375,302.0
2025-03-24 15:38:00+00:00,3018.89990234375,3019.10009765625,3017.800048828125,3017.800048828125,364.0
2025-03-24 15:39:00+00:00,3019.199951171875,3019.699951171875,3018.800048828125,3018.89990234375,380.0
2025-03-24 15:40:00+00:00,3019.39990234375,3019.39990234375,3019.0,3019.300048828125,228.0
2025-03-24 15:41:00+00:00,3019.0,3019.5,3018.800048828125,3019.39990234375,227.0
2025-03-24 15:42:00+00:00,3019.699951171875,3020.39990234375,3018.89990234375,3019.0,417.0
2025-03-24 15:43:00+00:00,3019.5,3020.10009765625,3019.199951171875,3019.89990234375,115.0
2025-03-24 15:44:00+00:00,3019.699951171875,3019.800048828125,3019.300048828125,3019.60009765625,102.0
2025-03-24 15:45:00+00:00,3019.5,3019.800048828125,3019.39990234375,3019.60009765625,107.0
2025-03-24 15:46:00+00:00,3018.60009765625,3020.60009765625,3018.39990234375,3019.60009765625,457.0
2025-03-24 15:47:00+00:00,3018.699951171875,3018.800048828125,3017.5,3018.5,655.0
2025-03-24 15:48:00+00:00,3019.5,3019.699951171875,3018.699951171875,3018.800048828125,80.0
2025-03-24 15:49:00+00:00,3019.199951171875,3019.89990234375,3019.10009765625,3019.39990234375,756.0
2025-03-24 15:50:00+00:00,3019.300048828125,3019.5,3018.800048828125,3019.199951171875,141.0
2025-03-24 15:51:00+00:00,3019.699951171875,3019.89990234375,3019.0,3019.199951171875,106.0
2025-03-24 15:52:00+00:00,3019.10009765625,3019.800048828125,3018.89990234375,3019.800048828125,156.0
2025-03-24 15:53:00+00:00,3019.699951171875,3019.800048828125,3019.10009765625,3019.10009765625,71.0
2025-03-24 15:54:00+00:00,3020.0,3020.5,3020.0,3020.0,121.0
2025-03-24 15:55:00+00:00,3019.300048828125,3020.300048828125,3019.199951171875,3020.10009765625,67.0
2025-03-24 15:56:00+00:00,3019.199951171875,3019.199951171875,3018.39990234375,3019.199951171875,108.0
2025-03-24 15:57:00+00:00,3019.39990234375,3019.5,3019.10009765625,3019.39990234375,48.0
2025-03-24 15:58:00+00:00,3019.199951171875,3019.5,3019.0,3019.199951171875,41.0
2025-03-24 15:59:00+00:00,3019.10009765625,3019.300048828125,3018.699951171875,3019.300048828125,164.0
2025-03-24 16:00:00+00:00,3019.699951171875,3019.89990234375,3019.0,3019.10009765625,60.0
2025-03-24 16:01:00+00:00,3019.5,3019.800048828125,3019.10009765625,3019.60009765625,85.0
2025-03-24 16:02:00+00:00,3019.60009765625,3020.199951171875,3019.300048828125,3019.300048828125,100.0
2025-03-24 16:03:00+00:00,3019.89990234375,3019.89990234375,3019.39990234375,3019.5,69.0
2025-03-24 16:04:00+00:00,3020.199951171875,3020.60009765625,3019.89990234375,3020.0,82.0
2025-03-24 16:05:00+00:00,3020.199951171875,3020.60009765625,3020.10009765625,3020.199951171875,88.0
2025-03-24 16:06:00+00:00,3019.39990234375,3020.60009765625,3019.300048828125,3020.10009765625,68.0
2025-03-24 16:07:00+00:00,3019.0,3019.699951171875,3018.800048828125,3019.39990234375,110.0
2025-03-24 16:08:00+00:00,3019.10009765625,3019.199951171875,3018.800048828125,3019.0,1127.0
2025-03-24 16:09:00+00:00,3019.10009765625,3019.300048828125,3018.60009765625,3018.800048828125,206.0
2025-03-24 16:10:00+00:00,3018.800048828125,3019.5,3018.699951171875,3019.199951171875,554.0
2025-03-24 16:11:00+00:00,3018.800048828125,3019.0,3018.39990234375,3018.800048828125,77.0
2025-03-24 16:12:00+00:00,3018.199951171875,3019.5,3018.199951171875,3018.800048828125,179.0
2025-03-24 16:13:00+00:00,3018.300048828125,3018.699951171875,3018.0,3018.199951171875,136.0
2025-03-24 16:14:00+00:00,3018.10009765625,3018.5,3017.699951171875,3018.300048828125,97.0
2025-03-24 16:15:00+00:00,3018.300048828125,3018.39990234375,3017.5,3017.89990234375,147.0
2025-03-24 16:16:00+00:00,3018.300048828125,3018.39990234375,3018.10009765625,3018.39990234375,136.0
2025-03-24 16:17:00+00:00,3016.89990234375,3018.300048828125,3016.89990234375,3018.199951171875,173.0
2025-03-24 16:18:00+00:00,3016.699951171875,3017.199951171875,3016.699951171875,3017.10009765625,126.0
2025-03-24 16:19:00+00:00,3016.89990234375,3017.10009765625,3016.60009765625,3016.800048828125,160.0
2025-03-24 16:20:00+00:00,3016.89990234375,3017.0,3016.699951171875,3016.89990234375,85.0
2025-03-24 16:21:00+00:00,3015.89990234375,3017.300048828125,3015.60009765625,3017.0,228.0
2025-03-24 16:22:00+00:00,3015.39990234375,3016.0,3015.199951171875,3016.0,120.0
2025-03-24 16:23:00+00:00,3015.5,3015.89990234375,3015.300048828125,3015.39990234375,137.0
2025-03-24 16:24:00+00:00,3015.89990234375,3016.10009765625,3015.199951171875,3015.60009765625,102.0
2025-03-24 16:25:00+00:00,3016.800048828125,3017.199951171875,3016.10009765625,3016.10009765625,125.0
2025-03-24 16:26:00+00:00,3017.0,3017.199951171875,3016.39990234375,3016.60009765625,94.0
2025-03-24 16:27:00+00:00,3017.199951171875,3017.5,3017.0,3017.0,105.0
2025-03-24 16:28:00+00:00,3016.89990234375,3017.39990234375,3016.89990234375,3017.199951171875,46.0
2025-03-24 16:29:00+00:00,3017.300048828125,3017.300048828125,3016.800048828125,3016.800048828125,102.0
2025-03-24 16:30:00+00:00,3017.0,3017.699951171875,3016.5,3017.300048828125,133.0
2025-03-24 16:31:00+00:00,3016.10009765625,3016.89990234375,3016.10009765625,3016.89990234375,73.0
2025-03-24 16:32:00+00:00,3016.0,3016.0,3015.300048828125,3016.0,112.0
2025-03-24 16:33:00+00:00,3016.39990234375,3016.5,3015.89990234375,3016.10009765625,71.0
2025-03-24 16:34:00+00:00,3016.10009765625,3016.60009765625,3016.10009765625,3016.39990234375,198.0
2025-03-24 16:35:00+00:00,3015.89990234375,3016.199951171875,3015.300048828125,3016.10009765625,157.0
2025-03-24 16:36:00+00:00,3016.300048828125,3016.39990234375,3015.800048828125,3015.800048828125,208.0
2025-03-24 16:37:00+00:00,3016.199951171875,3016.39990234375,3015.89990234375,3016.39990234375,57.0
2025-03-24 16:38:00+00:00,3015.5,3016.10009765625,3015.199951171875,3016.10009765625,157.0
2025-03-24 16:39:00+00:00,3015.60009765625,3015.699951171875,3014.89990234375,3015.39990234375,143.0
2025-03-24 16:40:00+00:00,3014.699951171875,3016.0,3014.699951171875,3015.39990234375,156.0
2025-03-24 16:41:00+00:00,3014.199951171875,3015.10009765625,3014.10009765625,3014.800048828125,278.0
2025-03-24 16:42:00+00:00,3013.89990234375,3014.300048828125,3013.5,3014.10009765625,144.0
2025-03-24 16:43:00+00:00,3014.39990234375,3014.5,3013.699951171875,3013.800048828125,1236.0
2025-03-24 16:44:00+00:00,3014.800048828125,3015.0,3014.5,3014.5,88.0
2025-03-24 16:45:00+00:00,3015.60009765625,3015.800048828125,3014.89990234375,3014.89990234375,550.0
2025-03-24 16:46:00+00:00,3016.0,3016.10009765625,3015.300048828125,3015.60009765625,91.0
2025-03-24 16:47:00+00:00,3015.39990234375,3016.0,3015.39990234375,3015.800048828125,56.0
2025-03-24 16:48:00+00:00,3014.699951171875,3015.5,3014.699951171875,3015.39990234375,201.0
2025-03-24 16:49:00+00:00,3016.0,3016.300048828125,3014.89990234375,3014.89990234375,113.0
2025-03-24 16:50:00+00:00,3015.89990234375,3016.39990234375,3015.89990234375,3016.10009765625,89.0
2025-03-24 16:51:00+00:00,3015.89990234375,3016.5,3015.800048828125,3016.10009765625,72.0
2025-03-24 16:52:00+00:00,3016.199951171875,3016.60009765625,3015.800048828125,3016.0,2606.0
2025-03-24 16:53:00+00:00,3016.5,3016.800048828125,3016.199951171875,3016.300048828125,96.0
2025-03-24 16:54:00+00:00,3015.89990234375,3016.699951171875,3015.60009765625,3016.39990234375,122.0
2025-03-24 16:55:00+00:00,3015.800048828125,3016.0,3015.699951171875,3015.800048828125,56.0
2025-03-24 16:56:00+00:00,3015.300048828125,3015.800048828125,3015.300048828125,3015.800048828125,284.0
2025-03-24 16:57:00+00:00,3015.60009765625,3015.800048828125,3014.89990234375,3015.300048828125,467.0
2025-03-24 16:58:00+00:00,3015.5,3015.699951171875,3015.199951171875,3015.699951171875,475.0
2025-03-24 16:59:00+00:00,3015.300048828125,3015.60009765625,3015.0,3015.39990234375,156.0
2025-03-24 17:00:00+00:00,3013.5,3015.39990234375,3013.300048828125,3015.39990234375,414.0
2025-03-24 17:01:00+00:00,3013.300048828125,3013.699951171875,3012.800048828125,3013.5,330.0
2025-03-24 17:02:00+00:00,3014.5,3014.800048828125,3013.39990234375,3013.39990234375,118.0
2025-03-24 17:03:00+00:00,3014.5,3015.0,3014.0,3014.300048828125,62.0
2025-03-24 17:04:00+00:00,3015.10009765625,3015.10009765625,3014.39990234375,3014.39990234375,55.0
2025-03-24 17:05:00+00:00,3015.199951171875,3015.39990234375,3014.89990234375,3015.199951171875,169.0
2025-03-24 17:06:00+00:00,3015.39990234375,3015.60009765625,3015.0,3015.300048828125,98.0
2025-03-24 17:07:00+00:00,3014.89990234375,3015.5,3014.300048828125,3015.39990234375,184.0
2025-03-24 17:08:00+00:00,3014.89990234375,3015.199951171875,3014.60009765625,3014.699951171875,119.0
2025-03-24 17:09:00+00:00,3015.199951171875,3015.39990234375,3014.800048828125,3014.800048828125,63.0
2025-03-24 17:10:00+00:00,3015.39990234375,3015.5,3014.699951171875,3015.0,259.0
2025-03-24 17:11:00+00:00,3014.60009765625,3015.60009765625,3014.60009765625,3015.300048828125,110.0
2025-03-24 17:12:00+00:00,3014.5,3014.800048828125,3014.10009765625,3014.699951171875,460.0
2025-03-24 17:13:00+00:00,3014.10009765625,3014.60009765625,3013.699951171875,3014.60009765625,84.0
2025-03-24 17:14:00+00:00,3014.800048828125,3014.89990234375,3014.10009765625,3014.199951171875,91.0
2025-03-24 17:15:00+00:00,3013.699951171875,3014.89990234375,3013.699951171875,3014.800048828125,81.0
2025-03-24 17:16:00+00:00,3014.10009765625,3014.300048828125,3013.5,3013.60009765625,152.0
2025-03-24 17:17:00+00:00,3013.60009765625,3014.10009765625,3013.39990234375,3014.10009765625,64.0
2025-03-24 17:18:00+00:00,3013.89990234375,3014.0,3013.300048828125,3013.5,123.0
2025-03-24 17:19:00+00:00,3013.10009765625,3013.699951171875,3012.800048828125,3013.699951171875,184.0
2025-03-24 17:20:00+00:00,3014.10009765625,3014.10009765625,3013.0,3013.199951171875,584.0
2025-03-24 17:21:00+00:00,3014.199951171875,3014.300048828125,3013.699951171875,3014.10009765625,119.0
2025-03-24 17:22:00+00:00,3015.10009765625,3015.5,3014.300048828125,3014.300048828125,216.0
2025-03-24 17:23:00+00:00,3015.5,3015.89990234375,3015.199951171875,3015.199951171875,107.0
2025-03-24 17:24:00+00:00,3015.0,3015.300048828125,3014.10009765625,3015.199951171875,238.0
2025-03-24 17:25:00+00:00,3014.800048828125,3015.0,3014.60009765625,3014.800048828125,899.0
2025-03-24 17:26:00+00:00,3014.89990234375,3015.0,3014.5,3014.699951171875,1445.0
2025-03-24 17:27:00+00:00,3014.199951171875,3015.0,3014.199951171875,3014.89990234375,323.0
2025-03-24 17:28:00+00:00,3015.300048828125,3015.300048828125,3013.89990234375,3014.199951171875,632.0
2025-03-24 17:29:00+00:00,3015.699951171875,3016.0,3015.0,3015.199951171875,679.0
2025-03-24 17:30:00+00:00,3015.60009765625,3015.60009765625,3015.10009765625,3015.60009765625,321.0
2025-03-24 17:31:00+00:00,3015.5,3015.699951171875,3015.199951171875,3015.5,224.0
2025-03-24 17:32:00+00:00,3015.39990234375,3015.800048828125,3015.39990234375,3015.5,110.0
2025-03-24 17:33:00+00:00,3014.300048828125,3015.300048828125,3013.89990234375,3015.300048828125,273.0
2025-03-24 17:34:00+00:00,3014.10009765625,3014.39990234375,3013.800048828125,3014.199951171875,134.0
2025-03-24 17:35:00+00:00,3013.60009765625,3014.10009765625,3013.300048828125,3014.10009765625,127.0
2025-03-24 17:36:00+00:00,3013.60009765625,3014.0,3013.10009765625,3013.699951171875,158.0
2025-03-24 17:37:00+00:00,3013.89990234375,3014.0,3013.5,3013.60009765625,78.0
2025-03-24 17:38:00+00:00,3014.5,3014.60009765625,3014.0,3014.0,135.0
2025-03-24 17:39:00+00:00,3014.10009765625,3014.60009765625,3014.10009765625,3014.5,65.0
2025-03-24 17:40:00+00:00,3013.89990234375,3014.39990234375,3013.800048828125,3014.0,75.0
2025-03-24 17:41:00+00:00,3013.800048828125,3014.0,3013.199951171875,3014.0,89.0
2025-03-24 17:42:00+00:00,3013.5,3013.800048828125,3013.39990234375,3013.800048828125,46.0
2025-03-24 17:43:00+00:00,3013.39990234375,3013.60009765625,3013.10009765625,3013.5,65.0
2025-03-24 17:44:00+00:00,3014.0,3014.0,3013.5,3013.5,81.0
2025-03-24 17:45:00+00:00,3014.0,3014.60009765625,3013.89990234375,3014.0,52.0
2025-03-24 17:46:00+00:00,3013.60009765625,3013.89990234375,3013.39990234375,3013.89990234375,115.0
2025-03-24 17:47:00+00:00,3013.5,3013.699951171875,3013.10009765625,3013.60009765625,42.0
2025-03-24 17:48:00+00:00,3013.60009765625,3014.0,3013.10009765625,3013.5,130.0
2025-03-24 17:49:00+00:00,3014.199951171875,3014.199951171875,3013.39990234375,3013.39990234375,94.0
2025-03-24 17:50:00+00:00,3013.60009765625,3014.300048828125,3013.39990234375,3014.10009765625,50.0
2025-03-24 17:51:00+00:00,3013.0,3013.699951171875,3013.0,3013.699951171875,69.0
2025-03-24 17:52:00+00:00,3013.199951171875,3013.300048828125,3012.699951171875,3013.0,404.0
2025-03-24 17:53:00+00:00,3013.5,3013.699951171875,3013.300048828125,3013.300048828125,31.0
2025-03-24 17:54:00+00:00,3013.300048828125,3013.5,3013.300048828125,3013.5,42.0
2025-03-24 17:55:00+00:00,3012.699951171875,3013.300048828125,3012.699951171875,3013.300048828125,652.0
2025-03-24 17:56:00+00:00,3012.800048828125,3013.199951171875,3012.199951171875,3012.699951171875,131.0
2025-03-24 17:57:00+00:00,3013.0,3013.300048828125,3012.60009765625,3012.60009765625,63.0
2025-03-24 17:58:00+00:00,3012.800048828125,3013.0,3012.699951171875,3012.699951171875,42.0
2025-03-24 17:59:00+00:00,3013.39990234375,3013.39990234375,3012.89990234375,3012.89990234375,44.0
2025-03-24 18:00:00+00:00,3013.60009765625,3013.60009765625,3013.300048828125,3013.39990234375,69.0
2025-03-24 18:01:00+00:00,3013.300048828125,3014.0,3013.199951171875,3013.699951171875,92.0
2025-03-24 18:02:00+00:00,3013.10009765625,3013.300048828125,3013.0,3013.10009765625,40.0
2025-03-24 18:03:00+00:00,3012.5,3013.0,3012.39990234375,3013.0,56.0
2025-03-24 18:04:00+00:00,3011.89990234375,3012.5,3011.699951171875,3012.5,281.0
2025-03-24 18:05:00+00:00,3012.199951171875,3012.699951171875,3012.0,3012.0,144.0
2025-03-24 18:06:00+00:00,3011.10009765625,3012.300048828125,3011.0,3012.300048828125,257.0
2025-03-24 18:07:00+00:00,3009.800048828125,3011.199951171875,3009.5,3011.0,877.0
2025-03-24 18:08:00+00:00,3009.10009765625,3010.300048828125,3008.699951171875,3009.800048828125,816.0
2025-03-24 18:09:00+00:00,3009.39990234375,3009.800048828125,3008.89990234375,3009.0,442.0
2025-03-24 18:10:00+00:00,3008.800048828125,3009.800048828125,3008.800048828125,3009.699951171875,133.0
2025-03-24 18:11:00+00:00,3008.60009765625,3009.0,3008.199951171875,3008.800048828125,190.0
2025-03-24 18:12:00+00:00,3008.300048828125,3008.60009765625,3007.699951171875,3008.60009765625,218.0
2025-03-24 18:13:00+00:00,3008.10009765625,3008.5,3007.699951171875,3008.39990234375,122.0
2025-03-24 18:14:00+00:00,3009.0,3009.300048828125,3007.800048828125,3008.199951171875,100.0
2025-03-24 18:15:00+00:00,3009.39990234375,3009.89990234375,3008.800048828125,3008.89990234375,144.0
2025-03-24 18:16:00+00:00,3010.0,3010.0,3009.5,3009.60009765625,140.0
2025-03-24 18:17:00+00:00,3009.800048828125,3010.0,3009.60009765625,3010.0,38.0
2025-03-24 18:18:00+00:00,3009.800048828125,3009.800048828125,3009.5,3009.699951171875,66.0
2025-03-24 18:19:00+00:00,3009.699951171875,3009.800048828125,3009.39990234375,3009.699951171875,64.0
2025-03-24 18:20:00+00:00,3010.199951171875,3010.300048828125,3009.699951171875,3009.699951171875,60.0
2025-03-24 18:21:00+00:00,3010.5,3010.89990234375,3010.0,3010.300048828125,170.0
2025-03-24 18:22:00+00:00,3010.39990234375,3010.60009765625,3010.199951171875,3010.5,78.0
2025-03-24 18:23:00+00:00,3010.199951171875,3010.39990234375,3009.89990234375,3010.39990234375,61.0
2025-03-24 18:24:00+00:00,3009.800048828125,3010.0,3009.5,3010.0,89.0
2025-03-24 18:25:00+00:00,3010.0,3010.199951171875,3009.800048828125,3009.800048828125,41.0
2025-03-24 18:26:00+00:00,3009.800048828125,3010.0,3009.699951171875,3009.89990234375,57.0
2025-03-24 18:27:00+00:00,3010.0,3010.199951171875,3009.800048828125,3009.800048828125,66.0
2025-03-24 18:28:00+00:00,3010.5,3010.699951171875,3009.89990234375,3010.10009765625,110.0
2025-03-24 18:29:00+00:00,3010.5,3010.60009765625,3010.10009765625,3010.60009765625,34.0
2025-03-24 18:30:00+00:00,3010.300048828125,3010.5,3010.0,3010.5,42.0
2025-03-24 18:31:00+00:00,3011.89990234375,3011.89990234375,3010.5,3010.5,282.0
2025-03-24 18:32:00+00:00,3011.199951171875,3011.800048828125,3011.0,3011.699951171875,419.0
2025-03-24 18:33:00+00:00,3011.89990234375,3012.10009765625,3011.10009765625,3011.10009765625,96.0
2025-03-24 18:34:00+00:00,3011.800048828125,3012.10009765625,3011.39990234375,3011.800048828125,264.0
2025-03-24 18:35:00+00:00,3011.5,3011.699951171875,3011.199951171875,3011.699951171875,81.0
2025-03-24 18:36:00+00:00,3011.10009765625,3011.5,3010.60009765625,3011.5,125.0
2025-03-24 18:37:00+00:00,3010.89990234375,3011.300048828125,3010.800048828125,3011.0,35.0
2025-03-24 18:38:00+00:00,3011.10009765625,3011.5,3011.0,3011.0,34.0
2025-03-24 18:39:00+00:00,3012.0,3012.5,3011.199951171875,3011.199951171875,155.0
2025-03-24 18:40:00+00:00,3012.800048828125,3013.10009765625,3011.800048828125,3011.89990234375,143.0
2025-03-24 18:41:00+00:00,3011.699951171875,3013.0,3011.699951171875,3012.89990234375,72.0
2025-03-24 18:42:00+00:00,3012.39990234375,3012.39990234375,3011.89990234375,3011.89990234375,47.0
2025-03-24 18:43:00+00:00,3013.199951171875,3013.199951171875,3012.60009765625,3012.60009765625,68.0
2025-03-24 18:44:00+00:00,3014.10009765625,3014.199951171875,3013.300048828125,3013.300048828125,118.0
2025-03-24 18:45:00+00:00,3014.300048828125,3014.300048828125,3013.89990234375,3014.10009765625,44.0
2025-03-24 18:46:00+00:00,3013.39990234375,3014.5,3013.199951171875,3014.39990234375,329.0
2025-03-24 18:47:00+00:00,3013.39990234375,3014.60009765625,3013.199951171875,3013.5,152.0
2025-03-24 18:48:00+00:00,3013.800048828125,3014.0,3013.300048828125,3013.60009765625,71.0
2025-03-24 18:49:00+00:00,3013.89990234375,3013.89990234375,3013.60009765625,3013.89990234375,33.0
2025-03-24 18:50:00+00:00,3013.800048828125,3014.10009765625,3013.699951171875,3013.89990234375,44.0
2025-03-24 18:51:00+00:00,3013.5,3014.0,3013.5,3013.699951171875,188.0
2025-03-24 18:52:00+00:00,3013.60009765625,3013.800048828125,3013.39990234375,3013.60009765625,60.0
2025-03-24 18:53:00+00:00,3013.39990234375,3013.800048828125,3012.800048828125,3013.60009765625,81.0
2025-03-24 18:54:00+00:00,3013.39990234375,3013.60009765625,3013.39990234375,3013.5,26.0
2025-03-24 18:55:00+00:00,3013.5,3013.800048828125,3013.199951171875,3013.5,78.0
2025-03-24 18:56:00+00:00,3013.60009765625,3013.699951171875,3013.39990234375,3013.60009765625,38.0
2025-03-24 18:57:00+00:00,3013.39990234375,3013.60009765625,3013.199951171875,3013.60009765625,35.0
2025-03-24 18:58:00+00:00,3013.39990234375,3014.0,3013.300048828125,3013.39990234375,200.0
2025-03-24 18:59:00+00:00,3013.39990234375,3013.60009765625,3013.300048828125,3013.39990234375,47.0
2025-03-24 19:00:00+00:00,3013.800048828125,3013.89990234375,3013.39990234375,3013.5,55.0
2025-03-24 19:01:00+00:00,3013.39990234375,3013.89990234375,3013.39990234375,3013.89990234375,238.0
2025-03-24 19:02:00+00:00,3012.800048828125,3013.699951171875,3012.800048828125,3013.39990234375,117.0
2025-03-24 19:03:00+00:00,3013.0,3013.10009765625,3012.60009765625,3012.800048828125,105.0
2025-03-24 19:04:00+00:00,3013.0,3013.300048828125,3012.60009765625,3013.0,83.0
2025-03-24 19:05:00+00:00,3014.10009765625,3014.10009765625,3013.300048828125,3013.300048828125,66.0
2025-03-24 19:06:00+00:00,3014.199951171875,3014.300048828125,3014.0,3014.199951171875,41.0
2025-03-24 19:07:00+00:00,3014.199951171875,3014.39990234375,3014.0,3014.199951171875,39.0
2025-03-24 19:08:00+00:00,3014.300048828125,3014.300048828125,3014.10009765625,3014.10009765625,28.0
2025-03-24 19:09:00+00:00,3014.800048828125,3015.0,3014.39990234375,3014.39990234375,70.0
2025-03-24 19:10:00+00:00,3014.60009765625,3015.10009765625,3014.60009765625,3014.89990234375,55.0
2025-03-24 19:11:00+00:00,3014.39990234375,3014.800048828125,3014.39990234375,3014.699951171875,15.0
2025-03-24 19:12:00+00:00,3014.10009765625,3014.39990234375,3014.0,3014.39990234375,90.0
2025-03-24 19:13:00+00:00,3014.199951171875,3014.199951171875,3013.699951171875,3014.10009765625,65.0
2025-03-24 19:14:00+00:00,3014.300048828125,3014.300048828125,3014.0,3014.0,26.0
2025-03-24 19:15:00+00:00,3014.199951171875,3014.199951171875,3013.800048828125,3014.0,20.0
2025-03-24 19:16:00+00:00,3014.800048828125,3014.800048828125,3014.300048828125,3014.300048828125,32.0
2025-03-24 19:17:00+00:00,3014.89990234375,3015.39990234375,3014.800048828125,3014.800048828125,114.0
2025-03-24 19:18:00+00:00,3014.60009765625,3014.89990234375,3014.39990234375,3014.89990234375,54.0
2025-03-24 19:19:00+00:00,3015.0,3015.0,3014.5,3014.60009765625,54.0
2025-03-24 19:20:00+00:00,3014.10009765625,3015.0,3014.0,3015.0,64.0
2025-03-24 19:21:00+00:00,3014.300048828125,3014.300048828125,3014.10009765625,3014.10009765625,11.0
2025-03-24 19:22:00+00:00,3014.0,3014.699951171875,3014.0,3014.39990234375,116.0
2025-03-24 19:23:00+00:00,3013.10009765625,3014.10009765625,3013.0,3014.10009765625,136.0
2025-03-24 19:24:00+00:00,3013.300048828125,3013.39990234375,3012.89990234375,3013.199951171875,49.0
2025-03-24 19:25:00+00:00,3013.199951171875,3013.39990234375,3013.10009765625,3013.300048828125,18.0
2025-03-24 19:26:00+00:00,3012.89990234375,3013.199951171875,3012.800048828125,3013.10009765625,39.0
2025-03-24 19:27:00+00:00,3012.89990234375,3013.199951171875,3012.699951171875,3013.0,91.0
2025-03-24 19:28:00+00:00,3012.5,3013.0,3012.300048828125,3012.89990234375,300.0
2025-03-24 19:29:00+00:00,3012.300048828125,3012.699951171875,3012.300048828125,3012.60009765625,14.0
2025-03-24 19:30:00+00:00,3012.800048828125,3013.0,3012.39990234375,3012.5,60.0
2025-03-24 19:31:00+00:00,3012.800048828125,3013.10009765625,3012.60009765625,3012.699951171875,46.0
2025-03-24 19:32:00+00:00,3012.199951171875,3012.800048828125,3012.199951171875,3012.800048828125,67.0
2025-03-24 19:33:00+00:00,3012.5,3012.5,3012.199951171875,3012.300048828125,20.0
2025-03-24 19:34:00+00:00,3012.39990234375,3012.5,3012.199951171875,3012.5,28.0
2025-03-24 19:35:00+00:00,3012.5,3012.60009765625,3012.0,3012.39990234375,61.0
2025-03-24 19:36:00+00:00,3012.39990234375,3012.89990234375,3012.300048828125,3012.60009765625,38.0
2025-03-24 19:37:00+00:00,3012.60009765625,3012.699951171875,3012.300048828125,3012.300048828125,33.0
2025-03-24 19:38:00+00:00,3013.10009765625,3013.199951171875,3012.39990234375,3012.5,71.0
2025-03-24 19:39:00+00:00,3013.0,3013.10009765625,3013.0,3013.0,25.0
2025-03-24 19:40:00+00:00,3012.800048828125,3013.10009765625,3012.800048828125,3012.89990234375,20.0
2025-03-24 19:41:00+00:00,3013.0,3013.0,3012.800048828125,3012.89990234375,13.0
2025-03-24 19:42:00+00:00,3012.699951171875,3012.89990234375,3012.699951171875,3012.89990234375,28.0
2025-03-24 19:43:00+00:00,3013.10009765625,3013.199951171875,3012.800048828125,3012.89990234375,150.0
2025-03-24 19:44:00+00:00,3013.699951171875,3013.89990234375,3013.199951171875,3013.199951171875,28.0
2025-03-24 19:45:00+00:00,3013.10009765625,3013.699951171875,3013.10009765625,3013.699951171875,44.0
2025-03-24 19:46:00+00:00,3013.5,3013.5,3013.10009765625,3013.10009765625,35.0
2025-03-24 19:47:00+00:00,3013.10009765625,3013.5,3013.10009765625,3013.5,58.0
2025-03-24 19:48:00+00:00,3013.39990234375,3013.5,3013.199951171875,3013.199951171875,23.0
2025-03-24 19:49:00+00:00,3013.10009765625,3013.39990234375,3012.699951171875,3013.199951171875,102.0
2025-03-24 19:50:00+00:00,3013.39990234375,3013.39990234375,3013.0,3013.0,40.0
2025-03-24 19:51:00+00:00,3013.5,3013.60009765625,3013.39990234375,3013.60009765625,18.0
2025-03-24 19:52:00+00:00,3013.199951171875,3013.5,3013.199951171875,3013.5,21.0
2025-03-24 19:53:00+00:00,3012.60009765625,3013.10009765625,3012.5,3013.10009765625,25.0
2025-03-24 19:54:00+00:00,3012.5,3012.60009765625,3012.10009765625,3012.60009765625,52.0
2025-03-24 19:55:00+00:00,3012.60009765625,3012.89990234375,3012.5,3012.5,48.0
2025-03-24 19:56:00+00:00,3012.699951171875,3012.699951171875,3012.39990234375,3012.60009765625,30.0
2025-03-24 19:57:00+00:00,3013.10009765625,3013.199951171875,3012.800048828125,3012.800048828125,84.0
2025-03-24 19:58:00+00:00,3013.5,3013.5,3013.0,3013.10009765625,85.0
2025-03-24 19:59:00+00:00,3013.199951171875,3013.800048828125,3013.0,3013.5,153.0
2025-03-24 20:00:00+00:00,3013.0,3013.5,3013.0,3013.199951171875,81.0
2025-03-24 20:01:00+00:00,3013.10009765625,3013.5,3013.0,3013.0,145.0
2025-03-24 20:02:00+00:00,3013.199951171875,3013.39990234375,3012.699951171875,3013.10009765625,125.0
2025-03-24 20:03:00+00:00,3013.5,3013.5,3013.0,3013.300048828125,55.0
2025-03-24 20:04:00+00:00,3013.39990234375,3013.5,3013.39990234375,3013.5,12.0
2025-03-24 20:05:00+00:00,3013.5,3013.5,3013.300048828125,3013.39990234375,22.0
2025-03-24 20:06:00+00:00,3013.89990234375,3013.89990234375,3013.60009765625,3013.60009765625,10.0
2025-03-24 20:07:00+00:00,3014.199951171875,3014.199951171875,3013.89990234375,3013.89990234375,25.0
2025-03-24 20:08:00+00:00,3014.0,3014.0,3013.89990234375,3014.0,31.0
2025-03-24 20:09:00+00:00,3014.0,3014.199951171875,3014.0,3014.10009765625,27.0
2025-03-24 20:10:00+00:00,3014.39990234375,3014.39990234375,3014.10009765625,3014.10009765625,19.0
2025-03-24 20:11:00+00:00,3014.199951171875,3014.60009765625,3014.199951171875,3014.5,17.0
2025-03-24 20:12:00+00:00,3014.699951171875,3014.699951171875,3014.39990234375,3014.39990234375,24.0
2025-03-24 20:13:00+00:00,3014.60009765625,3014.800048828125,3014.5,3014.800048828125,35.0
2025-03-24 20:14:00+00:00,3014.300048828125,3014.5,3014.199951171875,3014.5,22.0
2025-03-24 20:15:00+00:00,3014.699951171875,3014.699951171875,3014.300048828125,3014.39990234375,9.0
2025-03-24 20:16:00+00:00,3014.60009765625,3014.89990234375,3014.60009765625,3014.699951171875,34.0
2025-03-24 20:17:00+00:00,3015.5,3015.699951171875,3014.300048828125,3014.5,136.0
2025-03-24 20:18:00+00:00,3015.39990234375,3015.699951171875,3015.300048828125,3015.5,33.0
2025-03-24 20:19:00+00:00,3016.300048828125,3016.39990234375,3015.60009765625,3015.60009765625,118.0
2025-03-24 20:20:00+00:00,3017.10009765625,3017.199951171875,3016.39990234375,3016.39990234375,156.0
2025-03-24 20:21:00+00:00,3017.699951171875,3018.0,3017.10009765625,3017.199951171875,111.0
2025-03-24 20:22:00+00:00,3017.199951171875,3017.60009765625,3017.199951171875,3017.60009765625,65.0
2025-03-24 20:23:00+00:00,3017.10009765625,3017.39990234375,3017.0,3017.199951171875,107.0
2025-03-24 20:24:00+00:00,3018.300048828125,3018.300048828125,3017.10009765625,3017.199951171875,96.0
2025-03-24 20:25:00+00:00,3017.60009765625,3018.300048828125,3017.5,3018.300048828125,46.0
2025-03-24 20:26:00+00:00,3017.60009765625,3017.60009765625,3017.60009765625,3017.60009765625,6.0
2025-03-24 20:27:00+00:00,3017.60009765625,3017.800048828125,3017.39990234375,3017.5,28.0
2025-03-24 20:28:00+00:00,3017.199951171875,3017.699951171875,3017.0,3017.699951171875,115.0
2025-03-24 20:29:00+00:00,3017.300048828125,3017.39990234375,3016.699951171875,3017.199951171875,112.0
2025-03-24 20:30:00+00:00,3017.10009765625,3017.39990234375,3017.0,3017.300048828125,42.0
2025-03-24 20:31:00+00:00,3017.39990234375,3017.39990234375,3017.10009765625,3017.10009765625,16.0
2025-03-24 20:32:00+00:00,3017.39990234375,3017.60009765625,3017.39990234375,3017.39990234375,14.0
2025-03-24 20:33:00+00:00,3017.39990234375,3017.60009765625,3017.39990234375,3017.60009765625,4.0
2025-03-24 20:34:00+00:00,3017.60009765625,3017.60009765625,3017.39990234375,3017.39990234375,7.0
2025-03-24 20:35:00+00:00,3017.5,3017.699951171875,3017.5,3017.60009765625,32.0
2025-03-24 20:36:00+00:00,3017.5,3017.5,3017.300048828125,3017.5,20.0
2025-03-24 20:37:00+00:00,3017.800048828125,3017.800048828125,3017.60009765625,3017.60009765625,26.0
2025-03-24 20:38:00+00:00,3018.5,3018.800048828125,3017.800048828125,3017.800048828125,240.0
2025-03-24 20:39:00+00:00,3018.5,3018.699951171875,3018.39990234375,3018.39990234375,16.0
2025-03-24 20:40:00+00:00,3018.800048828125,3018.800048828125,3018.39990234375,3018.60009765625,48.0
2025-03-24 20:41:00+00:00,3018.800048828125,3019.0,3018.60009765625,3018.60009765625,35.0
2025-03-24 20:42:00+00:00,3018.800048828125,3019.0,3018.60009765625,3018.800048828125,33.0
2025-03-24 20:43:00+00:00,3018.60009765625,3018.89990234375,3018.60009765625,3018.800048828125,13.0
2025-03-24 20:44:00+00:00,3018.5,3018.89990234375,3018.39990234375,3018.5,44.0
2025-03-24 20:45:00+00:00,3019.800048828125,3019.800048828125,3018.39990234375,3018.5,349.0
2025-03-24 20:46:00+00:00,3019.199951171875,3020.39990234375,3019.199951171875,3019.800048828125,162.0
2025-03-24 20:47:00+00:00,3019.60009765625,3019.60009765625,3019.199951171875,3019.300048828125,22.0
2025-03-24 20:48:00+00:00,3019.699951171875,3020.0,3019.5,3019.5,22.0
2025-03-24 20:49:00+00:00,3019.89990234375,3019.89990234375,3019.60009765625,3019.800048828125,15.0
2025-03-24 20:50:00+00:00,3019.5,3019.89990234375,3019.300048828125,3019.800048828125,39.0
2025-03-24 20:51:00+00:00,3019.300048828125,3019.5,3019.10009765625,3019.5,18.0
2025-03-24 20:52:00+00:00,3019.10009765625,3019.199951171875,3018.89990234375,3019.199951171875,27.0
2025-03-24 20:53:00+00:00,3019.10009765625,3019.10009765625,3018.89990234375,3019.0,15.0
2025-03-24 20:54:00+00:00,3018.39990234375,3019.199951171875,3018.300048828125,3019.199951171875,95.0
2025-03-24 20:55:00+00:00,3018.5,3018.800048828125,3018.199951171875,3018.60009765625,22.0
2025-03-24 20:56:00+00:00,3018.199951171875,3018.800048828125,3018.199951171875,3018.39990234375,26.0
2025-03-24 20:57:00+00:00,3017.699951171875,3018.199951171875,3017.60009765625,3018.199951171875,35.0
2025-03-24 20:58:00+00:00,3017.800048828125,3017.800048828125,3017.39990234375,3017.60009765625,40.0
2025-03-24 20:59:00+00:00,3017.60009765625,3018.0,3017.5,3017.89990234375,64.0
2025-03-24 22:00:00+00:00,3017.300048828125,3017.800048828125,3017.199951171875,3017.5,0.0
2025-03-24 22:01:00+00:00,3017.800048828125,3018.199951171875,3017.60009765625,3017.699951171875,34.0
2025-03-24 22:02:00+00:00,3017.60009765625,3017.800048828125,3017.60009765625,3017.800048828125,24.0
2025-03-24 22:03:00+00:00,3017.300048828125,3017.800048828125,3017.300048828125,3017.60009765625,54.0
2025-03-24 22:04:00+00:00,3017.300048828125,3017.60009765625,3017.199951171875,3017.300048828125,17.0
2025-03-24 22:05:00+00:00,3016.5,3017.199951171875,3016.300048828125,3017.0,13.0
2025-03-24 22:06:00+00:00,3016.300048828125,3016.5,3016.300048828125,3016.39990234375,15.0
2025-03-24 22:07:00+00:00,3016.5,3016.5,3016.39990234375,3016.39990234375,8.0
2025-03-24 22:08:00+00:00,3016.300048828125,3016.699951171875,3016.300048828125,3016.5,14.0
2025-03-24 22:09:00+00:00,3016.0,3016.300048828125,3016.0,3016.300048828125,8.0
2025-03-24 22:10:00+00:00,3016.300048828125,3016.39990234375,3016.199951171875,3016.199951171875,27.0
2025-03-24 22:11:00+00:00,3016.10009765625,3016.300048828125,3016.0,3016.300048828125,18.0
2025-03-24 22:12:00+00:00,3016.5,3016.60009765625,3016.0,3016.10009765625,22.0
2025-03-24 22:13:00+00:00,3016.699951171875,3016.800048828125,3016.60009765625,3016.699951171875,11.0
2025-03-24 22:14:00+00:00,3016.39990234375,3016.800048828125,3016.39990234375,3016.699951171875,14.0
2025-03-24 22:15:00+00:00,3016.800048828125,3017.0,3016.39990234375,3016.39990234375,16.0
2025-03-24 22:16:00+00:00,3016.89990234375,3016.89990234375,3016.89990234375,3016.89990234375,1.0
2025-03-24 22:17:00+00:00,3016.699951171875,3016.89990234375,3016.60009765625,3016.89990234375,19.0
2025-03-24 22:18:00+00:00,3016.800048828125,3016.800048828125,3016.699951171875,3016.699951171875,4.0
2025-03-24 22:19:00+00:00,3016.89990234375,3017.0,3016.699951171875,3016.89990234375,18.0
2025-03-24 22:20:00+00:00,3016.89990234375,3017.0,3016.89990234375,3017.0,70.0
2025-03-24 22:21:00+00:00,3016.699951171875,3017.0,3016.699951171875,3016.800048828125,93.0
2025-03-24 22:22:00+00:00,3017.0,3017.0,3016.89990234375,3016.89990234375,19.0
2025-03-24 22:23:00+00:00,3016.699951171875,3017.0,3016.699951171875,3017.0,12.0
2025-03-24 22:24:00+00:00,3016.89990234375,3016.89990234375,3016.60009765625,3016.60009765625,11.0
2025-03-24 22:25:00+00:00,3016.60009765625,3017.0,3016.60009765625,3016.89990234375,52.0
2025-03-24 22:26:00+00:00,3016.60009765625,3016.89990234375,3016.60009765625,3016.699951171875,280.0
2025-03-24 22:27:00+00:00,3016.699951171875,3016.89990234375,3016.699951171875,3016.699951171875,23.0
2025-03-24 22:28:00+00:00,3016.800048828125,3016.800048828125,3016.5,3016.60009765625,18.0
2025-03-24 22:29:00+00:00,3016.0,3017.0,3016.0,3016.89990234375,23.0
2025-03-24 22:30:00+00:00,3015.800048828125,3016.0,3015.60009765625,3016.0,41.0
2025-03-24 22:31:00+00:00,3015.89990234375,3015.89990234375,3015.699951171875,3015.699951171875,2.0
2025-03-24 22:32:00+00:00,3015.800048828125,3015.800048828125,3015.60009765625,3015.800048828125,18.0
2025-03-24 22:33:00+00:00,3015.60009765625,3015.60009765625,3015.39990234375,3015.60009765625,27.0
2025-03-24 22:34:00+00:00,3015.5,3015.699951171875,3015.5,3015.699951171875,9.0
2025-03-24 22:35:00+00:00,3015.39990234375,3015.699951171875,3015.39990234375,3015.5,15.0
2025-03-24 22:36:00+00:00,3015.39990234375,3015.39990234375,3015.300048828125,3015.39990234375,8.0
2025-03-24 22:37:00+00:00,3015.199951171875,3015.199951171875,3014.800048828125,3015.199951171875,43.0
2025-03-24 22:38:00+00:00,3015.5,3015.5,3015.300048828125,3015.300048828125,11.0
2025-03-24 22:39:00+00:00,3015.10009765625,3015.60009765625,3015.10009765625,3015.60009765625,22.0
2025-03-24 22:40:00+00:00,3015.199951171875,3015.39990234375,3015.0,3015.0,11.0
2025-03-24 22:41:00+00:00,3015.199951171875,3015.199951171875,3015.199951171875,3015.199951171875,2.0
2025-03-24 22:42:00+00:00,3015.0,3015.10009765625,3015.0,3015.10009765625,4.0
2025-03-24 22:43:00+00:00,3014.60009765625,3015.0,3014.60009765625,3015.0,13.0
2025-03-24 22:44:00+00:00,3014.60009765625,3014.89990234375,3014.5,3014.800048828125,11.0
2025-03-24 22:45:00+00:00,3014.39990234375,3014.699951171875,3014.39990234375,3014.5,25.0
2025-03-24 22:46:00+00:00,3013.89990234375,3014.5,3013.89990234375,3014.5,51.0
2025-03-24 22:47:00+00:00,3014.10009765625,3014.10009765625,3013.800048828125,3013.89990234375,26.0
2025-03-24 22:48:00+00:00,3014.60009765625,3014.60009765625,3014.10009765625,3014.199951171875,83.0
2025-03-24 22:49:00+00:00,3014.5,3015.0,3014.39990234375,3014.699951171875,40.0
2025-03-24 22:50:00+00:00,3015.0,3015.199951171875,3014.10009765625,3014.60009765625,56.0
2025-03-24 22:51:00+00:00,3016.10009765625,3016.60009765625,3015.10009765625,3015.10009765625,348.0
2025-03-24 22:52:00+00:00,3015.699951171875,3016.10009765625,3015.699951171875,3016.0,21.0
2025-03-24 22:53:00+00:00,3015.89990234375,3015.89990234375,3015.60009765625,3015.699951171875,14.0
2025-03-24 22:54:00+00:00,3015.89990234375,3015.89990234375,3015.800048828125,3015.89990234375,17.0
2025-03-24 22:55:00+00:00,3015.699951171875,3015.699951171875,3015.699951171875,3015.699951171875,2.0
2025-03-24 22:56:00+00:00,3016.0,3016.10009765625,3015.800048828125,3015.800048828125,11.0
2025-03-24 22:57:00+00:00,3015.5,3015.699951171875,3015.5,3015.699951171875,8.0
2025-03-24 22:58:00+00:00,3015.5,3015.5,3015.39990234375,3015.5,5.0
2025-03-24 22:59:00+00:00,3015.699951171875,3015.89990234375,3015.5,3015.699951171875,17.0
2025-03-24 23:00:00+00:00,3015.800048828125,3016.0,3015.60009765625,3015.800048828125,14.0
2025-03-24 23:01:00+00:00,3015.800048828125,3015.89990234375,3015.60009765625,3015.60009765625,11.0
2025-03-24 23:02:00+00:00,3015.800048828125,3015.800048828125,3015.699951171875,3015.699951171875,7.0
2025-03-24 23:03:00+00:00,3015.800048828125,3015.800048828125,3015.800048828125,3015.800048828125,3.0
2025-03-24 23:04:00+00:00,3016.0,3016.199951171875,3016.0,3016.10009765625,29.0
2025-03-24 23:05:00+00:00,3016.199951171875,3016.199951171875,3016.10009765625,3016.10009765625,23.0
2025-03-24 23:06:00+00:00,3016.60009765625,3016.60009765625,3016.300048828125,3016.300048828125,51.0
2025-03-24 23:07:00+00:00,3016.199951171875,3016.60009765625,3016.0,3016.60009765625,59.0
2025-03-24 23:08:00+00:00,3016.300048828125,3016.60009765625,3016.300048828125,3016.300048828125,29.0
2025-03-24 23:09:00+00:00,3016.199951171875,3016.300048828125,3016.199951171875,3016.300048828125,5.0
2025-03-24 23:10:00+00:00,3016.10009765625,3016.10009765625,3016.0,3016.10009765625,5.0
2025-03-24 23:11:00+00:00,3016.10009765625,3016.199951171875,3016.0,3016.199951171875,19.0
2025-03-24 23:12:00+00:00,3015.800048828125,3016.0,3015.800048828125,3016.0,4.0
2025-03-24 23:13:00+00:00,3015.800048828125,3015.800048828125,3015.699951171875,3015.699951171875,3.0
2025-03-24 23:14:00+00:00,3015.800048828125,3015.800048828125,3015.699951171875,3015.699951171875,14.0
2025-03-24 23:15:00+00:00,3015.39990234375,3015.800048828125,3015.39990234375,3015.800048828125,8.0
2025-03-24 23:16:00+00:00,3015.5,3015.5,3015.300048828125,3015.39990234375,18.0
2025-03-24 23:17:00+00:00,3015.60009765625,3015.800048828125,3015.60009765625,3015.60009765625,8.0
2025-03-24 23:18:00+00:00,3015.300048828125,3015.5,3015.300048828125,3015.39990234375,8.0
2025-03-24 23:19:00+00:00,3015.0,3015.10009765625,3015.0,3015.10009765625,5.0
2025-03-24 23:20:00+00:00,3015.10009765625,3015.10009765625,3015.0,3015.10009765625,3.0
2025-03-24 23:21:00+00:00,3015.60009765625,3015.699951171875,3014.800048828125,3015.0,76.0
2025-03-24 23:22:00+00:00,3015.300048828125,3015.5,3015.199951171875,3015.5,53.0
2025-03-24 23:23:00+00:00,3015.39990234375,3015.60009765625,3015.199951171875,3015.300048828125,51.0
2025-03-24 23:24:00+00:00,3015.5,3015.699951171875,3015.199951171875,3015.5,39.0
2025-03-24 23:25:00+00:00,3015.10009765625,3015.39990234375,3014.800048828125,3015.39990234375,21.0
2025-03-24 23:26:00+00:00,3015.39990234375,3015.39990234375,3014.800048828125,3015.10009765625,67.0
2025-03-24 23:27:00+00:00,3015.699951171875,3015.800048828125,3015.39990234375,3015.39990234375,36.0
2025-03-24 23:28:00+00:00,3016.0,3016.0,3015.699951171875,3015.699951171875,78.0
2025-03-24 23:29:00+00:00,3015.800048828125,3016.0,3015.60009765625,3016.0,37.0
2025-03-24 23:30:00+00:00,3016.0,3016.0,3015.800048828125,3015.800048828125,10.0
2025-03-24 23:31:00+00:00,3015.60009765625,3016.0,3015.5,3016.0,216.0
2025-03-24 23:32:00+00:00,3015.699951171875,3015.89990234375,3015.0,3015.60009765625,98.0
2025-03-24 23:33:00+00:00,3015.5,3015.800048828125,3015.5,3015.699951171875,10.0
2025-03-24 23:34:00+00:00,3015.300048828125,3015.60009765625,3015.300048828125,3015.60009765625,9.0
2025-03-24 23:35:00+00:00,3015.300048828125,3015.300048828125,3015.300048828125,3015.300048828125,1.0
2025-03-24 23:36:00+00:00,3015.0,3015.300048828125,3014.89990234375,3015.199951171875,15.0
2025-03-24 23:37:00+00:00,3014.89990234375,3015.10009765625,3014.800048828125,3015.0,28.0
2025-03-24 23:38:00+00:00,3014.699951171875,3015.0,3014.60009765625,3015.0,26.0
2025-03-24 23:39:00+00:00,3014.800048828125,3014.800048828125,3014.5,3014.5,11.0
2025-03-24 23:40:00+00:00,3014.5,3014.89990234375,3014.5,3014.89990234375,11.0
2025-03-24 23:41:00+00:00,3014.39990234375,3014.39990234375,3014.300048828125,3014.39990234375,8.0
2025-03-24 23:42:00+00:00,3014.300048828125,3014.300048828125,3014.300048828125,3014.300048828125,2.0
2025-03-24 23:43:00+00:00,3014.300048828125,3014.300048828125,3013.800048828125,3014.10009765625,32.0
2025-03-24 23:44:00+00:00,3014.10009765625,3014.300048828125,3014.10009765625,3014.300048828125,7.0
2025-03-24 23:45:00+00:00,3014.89990234375,3014.89990234375,3013.89990234375,3014.0,36.0
2025-03-24 23:46:00+00:00,3014.89990234375,3015.10009765625,3014.699951171875,3014.89990234375,36.0
2025-03-24 23:47:00+00:00,3014.60009765625,3015.199951171875,3014.60009765625,3014.89990234375,29.0
2025-03-24 23:48:00+00:00,3014.699951171875,3014.699951171875,3014.5,3014.5,9.0
2025-03-24 23:49:00+00:00,3014.60009765625,3014.89990234375,3014.60009765625,3014.60009765625,391.0
2025-03-24 23:50:00+00:00,3014.39990234375,3014.89990234375,3014.39990234375,3014.60009765625,15.0
2025-03-24 23:51:00+00:00,3014.60009765625,3014.89990234375,3014.39990234375,3014.5,18.0
2025-03-24 23:52:00+00:00,3014.199951171875,3014.5,3014.199951171875,3014.5,14.0
2025-03-24 23:53:00+00:00,3014.5,3014.5,3014.199951171875,3014.199951171875,8.0
2025-03-24 23:54:00+00:00,3014.199951171875,3014.39990234375,3014.199951171875,3014.39990234375,7.0
2025-03-24 23:55:00+00:00,3014.39990234375,3014.60009765625,3014.300048828125,3014.300048828125,19.0
2025-03-24 23:56:00+00:00,3014.39990234375,3014.39990234375,3014.300048828125,3014.39990234375,10.0
2025-03-24 23:57:00+00:00,3014.39990234375,3014.39990234375,3014.199951171875,3014.39990234375,53.0
2025-03-24 23:58:00+00:00,3014.300048828125,3014.39990234375,3014.199951171875,3014.199951171875,14.0
2025-03-24 23:59:00+00:00,3014.39990234375,3014.39990234375,3014.300048828125,3014.39990234375,15.0
2025-03-25 00:00:00+00:00,3014.300048828125,3014.89990234375,3014.10009765625,3014.39990234375,50.0
2025-03-25 00:01:00+00:00,3014.10009765625,3014.199951171875,3013.699951171875,3014.10009765625,37.0
2025-03-25 00:02:00+00:00,3014.300048828125,3014.300048828125,3014.0,3014.10009765625,10.0
2025-03-25 00:03:00+00:00,3014.199951171875,3014.300048828125,3014.199951171875,3014.199951171875,3.0
2025-03-25 00:04:00+00:00,3014.10009765625,3014.10009765625,3014.10009765625,3014.10009765625,3.0
2025-03-25 00:05:00+00:00,3014.699951171875,3014.699951171875,3014.10009765625,3014.10009765625,16.0
2025-03-25 00:06:00+00:00,3015.10009765625,3015.10009765625,3014.699951171875,3014.800048828125,15.0
2025-03-25 00:07:00+00:00,3014.89990234375,3015.10009765625,3014.89990234375,3014.89990234375,16.0
2025-03-25 00:08:00+00:00,3014.60009765625,3015.0,3014.60009765625,3014.89990234375,9.0
2025-03-25 00:09:00+00:00,3015.300048828125,3015.39990234375,3014.800048828125,3014.800048828125,26.0
2025-03-25 00:10:00+00:00,3015.39990234375,3015.5,3015.199951171875,3015.199951171875,18.0
2025-03-25 00:11:00+00:00,3015.5,3015.60009765625,3015.199951171875,3015.300048828125,125.0
2025-03-25 00:12:00+00:00,3015.699951171875,3015.699951171875,3015.5,3015.5,22.0
2025-03-25 00:13:00+00:00,3015.800048828125,3016.0,3015.699951171875,3015.800048828125,22.0
2025-03-25 00:14:00+00:00,3015.5,3015.699951171875,3015.39990234375,3015.699951171875,24.0
2025-03-25 00:15:00+00:00,3015.10009765625,3015.699951171875,3015.10009765625,3015.60009765625,40.0
2025-03-25 00:16:00+00:00,3014.60009765625,3015.199951171875,3014.60009765625,3015.10009765625,46.0
2025-03-25 00:17:00+00:00,3015.0,3015.0,3014.300048828125,3014.39990234375,40.0
2025-03-25 00:18:00+00:00,3015.10009765625,3015.300048828125,3014.699951171875,3015.10009765625,44.0
2025-03-25 00:19:00+00:00,3015.300048828125,3015.300048828125,3015.10009765625,3015.199951171875,11.0
2025-03-25 00:20:00+00:00,3015.800048828125,3015.800048828125,3015.300048828125,3015.300048828125,28.0
2025-03-25 00:21:00+00:00,3015.800048828125,3016.0,3015.60009765625,3015.60009765625,42.0
2025-03-25 00:22:00+00:00,3015.89990234375,3016.0,3015.800048828125,3015.89990234375,58.0
2025-03-25 00:23:00+00:00,3015.89990234375,3016.0,3015.699951171875,3015.800048828125,124.0
2025-03-25 00:24:00+00:00,3015.60009765625,3015.800048828125,3015.60009765625,3015.800048828125,13.0
2025-03-25 00:25:00+00:00,3015.39990234375,3015.60009765625,3015.39990234375,3015.60009765625,6.0
2025-03-25 00:26:00+00:00,3015.10009765625,3015.39990234375,3015.10009765625,3015.300048828125,11.0
2025-03-25 00:27:00+00:00,3015.10009765625,3015.5,3015.0,3015.199951171875,56.0
2025-03-25 00:28:00+00:00,3015.10009765625,3015.300048828125,3015.10009765625,3015.10009765625,8.0
2025-03-25 00:29:00+00:00,3014.5,3014.89990234375,3014.39990234375,3014.89990234375,29.0
2025-03-25 00:30:00+00:00,3015.300048828125,3015.300048828125,3014.5,3014.5,48.0
2025-03-25 00:31:00+00:00,3015.699951171875,3015.699951171875,3015.0,3015.10009765625,27.0
2025-03-25 00:32:00+00:00,3015.89990234375,3015.89990234375,3015.699951171875,3015.800048828125,21.0
2025-03-25 00:33:00+00:00,3015.60009765625,3016.0,3015.5,3015.89990234375,55.0
2025-03-25 00:34:00+00:00,3015.699951171875,3016.0,3015.5,3015.699951171875,43.0
2025-03-25 00:35:00+00:00,3015.10009765625,3015.699951171875,3015.10009765625,3015.5,32.0
2025-03-25 00:36:00+00:00,3015.60009765625,3015.800048828125,3015.0,3015.0,54.0
2025-03-25 00:37:00+00:00,3015.60009765625,3015.800048828125,3015.39990234375,3015.39990234375,42.0
2025-03-25 00:38:00+00:00,3015.800048828125,3015.800048828125,3015.5,3015.60009765625,15.0
2025-03-25 00:39:00+00:00,3015.699951171875,3015.800048828125,3015.5,3015.699951171875,23.0
2025-03-25 00:40:00+00:00,3015.39990234375,3016.0,3015.39990234375,3015.60009765625,92.0
2025-03-25 00:41:00+00:00,3015.60009765625,3015.699951171875,3015.5,3015.5,16.0
2025-03-25 00:42:00+00:00,3015.10009765625,3015.60009765625,3015.0,3015.60009765625,44.0
2025-03-25 00:43:00+00:00,3015.199951171875,3015.199951171875,3015.0,3015.10009765625,14.0
2025-03-25 00:44:00+00:00,3015.199951171875,3015.300048828125,3015.199951171875,3015.199951171875,5.0
2025-03-25 00:45:00+00:00,3015.199951171875,3015.199951171875,3015.0,3015.0,8.0
2025-03-25 00:46:00+00:00,3015.39990234375,3015.39990234375,3015.10009765625,3015.10009765625,9.0
2025-03-25 00:47:00+00:00,3015.89990234375,3016.0,3015.39990234375,3015.39990234375,15.0
2025-03-25 00:48:00+00:00,3015.699951171875,3015.89990234375,3015.699951171875,3015.89990234375,22.0
2025-03-25 00:49:00+00:00,3015.89990234375,3016.0,3015.800048828125,3015.800048828125,6.0
2025-03-25 00:50:00+00:00,3017.10009765625,3017.300048828125,3015.800048828125,3015.89990234375,187.0
2025-03-25 00:51:00+00:00,3018.0,3018.0,3016.699951171875,3017.0,116.0
2025-03-25 00:52:00+00:00,3018.39990234375,3018.800048828125,3017.800048828125,3018.0,117.0
2025-03-25 00:53:00+00:00,3018.89990234375,3019.39990234375,3018.5,3018.5,155.0
2025-03-25 00:54:00+00:00,3019.0,3019.300048828125,3018.89990234375,3018.89990234375,23.0
2025-03-25 00:55:00+00:00,3019.0,3019.10009765625,3018.699951171875,3019.0,27.0
2025-03-25 00:56:00+00:00,3018.60009765625,3019.0,3018.39990234375,3019.0,29.0
2025-03-25 00:57:00+00:00,3018.60009765625,3018.89990234375,3018.5,3018.60009765625,23.0
2025-03-25 00:58:00+00:00,3018.39990234375,3018.800048828125,3018.300048828125,3018.60009765625,61.0
2025-03-25 00:59:00+00:00,3018.60009765625,3018.89990234375,3018.10009765625,3018.39990234375,69.0
2025-03-25 01:00:00+00:00,3017.39990234375,3019.0,3017.10009765625,3018.800048828125,231.0
2025-03-25 01:01:00+00:00,3018.199951171875,3018.300048828125,3017.199951171875,3017.5,36.0
2025-03-25 01:02:00+00:00,3018.39990234375,3018.89990234375,3018.10009765625,3018.199951171875,55.0
2025-03-25 01:03:00+00:00,3018.60009765625,3018.699951171875,3018.0,3018.5,71.0
2025-03-25 01:04:00+00:00,3018.300048828125,3018.5,3017.89990234375,3018.5,19.0
2025-03-25 01:05:00+00:00,3018.0,3018.39990234375,3018.0,3018.39990234375,29.0
2025-03-25 01:06:00+00:00,3018.10009765625,3018.300048828125,3017.89990234375,3018.10009765625,40.0
2025-03-25 01:07:00+00:00,3018.300048828125,3018.89990234375,3018.0,3018.0,41.0
2025-03-25 01:08:00+00:00,3018.39990234375,3018.699951171875,3018.300048828125,3018.300048828125,22.0
2025-03-25 01:09:00+00:00,3017.89990234375,3018.39990234375,3017.5,3018.300048828125,35.0
2025-03-25 01:10:00+00:00,3017.5,3017.699951171875,3016.800048828125,3017.699951171875,89.0
2025-03-25 01:11:00+00:00,3017.300048828125,3017.800048828125,3017.300048828125,3017.60009765625,29.0
2025-03-25 01:12:00+00:00,3017.89990234375,3017.89990234375,3017.199951171875,3017.199951171875,69.0
2025-03-25 01:13:00+00:00,3017.39990234375,3017.800048828125,3017.39990234375,3017.699951171875,28.0
2025-03-25 01:14:00+00:00,3017.10009765625,3017.5,3017.10009765625,3017.5,29.0
2025-03-25 01:15:00+00:00,3016.89990234375,3017.199951171875,3016.800048828125,3017.199951171875,21.0
2025-03-25 01:16:00+00:00,3017.300048828125,3017.699951171875,3017.10009765625,3017.199951171875,32.0
2025-03-25 01:17:00+00:00,3016.800048828125,3017.39990234375,3016.60009765625,3017.39990234375,32.0
2025-03-25 01:18:00+00:00,3016.5,3016.800048828125,3015.89990234375,3016.800048828125,87.0
2025-03-25 01:19:00+00:00,3016.300048828125,3016.699951171875,3016.199951171875,3016.39990234375,24.0
2025-03-25 01:20:00+00:00,3015.699951171875,3016.60009765625,3015.699951171875,3016.5,35.0
2025-03-25 01:21:00+00:00,3015.800048828125,3015.89990234375,3015.5,3015.699951171875,26.0
2025-03-25 01:22:00+00:00,3015.5,3015.699951171875,3015.10009765625,3015.699951171875,69.0
2025-03-25 01:23:00+00:00,3016.39990234375,3016.60009765625,3015.60009765625,3015.60009765625,66.0
2025-03-25 01:24:00+00:00,3015.89990234375,3016.39990234375,3015.800048828125,3016.199951171875,53.0
2025-03-25 01:25:00+00:00,3015.60009765625,3015.89990234375,3015.300048828125,3015.89990234375,46.0
2025-03-25 01:26:00+00:00,3016.199951171875,3016.699951171875,3015.699951171875,3015.699951171875,72.0
2025-03-25 01:27:00+00:00,3016.5,3016.60009765625,3016.199951171875,3016.39990234375,51.0
2025-03-25 01:28:00+00:00,3016.800048828125,3017.199951171875,3016.5,3016.5,85.0
2025-03-25 01:29:00+00:00,3016.60009765625,3017.199951171875,3016.60009765625,3016.699951171875,29.0
2025-03-25 01:30:00+00:00,3017.199951171875,3017.199951171875,3016.800048828125,3016.800048828125,28.0
2025-03-25 01:31:00+00:00,3017.0,3017.39990234375,3017.0,3017.39990234375,27.0
2025-03-25 01:32:00+00:00,3017.5,3017.699951171875,3016.89990234375,3017.0,58.0
2025-03-25 01:33:00+00:00,3017.5,3017.800048828125,3017.5,3017.5,21.0
2025-03-25 01:34:00+00:00,3017.89990234375,3018.10009765625,3017.199951171875,3017.39990234375,61.0
2025-03-25 01:35:00+00:00,3016.89990234375,3018.10009765625,3016.800048828125,3018.0,46.0
2025-03-25 01:36:00+00:00,3017.199951171875,3017.39990234375,3017.0,3017.10009765625,17.0
2025-03-25 01:37:00+00:00,3017.60009765625,3017.800048828125,3017.300048828125,3017.300048828125,35.0
2025-03-25 01:38:00+00:00,3017.699951171875,3017.89990234375,3017.60009765625,3017.60009765625,11.0
2025-03-25 01:39:00+00:00,3018.10009765625,3018.39990234375,3017.699951171875,3017.800048828125,87.0
2025-03-25 01:40:00+00:00,3017.5,3018.0,3017.300048828125,3018.0,24.0
2025-03-25 01:41:00+00:00,3017.199951171875,3017.60009765625,3017.10009765625,3017.60009765625,31.0
2025-03-25 01:42:00+00:00,3017.60009765625,3017.60009765625,3017.10009765625,3017.10009765625,29.0
2025-03-25 01:43:00+00:00,3018.39990234375,3018.39990234375,3017.800048828125,3017.800048828125,14.0
2025-03-25 01:44:00+00:00,3018.5,3018.699951171875,3017.89990234375,3018.10009765625,63.0
2025-03-25 01:45:00+00:00,3018.39990234375,3018.60009765625,3018.300048828125,3018.39990234375,38.0
2025-03-25 01:46:00+00:00,3017.800048828125,3018.800048828125,3017.800048828125,3018.39990234375,77.0
2025-03-25 01:47:00+00:00,3017.0,3018.0,3017.0,3017.800048828125,80.0
2025-03-25 01:48:00+00:00,3017.300048828125,3017.699951171875,3017.0,3017.0,251.0
2025-03-25 01:49:00+00:00,3017.0,3017.5,3016.800048828125,3017.300048828125,102.0
2025-03-25 01:50:00+00:00,3017.10009765625,3017.60009765625,3017.0,3017.199951171875,155.0
2025-03-25 01:51:00+00:00,3017.0,3017.10009765625,3016.89990234375,3017.0,61.0
2025-03-25 01:52:00+00:00,3016.800048828125,3017.199951171875,3016.60009765625,3017.199951171875,15.0
2025-03-25 01:53:00+00:00,3017.300048828125,3017.300048828125,3016.800048828125,3016.800048828125,28.0
2025-03-25 01:54:00+00:00,3016.699951171875,3017.300048828125,3016.699951171875,3017.300048828125,32.0
2025-03-25 01:55:00+00:00,3016.300048828125,3016.60009765625,3016.300048828125,3016.60009765625,36.0
2025-03-25 01:56:00+00:00,3015.60009765625,3016.199951171875,3015.5,3016.199951171875,70.0
2025-03-25 01:57:00+00:00,3015.800048828125,3016.0,3015.5,3015.60009765625,50.0
2025-03-25 01:58:00+00:00,3016.0,3016.0,3015.39990234375,3015.699951171875,75.0
2025-03-25 01:59:00+00:00,3015.89990234375,3015.89990234375,3015.60009765625,3015.699951171875,22.0
2025-03-25 02:00:00+00:00,3015.10009765625,3015.89990234375,3014.89990234375,3015.89990234375,70.0
2025-03-25 02:01:00+00:00,3015.199951171875,3015.5,3015.0,3015.199951171875,31.0
2025-03-25 02:02:00+00:00,3015.0,3015.39990234375,3014.89990234375,3015.300048828125,41.0
2025-03-25 02:03:00+00:00,3014.800048828125,3015.699951171875,3014.800048828125,3015.199951171875,51.0
2025-03-25 02:04:00+00:00,3014.5,3014.89990234375,3014.199951171875,3014.89990234375,82.0
2025-03-25 02:05:00+00:00,3014.800048828125,3014.89990234375,3014.5,3014.5,59.0
2025-03-25 02:06:00+00:00,3014.60009765625,3015.10009765625,3014.60009765625,3014.60009765625,36.0
2025-03-25 02:07:00+00:00,3014.800048828125,3014.800048828125,3014.199951171875,3014.5,85.0
2025-03-25 02:08:00+00:00,3013.89990234375,3014.699951171875,3013.800048828125,3014.699951171875,59.0
2025-03-25 02:09:00+00:00,3014.699951171875,3014.800048828125,3013.199951171875,3013.89990234375,155.0
2025-03-25 02:10:00+00:00,3014.10009765625,3014.800048828125,3013.89990234375,3014.60009765625,89.0
2025-03-25 02:11:00+00:00,3014.699951171875,3015.0,3014.199951171875,3014.199951171875,67.0
2025-03-25 02:12:00+00:00,3015.800048828125,3016.0,3014.699951171875,3014.699951171875,89.0
2025-03-25 02:13:00+00:00,3015.5,3016.199951171875,3015.5,3015.699951171875,72.0
2025-03-25 02:14:00+00:00,3015.699951171875,3015.800048828125,3015.5,3015.60009765625,49.0
2025-03-25 02:15:00+00:00,3016.10009765625,3016.10009765625,3015.39990234375,3015.699951171875,16.0
2025-03-25 02:16:00+00:00,3016.10009765625,3016.199951171875,3015.60009765625,3016.0,37.0
2025-03-25 02:17:00+00:00,3016.10009765625,3016.10009765625,3015.89990234375,3016.0,14.0
2025-03-25 02:18:00+00:00,3016.0,3016.0,3015.60009765625,3015.89990234375,21.0
2025-03-25 02:19:00+00:00,3016.10009765625,3016.5,3016.0,3016.0,45.0
2025-03-25 02:20:00+00:00,3015.89990234375,3016.5,3015.89990234375,3016.0,51.0
2025-03-25 02:21:00+00:00,3016.300048828125,3016.300048828125,3015.60009765625,3015.89990234375,31.0
2025-03-25 02:22:00+00:00,3015.89990234375,3016.5,3015.89990234375,3016.199951171875,24.0
2025-03-25 02:23:00+00:00,3015.39990234375,3015.89990234375,3015.39990234375,3015.800048828125,16.0
2025-03-25 02:24:00+00:00,3014.699951171875,3015.300048828125,3014.699951171875,3015.300048828125,71.0
2025-03-25 02:25:00+00:00,3014.60009765625,3014.89990234375,3014.60009765625,3014.800048828125,16.0
2025-03-25 02:26:00+00:00,3014.199951171875,3014.60009765625,3014.10009765625,3014.60009765625,81.0
2025-03-25 02:27:00+00:00,3014.0,3014.300048828125,3014.0,3014.300048828125,11.0
2025-03-25 02:28:00+00:00,3013.800048828125,3014.199951171875,3013.800048828125,3014.0,27.0
2025-03-25 02:29:00+00:00,3014.10009765625,3014.199951171875,3013.89990234375,3013.89990234375,33.0
2025-03-25 02:30:00+00:00,3014.300048828125,3014.39990234375,3013.699951171875,3014.10009765625,123.0
2025-03-25 02:31:00+00:00,3014.300048828125,3014.5,3014.10009765625,3014.300048828125,40.0
2025-03-25 02:32:00+00:00,3014.199951171875,3014.300048828125,3014.10009765625,3014.300048828125,20.0
2025-03-25 02:33:00+00:00,3014.39990234375,3014.39990234375,3013.89990234375,3014.199951171875,60.0
2025-03-25 02:34:00+00:00,3014.39990234375,3014.39990234375,3014.0,3014.300048828125,56.0
2025-03-25 02:35:00+00:00,3014.60009765625,3014.800048828125,3014.300048828125,3014.5,45.0
2025-03-25 02:36:00+00:00,3015.39990234375,3015.60009765625,3014.5,3014.699951171875,62.0
2025-03-25 02:37:00+00:00,3014.699951171875,3015.300048828125,3014.699951171875,3015.300048828125,84.0
2025-03-25 02:38:00+00:00,3014.300048828125,3014.699951171875,3014.300048828125,3014.60009765625,22.0
2025-03-25 02:39:00+00:00,3014.699951171875,3015.0,3014.300048828125,3014.39990234375,67.0
2025-03-25 02:40:00+00:00,3013.800048828125,3014.800048828125,3013.800048828125,3014.800048828125,31.0
2025-03-25 02:41:00+00:00,3014.0,3014.10009765625,3013.699951171875,3013.699951171875,56.0
2025-03-25 02:42:00+00:00,3013.5,3013.699951171875,3013.10009765625,3013.699951171875,85.0
2025-03-25 02:43:00+00:00,3014.300048828125,3014.300048828125,3013.5,3013.5,34.0
2025-03-25 02:44:00+00:00,3014.300048828125,3014.60009765625,3014.10009765625,3014.10009765625,46.0
2025-03-25 02:45:00+00:00,3014.5,3014.89990234375,3014.10009765625,3014.199951171875,67.0
2025-03-25 02:46:00+00:00,3014.10009765625,3014.60009765625,3014.10009765625,3014.60009765625,122.0
2025-03-25 02:47:00+00:00,3013.300048828125,3014.10009765625,3013.10009765625,3014.0,104.0
2025-03-25 02:48:00+00:00,3012.300048828125,3013.199951171875,3012.300048828125,3013.10009765625,180.0
2025-03-25 02:49:00+00:00,3012.199951171875,3012.5,3011.89990234375,3012.5,168.0
2025-03-25 02:50:00+00:00,3012.699951171875,3012.699951171875,3011.800048828125,3012.10009765625,55.0
2025-03-25 02:51:00+00:00,3012.5,3012.60009765625,3012.199951171875,3012.60009765625,19.0
2025-03-25 02:52:00+00:00,3011.60009765625,3012.60009765625,3010.800048828125,3012.5,193.0
2025-03-25 02:53:00+00:00,3011.89990234375,3012.199951171875,3011.39990234375,3011.39990234375,60.0
2025-03-25 02:54:00+00:00,3012.39990234375,3012.60009765625,3011.800048828125,3011.800048828125,48.0
2025-03-25 02:55:00+00:00,3012.199951171875,3012.699951171875,3012.0,3012.39990234375,48.0
2025-03-25 02:56:00+00:00,3012.60009765625,3012.89990234375,3012.199951171875,3012.199951171875,30.0
2025-03-25 02:57:00+00:00,3012.699951171875,3013.10009765625,3012.60009765625,3012.800048828125,143.0
2025-03-25 02:58:00+00:00,3012.60009765625,3012.699951171875,3012.300048828125,3012.60009765625,18.0
2025-03-25 02:59:00+00:00,3012.800048828125,3012.800048828125,3012.39990234375,3012.699951171875,27.0
2025-03-25 03:00:00+00:00,3013.300048828125,3013.300048828125,3012.60009765625,3012.89990234375,46.0
2025-03-25 03:01:00+00:00,3013.39990234375,3013.39990234375,3012.800048828125,3013.300048828125,33.0
2025-03-25 03:02:00+00:00,3013.199951171875,3013.39990234375,3013.0,3013.199951171875,53.0
2025-03-25 03:03:00+00:00,3012.800048828125,3013.300048828125,3012.5,3013.199951171875,23.0
2025-03-25 03:04:00+00:00,3013.800048828125,3013.800048828125,3012.60009765625,3012.699951171875,100.0
2025-03-25 03:05:00+00:00,3013.699951171875,3014.199951171875,3013.60009765625,3013.699951171875,52.0
2025-03-25 03:06:00+00:00,3013.89990234375,3014.300048828125,3013.800048828125,3013.800048828125,29.0
2025-03-25 03:07:00+00:00,3014.199951171875,3014.199951171875,3014.0,3014.0,9.0
2025-03-25 03:08:00+00:00,3015.39990234375,3015.5,3014.300048828125,3014.300048828125,150.0
2025-03-25 03:09:00+00:00,3015.39990234375,3015.699951171875,3015.199951171875,3015.39990234375,47.0
2025-03-25 03:10:00+00:00,3015.10009765625,3015.699951171875,3014.89990234375,3015.39990234375,123.0
2025-03-25 03:11:00+00:00,3015.800048828125,3016.0,3015.199951171875,3015.199951171875,107.0
2025-03-25 03:12:00+00:00,3016.199951171875,3016.5,3015.800048828125,3015.89990234375,74.0
2025-03-25 03:13:00+00:00,3016.199951171875,3016.5,3016.10009765625,3016.199951171875,52.0
2025-03-25 03:14:00+00:00,3016.5,3016.699951171875,3016.300048828125,3016.300048828125,43.0
2025-03-25 03:15:00+00:00,3016.89990234375,3016.89990234375,3016.39990234375,3016.39990234375,37.0
2025-03-25 03:16:00+00:00,3016.5,3016.89990234375,3016.39990234375,3016.89990234375,30.0
2025-03-25 03:17:00+00:00,3016.699951171875,3016.699951171875,3016.300048828125,3016.5,44.0
2025-03-25 03:18:00+00:00,3017.0,3017.10009765625,3016.39990234375,3016.5,54.0
2025-03-25 03:19:00+00:00,3017.39990234375,3017.5,3017.0,3017.0,114.0
2025-03-25 03:20:00+00:00,3017.800048828125,3017.89990234375,3017.300048828125,3017.300048828125,69.0
2025-03-25 03:21:00+00:00,3018.300048828125,3018.39990234375,3017.800048828125,3018.0,94.0
2025-03-25 03:22:00+00:00,3018.39990234375,3018.699951171875,3018.0,3018.10009765625,86.0
2025-03-25 03:23:00+00:00,3018.5,3018.60009765625,3018.10009765625,3018.5,45.0
2025-03-25 03:24:00+00:00,3018.39990234375,3018.60009765625,3018.199951171875,3018.5,55.0
2025-03-25 03:25:00+00:00,3018.39990234375,3018.5,3017.800048828125,3018.300048828125,68.0
2025-03-25 03:26:00+00:00,3018.300048828125,3018.699951171875,3018.10009765625,3018.39990234375,51.0
2025-03-25 03:27:00+00:00,3018.39990234375,3018.60009765625,3018.300048828125,3018.300048828125,41.0
2025-03-25 03:28:00+00:00,3018.199951171875,3018.5,3018.199951171875,3018.300048828125,19.0
2025-03-25 03:29:00+00:00,3018.300048828125,3018.5,3018.300048828125,3018.300048828125,19.0
2025-03-25 03:30:00+00:00,3018.39990234375,3018.39990234375,3018.10009765625,3018.199951171875,18.0
2025-03-25 03:31:00+00:00,3018.60009765625,3018.60009765625,3018.39990234375,3018.39990234375,55.0
2025-03-25 03:32:00+00:00,3019.199951171875,3019.5,3018.60009765625,3018.60009765625,138.0
2025-03-25 03:33:00+00:00,3019.0,3019.5,3019.0,3019.300048828125,46.0
2025-03-25 03:34:00+00:00,3018.60009765625,3019.199951171875,3018.60009765625,3018.89990234375,28.0
2025-03-25 03:35:00+00:00,3018.89990234375,3019.0,3018.39990234375,3018.5,45.0
2025-03-25 03:36:00+00:00,3019.0,3019.0,3018.800048828125,3018.800048828125,10.0
2025-03-25 03:37:00+00:00,3018.89990234375,3019.10009765625,3018.89990234375,3019.0,10.0
2025-03-25 03:38:00+00:00,3018.89990234375,3019.0,3018.699951171875,3018.89990234375,8.0
2025-03-25 03:39:00+00:00,3019.10009765625,3019.10009765625,3018.699951171875,3018.800048828125,11.0
2025-03-25 03:40:00+00:00,3019.199951171875,3019.199951171875,3018.800048828125,3019.0,21.0
2025-03-25 03:41:00+00:00,3019.300048828125,3019.60009765625,3019.10009765625,3019.199951171875,67.0
2025-03-25 03:42:00+00:00,3019.39990234375,3019.89990234375,3019.300048828125,3019.300048828125,113.0
2025-03-25 03:43:00+00:00,3019.199951171875,3019.800048828125,3019.10009765625,3019.300048828125,89.0
2025-03-25 03:44:00+00:00,3019.60009765625,3019.60009765625,3019.300048828125,3019.300048828125,49.0
2025-03-25 03:45:00+00:00,3019.300048828125,3019.60009765625,3019.10009765625,3019.60009765625,37.0
2025-03-25 03:46:00+00:00,3018.800048828125,3019.300048828125,3018.699951171875,3019.300048828125,45.0
2025-03-25 03:47:00+00:00,3018.89990234375,3019.0,3018.800048828125,3018.800048828125,10.0
2025-03-25 03:48:00+00:00,3018.89990234375,3019.10009765625,3018.699951171875,3018.800048828125,18.0
2025-03-25 03:49:00+00:00,3018.60009765625,3018.89990234375,3018.60009765625,3018.89990234375,35.0
2025-03-25 03:50:00+00:00,3018.699951171875,3018.89990234375,3018.60009765625,3018.89990234375,19.0
2025-03-25 03:51:00+00:00,3018.800048828125,3018.89990234375,3018.699951171875,3018.89990234375,29.0
2025-03-25 03:52:00+00:00,3019.10009765625,3019.10009765625,3018.699951171875,3018.800048828125,24.0
2025-03-25 03:53:00+00:00,3019.10009765625,3019.199951171875,3019.0,3019.10009765625,18.0
2025-03-25 03:54:00+00:00,3019.0,3019.10009765625,3018.89990234375,3019.0,14.0
2025-03-25 03:55:00+00:00,3019.199951171875,3019.199951171875,3019.0,3019.10009765625,30.0
2025-03-25 03:56:00+00:00,3019.199951171875,3019.60009765625,3019.199951171875,3019.199951171875,53.0
2025-03-25 03:57:00+00:00,3019.5,3019.60009765625,3019.300048828125,3019.300048828125,24.0
2025-03-25 03:58:00+00:00,3018.89990234375,3019.10009765625,3018.89990234375,3019.10009765625,24.0
2025-03-25 04:00:00+00:00,3018.5,3019.10009765625,3018.39990234375,3019.0,62.0
2025-03-25 04:01:00+00:00,3019.300048828125,3019.300048828125,3018.5,3018.60009765625,36.0
2025-03-25 04:02:00+00:00,3018.800048828125,3019.39990234375,3018.699951171875,3019.300048828125,44.0
2025-03-25 04:03:00+00:00,3018.699951171875,3018.89990234375,3018.60009765625,3018.699951171875,23.0
2025-03-25 04:04:00+00:00,3018.5,3018.800048828125,3018.5,3018.800048828125,36.0
2025-03-25 04:05:00+00:00,3019.0,3019.0,3018.199951171875,3018.60009765625,47.0
2025-03-25 04:06:00+00:00,3019.39990234375,3019.5,3018.800048828125,3018.89990234375,39.0
2025-03-25 04:07:00+00:00,3019.300048828125,3019.39990234375,3019.300048828125,3019.39990234375,18.0
2025-03-25 04:08:00+00:00,3020.0,3020.10009765625,3019.10009765625,3019.199951171875,100.0
2025-03-25 04:09:00+00:00,3019.5,3019.89990234375,3019.5,3019.800048828125,27.0
2025-03-25 04:10:00+00:00,3019.199951171875,3019.60009765625,3019.199951171875,3019.300048828125,36.0
2025-03-25 04:11:00+00:00,3019.5,3019.800048828125,3019.199951171875,3019.300048828125,30.0
2025-03-25 04:12:00+00:00,3019.5,3019.5,3019.300048828125,3019.39990234375,16.0
2025-03-25 04:13:00+00:00,3019.60009765625,3019.60009765625,3019.300048828125,3019.5,7.0
2025-03-25 04:14:00+00:00,3019.39990234375,3019.699951171875,3019.39990234375,3019.699951171875,26.0
2025-03-25 04:15:00+00:00,3019.10009765625,3019.39990234375,3019.10009765625,3019.39990234375,23.0
2025-03-25 04:16:00+00:00,3019.10009765625,3019.300048828125,3018.89990234375,3018.89990234375,20.0
2025-03-25 04:17:00+00:00,3018.800048828125,3019.10009765625,3018.60009765625,3019.10009765625,60.0
2025-03-25 04:18:00+00:00,3018.89990234375,3018.89990234375,3018.60009765625,3018.699951171875,37.0
2025-03-25 04:19:00+00:00,3019.0,3019.10009765625,3018.89990234375,3018.89990234375,21.0
2025-03-25 04:20:00+00:00,3018.89990234375,3019.199951171875,3018.89990234375,3019.10009765625,14.0
2025-03-25 04:21:00+00:00,3019.300048828125,3019.300048828125,3018.699951171875,3018.800048828125,20.0
2025-03-25 04:22:00+00:00,3019.0,3019.10009765625,3018.89990234375,3019.10009765625,10.0
2025-03-25 04:23:00+00:00,3019.10009765625,3019.10009765625,3019.10009765625,3019.10009765625,2.0
2025-03-25 04:24:00+00:00,3019.699951171875,3019.800048828125,3019.199951171875,3019.199951171875,20.0
2025-03-25 04:25:00+00:00,3019.60009765625,3019.699951171875,3019.5,3019.699951171875,8.0
2025-03-25 04:26:00+00:00,3019.800048828125,3019.800048828125,3019.5,3019.60009765625,15.0
2025-03-25 04:27:00+00:00,3019.60009765625,3019.699951171875,3019.5,3019.60009765625,19.0
2025-03-25 04:28:00+00:00,3019.5,3019.699951171875,3019.39990234375,3019.699951171875,13.0
2025-03-25 04:29:00+00:00,3019.60009765625,3019.60009765625,3019.60009765625,3019.60009765625,3.0
2025-03-25 04:30:00+00:00,3020.0,3020.0,3019.699951171875,3019.699951171875,30.0
2025-03-25 04:31:00+00:00,3020.0,3020.300048828125,3019.89990234375,3020.10009765625,33.0
2025-03-25 04:32:00+00:00,3020.0,3020.0,3019.89990234375,3020.0,8.0
2025-03-25 04:33:00+00:00,3019.89990234375,3020.0,3019.89990234375,3020.0,8.0
2025-03-25 04:34:00+00:00,3019.89990234375,3020.0,3019.800048828125,3019.800048828125,9.0
2025-03-25 04:35:00+00:00,3020.300048828125,3020.300048828125,3019.89990234375,3019.89990234375,18.0
2025-03-25 04:36:00+00:00,3020.300048828125,3020.699951171875,3020.199951171875,3020.39990234375,51.0
2025-03-25 04:37:00+00:00,3020.39990234375,3020.5,3019.89990234375,3020.300048828125,31.0
2025-03-25 04:38:00+00:00,3020.5,3020.60009765625,3020.300048828125,3020.300048828125,14.0
2025-03-25 04:39:00+00:00,3020.199951171875,3020.39990234375,3020.10009765625,3020.39990234375,9.0
2025-03-25 04:40:00+00:00,3020.300048828125,3020.300048828125,3020.10009765625,3020.199951171875,11.0
2025-03-25 04:41:00+00:00,3020.0,3020.39990234375,3019.89990234375,3020.300048828125,11.0
2025-03-25 04:42:00+00:00,3019.800048828125,3019.89990234375,3019.699951171875,3019.699951171875,14.0
2025-03-25 04:43:00+00:00,3019.699951171875,3019.699951171875,3019.699951171875,3019.699951171875,2.0
2025-03-25 04:44:00+00:00,3019.5,3019.800048828125,3019.300048828125,3019.699951171875,47.0
2025-03-25 04:45:00+00:00,3019.60009765625,3019.60009765625,3019.39990234375,3019.39990234375,19.0
2025-03-25 04:46:00+00:00,3020.10009765625,3020.10009765625,3019.699951171875,3019.699951171875,22.0
2025-03-25 04:47:00+00:00,3020.10009765625,3020.10009765625,3019.89990234375,3019.89990234375,6.0
2025-03-25 04:48:00+00:00,3020.10009765625,3020.10009765625,3020.0,3020.0,4.0
2025-03-25 04:49:00+00:00,3019.89990234375,3020.10009765625,3019.89990234375,3020.10009765625,18.0
2025-03-25 04:50:00+00:00,3020.10009765625,3020.10009765625,3019.800048828125,3019.800048828125,8.0
2025-03-25 04:51:00+00:00,3020.0,3020.10009765625,3020.0,3020.10009765625,14.0
2025-03-25 04:52:00+00:00,3020.39990234375,3020.5,3020.10009765625,3020.10009765625,23.0
2025-03-25 04:53:00+00:00,3020.300048828125,3020.5,3020.300048828125,3020.5,14.0
2025-03-25 04:54:00+00:00,3020.10009765625,3020.199951171875,3020.0,3020.199951171875,271.0
2025-03-25 04:55:00+00:00,3020.5,3020.60009765625,3020.39990234375,3020.5,9.0
2025-03-25 04:56:00+00:00,3019.699951171875,3020.5,3019.699951171875,3020.5,27.0
2025-03-25 04:57:00+00:00,3019.800048828125,3020.0,3019.60009765625,3019.800048828125,16.0
2025-03-25 04:58:00+00:00,3019.800048828125,3020.0,3019.60009765625,3019.800048828125,19.0
2025-03-25 04:59:00+00:00,3019.800048828125,3020.0,3019.5,3020.0,30.0
2025-03-25 05:00:00+00:00,3019.300048828125,3019.800048828125,3019.10009765625,3019.800048828125,57.0
2025-03-25 05:01:00+00:00,3019.199951171875,3019.5,3019.0,3019.5,52.0
2025-03-25 05:02:00+00:00,3019.300048828125,3019.699951171875,3019.0,3019.10009765625,46.0
2025-03-25 05:03:00+00:00,3019.89990234375,3019.89990234375,3018.800048828125,3019.10009765625,140.0
2025-03-25 05:04:00+00:00,3021.5,3021.5,3019.800048828125,3019.800048828125,173.0
2025-03-25 05:05:00+00:00,3021.300048828125,3021.5,3021.10009765625,3021.5,68.0
2025-03-25 05:06:00+00:00,3021.199951171875,3021.5,3021.199951171875,3021.300048828125,11.0
2025-03-25 05:07:00+00:00,3021.5,3021.60009765625,3021.10009765625,3021.199951171875,50.0
2025-03-25 05:08:00+00:00,3021.60009765625,3021.800048828125,3021.39990234375,3021.60009765625,34.0
2025-03-25 05:09:00+00:00,3021.89990234375,3021.89990234375,3021.5,3021.60009765625,79.0
2025-03-25 05:10:00+00:00,3022.60009765625,3022.800048828125,3021.699951171875,3021.89990234375,151.0
2025-03-25 05:11:00+00:00,3022.5,3022.800048828125,3022.300048828125,3022.699951171875,36.0
2025-03-25 05:12:00+00:00,3022.699951171875,3023.5,3022.60009765625,3022.60009765625,146.0
2025-03-25 05:13:00+00:00,3022.60009765625,3022.89990234375,3022.300048828125,3022.699951171875,141.0
2025-03-25 05:14:00+00:00,3023.0,3023.199951171875,3022.199951171875,3022.39990234375,212.0
2025-03-25 05:15:00+00:00,3022.800048828125,3023.60009765625,3022.800048828125,3023.0,54.0
2025-03-25 05:16:00+00:00,3022.699951171875,3023.10009765625,3022.699951171875,3022.800048828125,159.0
2025-03-25 05:17:00+00:00,3022.300048828125,3022.800048828125,3022.300048828125,3022.800048828125,54.0
2025-03-25 05:18:00+00:00,3022.60009765625,3022.699951171875,3022.5,3022.5,28.0
2025-03-25 05:19:00+00:00,3022.60009765625,3022.800048828125,3022.5,3022.5,29.0
2025-03-25 05:20:00+00:00,3022.699951171875,3023.300048828125,3022.699951171875,3022.800048828125,51.0
2025-03-25 05:21:00+00:00,3022.89990234375,3022.89990234375,3022.39990234375,3022.5,31.0
2025-03-25 05:22:00+00:00,3023.300048828125,3023.60009765625,3023.0,3023.0,24.0
2025-03-25 05:23:00+00:00,3024.10009765625,3024.5,3023.5,3023.5,132.0
2025-03-25 05:24:00+00:00,3024.300048828125,3024.39990234375,3024.199951171875,3024.300048828125,40.0
2025-03-25 05:25:00+00:00,3024.699951171875,3024.800048828125,3024.199951171875,3024.300048828125,93.0
2025-03-25 05:26:00+00:00,3024.39990234375,3024.89990234375,3024.199951171875,3024.5,97.0
2025-03-25 05:27:00+00:00,3024.300048828125,3024.5,3024.10009765625,3024.39990234375,95.0
2025-03-25 05:28:00+00:00,3024.699951171875,3024.800048828125,3024.39990234375,3024.39990234375,42.0
2025-03-25 05:29:00+00:00,3024.699951171875,3025.39990234375,3024.300048828125,3024.800048828125,149.0
2025-03-25 05:30:00+00:00,3023.5,3024.699951171875,3023.39990234375,3024.5,181.0
2025-03-25 05:31:00+00:00,3023.699951171875,3023.800048828125,3023.0,3023.5,92.0
2025-03-25 05:32:00+00:00,3023.699951171875,3023.699951171875,3023.300048828125,3023.60009765625,41.0
2025-03-25 05:33:00+00:00,3023.199951171875,3024.0,3023.0,3023.800048828125,69.0
2025-03-25 05:34:00+00:00,3023.199951171875,3023.39990234375,3023.0,3023.199951171875,35.0
2025-03-25 05:35:00+00:00,3023.300048828125,3023.60009765625,3023.10009765625,3023.300048828125,67.0
2025-03-25 05:36:00+00:00,3023.39990234375,3023.5,3023.10009765625,3023.39990234375,33.0
2025-03-25 05:37:00+00:00,3023.800048828125,3024.0,3023.5,3023.5,18.0
2025-03-25 05:38:00+00:00,3023.300048828125,3023.60009765625,3023.199951171875,3023.5,41.0
2025-03-25 05:39:00+00:00,3023.10009765625,3023.39990234375,3023.10009765625,3023.300048828125,51.0
2025-03-25 05:40:00+00:00,3022.5,3023.10009765625,3022.5,3023.10009765625,61.0
2025-03-25 05:41:00+00:00,3022.89990234375,3023.10009765625,3022.199951171875,3022.39990234375,57.0
2025-03-25 05:42:00+00:00,3022.60009765625,3022.800048828125,3022.39990234375,3022.800048828125,28.0
2025-03-25 05:43:00+00:00,3022.800048828125,3023.0,3022.60009765625,3022.60009765625,27.0
2025-03-25 05:44:00+00:00,3022.699951171875,3022.89990234375,3022.5,3022.800048828125,21.0
2025-03-25 05:45:00+00:00,3023.5,3023.5,3022.800048828125,3022.800048828125,82.0
2025-03-25 05:46:00+00:00,3023.10009765625,3024.0,3023.10009765625,3023.5,74.0
2025-03-25 05:47:00+00:00,3023.199951171875,3023.300048828125,3022.89990234375,3023.10009765625,30.0
2025-03-25 05:48:00+00:00,3022.800048828125,3023.10009765625,3022.800048828125,3023.10009765625,14.0
2025-03-25 05:49:00+00:00,3022.5,3023.0,3022.39990234375,3022.800048828125,27.0
2025-03-25 05:50:00+00:00,3022.300048828125,3022.5,3022.10009765625,3022.5,70.0
2025-03-25 05:51:00+00:00,3022.39990234375,3022.5,3022.199951171875,3022.199951171875,7.0
2025-03-25 05:52:00+00:00,3021.89990234375,3022.300048828125,3021.5,3022.300048828125,70.0
2025-03-25 05:53:00+00:00,3021.800048828125,3022.10009765625,3021.699951171875,3022.10009765625,16.0
2025-03-25 05:54:00+00:00,3021.39990234375,3021.800048828125,3021.300048828125,3021.800048828125,27.0
2025-03-25 05:55:00+00:00,3022.0,3022.0,3021.10009765625,3021.300048828125,51.0
2025-03-25 05:56:00+00:00,3022.10009765625,3022.199951171875,3021.699951171875,3022.10009765625,38.0
2025-03-25 05:57:00+00:00,3022.10009765625,3022.60009765625,3022.10009765625,3022.10009765625,65.0
2025-03-25 05:58:00+00:00,3022.39990234375,3022.5,3022.10009765625,3022.300048828125,28.0
2025-03-25 05:59:00+00:00,3022.5,3022.5,3022.300048828125,3022.39990234375,25.0
2025-03-25 06:00:00+00:00,3022.39990234375,3023.0,3022.199951171875,3022.60009765625,55.0
2025-03-25 06:01:00+00:00,3022.10009765625,3022.60009765625,3022.10009765625,3022.60009765625,34.0
2025-03-25 06:02:00+00:00,3022.10009765625,3022.10009765625,3021.800048828125,3022.0,56.0
2025-03-25 06:03:00+00:00,3021.699951171875,3022.10009765625,3021.699951171875,3022.10009765625,14.0
2025-03-25 06:04:00+00:00,3022.0,3022.10009765625,3021.89990234375,3021.89990234375,17.0
2025-03-25 06:05:00+00:00,3021.699951171875,3022.0,3021.699951171875,3021.800048828125,29.0
2025-03-25 06:06:00+00:00,3021.199951171875,3021.800048828125,3021.199951171875,3021.800048828125,42.0
2025-03-25 06:07:00+00:00,3021.300048828125,3021.60009765625,3021.199951171875,3021.300048828125,47.0
2025-03-25 06:08:00+00:00,3020.89990234375,3021.199951171875,3020.89990234375,3021.199951171875,47.0
2025-03-25 06:09:00+00:00,3020.699951171875,3021.0,3020.699951171875,3020.800048828125,45.0
2025-03-25 06:10:00+00:00,3020.699951171875,3020.800048828125,3020.199951171875,3020.800048828125,47.0
2025-03-25 06:11:00+00:00,3020.60009765625,3020.89990234375,3020.60009765625,3020.699951171875,23.0
2025-03-25 06:12:00+00:00,3020.199951171875,3020.60009765625,3020.0,3020.60009765625,72.0
2025-03-25 06:13:00+00:00,3021.0,3021.39990234375,3020.10009765625,3020.199951171875,87.0
2025-03-25 06:14:00+00:00,3020.89990234375,3021.0,3020.699951171875,3020.89990234375,40.0
2025-03-25 06:15:00+00:00,3021.199951171875,3021.199951171875,3020.89990234375,3020.89990234375,11.0
2025-03-25 06:16:00+00:00,3021.0,3021.10009765625,3020.699951171875,3021.10009765625,28.0
2025-03-25 06:17:00+00:00,3020.800048828125,3021.0,3020.39990234375,3021.0,45.0
2025-03-25 06:18:00+00:00,3020.5,3020.699951171875,3020.300048828125,3020.699951171875,33.0
2025-03-25 06:19:00+00:00,3020.39990234375,3020.60009765625,3020.199951171875,3020.5,18.0
2025-03-25 06:20:00+00:00,3020.199951171875,3020.39990234375,3019.89990234375,3020.300048828125,48.0
2025-03-25 06:21:00+00:00,3020.10009765625,3020.39990234375,3019.699951171875,3020.39990234375,94.0
2025-03-25 06:22:00+00:00,3020.60009765625,3020.60009765625,3020.300048828125,3020.300048828125,103.0
2025-03-25 06:23:00+00:00,3021.0,3021.199951171875,3020.39990234375,3020.699951171875,302.0
2025-03-25 06:24:00+00:00,3020.699951171875,3021.0,3020.39990234375,3021.0,68.0
2025-03-25 06:25:00+00:00,3020.199951171875,3020.699951171875,3020.199951171875,3020.60009765625,27.0
2025-03-25 06:26:00+00:00,3020.5,3020.5,3019.89990234375,3020.0,56.0
2025-03-25 06:27:00+00:00,3021.0,3021.10009765625,3020.60009765625,3020.699951171875,56.0
2025-03-25 06:28:00+00:00,3021.10009765625,3021.39990234375,3020.89990234375,3020.89990234375,24.0
2025-03-25 06:29:00+00:00,3020.800048828125,3021.10009765625,3020.800048828125,3021.10009765625,77.0
2025-03-25 06:30:00+00:00,3020.5,3020.89990234375,3020.5,3020.699951171875,23.0
2025-03-25 06:31:00+00:00,3020.5,3020.89990234375,3020.39990234375,3020.5,15.0
2025-03-25 06:32:00+00:00,3020.199951171875,3020.5,3020.199951171875,3020.300048828125,12.0
2025-03-25 06:33:00+00:00,3021.199951171875,3021.199951171875,3020.60009765625,3020.60009765625,9.0
2025-03-25 06:34:00+00:00,3021.0,3021.199951171875,3020.800048828125,3021.199951171875,17.0
2025-03-25 06:35:00+00:00,3021.300048828125,3021.39990234375,3020.89990234375,3021.0,29.0
2025-03-25 06:36:00+00:00,3020.699951171875,3021.60009765625,3020.699951171875,3021.5,340.0
2025-03-25 06:37:00+00:00,3020.10009765625,3020.60009765625,3020.0,3020.60009765625,27.0
2025-03-25 06:38:00+00:00,3020.0,3020.300048828125,3019.800048828125,3020.300048828125,31.0
2025-03-25 06:39:00+00:00,3019.800048828125,3020.10009765625,3019.699951171875,3019.89990234375,26.0
2025-03-25 06:40:00+00:00,3019.800048828125,3020.0,3019.39990234375,3020.0,40.0
2025-03-25 06:41:00+00:00,3020.39990234375,3020.5,3019.89990234375,3019.89990234375,28.0
2025-03-25 06:42:00+00:00,3020.300048828125,3020.60009765625,3020.300048828125,3020.39990234375,21.0
2025-03-25 06:43:00+00:00,3019.89990234375,3020.199951171875,3019.89990234375,3020.199951171875,27.0
2025-03-25 06:44:00+00:00,3019.699951171875,3019.89990234375,3019.699951171875,3019.89990234375,9.0
2025-03-25 06:45:00+00:00,3019.800048828125,3019.89990234375,3019.699951171875,3019.800048828125,27.0
2025-03-25 06:46:00+00:00,3019.699951171875,3020.0,3019.699951171875,3019.800048828125,20.0
2025-03-25 06:47:00+00:00,3019.10009765625,3019.89990234375,3019.0,3019.800048828125,46.0
2025-03-25 06:48:00+00:00,3019.39990234375,3019.60009765625,3019.10009765625,3019.10009765625,22.0
2025-03-25 06:49:00+00:00,3019.60009765625,3019.60009765625,3019.5,3019.5,10.0
2025-03-25 06:50:00+00:00,3020.0,3020.0,3019.60009765625,3019.60009765625,21.0
2025-03-25 06:51:00+00:00,3019.89990234375,3020.0,3019.699951171875,3020.0,11.0
2025-03-25 06:52:00+00:00,3020.60009765625,3020.60009765625,3020.0,3020.0,33.0
2025-03-25 06:53:00+00:00,3021.699951171875,3021.699951171875,3020.699951171875,3020.89990234375,137.0
2025-03-25 06:54:00+00:00,3021.699951171875,3021.699951171875,3021.10009765625,3021.60009765625,69.0
2025-03-25 06:55:00+00:00,3021.800048828125,3022.0,3021.60009765625,3021.800048828125,54.0
2025-03-25 06:56:00+00:00,3021.89990234375,3021.89990234375,3021.699951171875,3021.699951171875,11.0
2025-03-25 06:57:00+00:00,3022.5,3022.60009765625,3021.800048828125,3021.800048828125,74.0
2025-03-25 06:58:00+00:00,3022.5,3023.0,3022.39990234375,3022.5,35.0
2025-03-25 06:59:00+00:00,3022.199951171875,3022.60009765625,3022.199951171875,3022.5,38.0
2025-03-25 07:00:00+00:00,3021.5,3022.60009765625,3021.39990234375,3022.300048828125,91.0
2025-03-25 07:01:00+00:00,3021.199951171875,3021.60009765625,3021.199951171875,3021.60009765625,37.0
2025-03-25 07:02:00+00:00,3020.800048828125,3021.199951171875,3020.800048828125,3021.199951171875,31.0
2025-03-25 07:03:00+00:00,3020.60009765625,3020.699951171875,3020.300048828125,3020.699951171875,54.0
2025-03-25 07:04:00+00:00,3020.39990234375,3020.800048828125,3020.300048828125,3020.699951171875,49.0
2025-03-25 07:05:00+00:00,3020.10009765625,3020.39990234375,3020.0,3020.300048828125,24.0
2025-03-25 07:06:00+00:00,3019.60009765625,3020.300048828125,3019.60009765625,3020.199951171875,68.0
2025-03-25 07:07:00+00:00,3019.60009765625,3019.800048828125,3019.199951171875,3019.699951171875,51.0
2025-03-25 07:08:00+00:00,3020.699951171875,3020.699951171875,3019.5,3019.5,72.0
2025-03-25 07:09:00+00:00,3020.699951171875,3020.89990234375,3020.5,3020.699951171875,35.0
2025-03-25 07:10:00+00:00,3020.60009765625,3020.89990234375,3020.60009765625,3020.699951171875,34.0
2025-03-25 07:11:00+00:00,3021.199951171875,3021.300048828125,3020.699951171875,3020.699951171875,16.0
2025-03-25 07:12:00+00:00,3021.199951171875,3021.199951171875,3020.699951171875,3021.10009765625,35.0
2025-03-25 07:13:00+00:00,3021.10009765625,3021.39990234375,3021.0,3021.199951171875,56.0
2025-03-25 07:14:00+00:00,3021.0,3021.199951171875,3020.699951171875,3021.10009765625,58.0
2025-03-25 07:15:00+00:00,3020.699951171875,3021.0,3020.5,3020.699951171875,53.0
2025-03-25 07:16:00+00:00,3020.39990234375,3021.10009765625,3020.39990234375,3020.60009765625,65.0
2025-03-25 07:17:00+00:00,3020.199951171875,3020.300048828125,3019.89990234375,3020.300048828125,28.0
2025-03-25 07:18:00+00:00,3019.300048828125,3020.10009765625,3019.199951171875,3020.10009765625,1107.0
2025-03-25 07:19:00+00:00,3018.89990234375,3019.199951171875,3018.5,3019.199951171875,94.0
2025-03-25 07:20:00+00:00,3018.800048828125,3019.199951171875,3018.39990234375,3018.89990234375,152.0
2025-03-25 07:21:00+00:00,3018.300048828125,3018.800048828125,3018.300048828125,3018.699951171875,47.0
2025-03-25 07:22:00+00:00,3017.5,3018.300048828125,3017.10009765625,3018.199951171875,223.0
2025-03-25 07:23:00+00:00,3017.10009765625,3017.39990234375,3016.800048828125,3017.199951171875,142.0
2025-03-25 07:24:00+00:00,3017.10009765625,3017.199951171875,3016.800048828125,3017.199951171875,75.0
2025-03-25 07:25:00+00:00,3017.300048828125,3017.60009765625,3017.0,3017.0,65.0
2025-03-25 07:26:00+00:00,3018.60009765625,3018.60009765625,3017.199951171875,3017.199951171875,211.0
2025-03-25 07:27:00+00:00,3018.5,3018.89990234375,3018.39990234375,3018.60009765625,68.0
2025-03-25 07:28:00+00:00,3018.10009765625,3018.39990234375,3018.10009765625,3018.39990234375,16.0
2025-03-25 07:29:00+00:00,3018.39990234375,3018.5,3017.800048828125,3018.0,71.0
2025-03-25 07:30:00+00:00,3019.10009765625,3019.10009765625,3018.39990234375,3018.39990234375,49.0
2025-03-25 07:31:00+00:00,3019.60009765625,3019.800048828125,3018.89990234375,3019.0,84.0
2025-03-25 07:32:00+00:00,3020.10009765625,3020.10009765625,3019.39990234375,3019.60009765625,72.0
2025-03-25 07:33:00+00:00,3019.5,3020.39990234375,3019.5,3020.300048828125,89.0
2025-03-25 07:34:00+00:00,3019.60009765625,3019.800048828125,3019.60009765625,3019.60009765625,10.0
2025-03-25 07:35:00+00:00,3019.0,3019.5,3019.0,3019.5,13.0
2025-03-25 07:36:00+00:00,3018.60009765625,3018.89990234375,3018.300048828125,3018.89990234375,41.0
2025-03-25 07:37:00+00:00,3018.10009765625,3018.800048828125,3018.10009765625,3018.5,37.0
2025-03-25 07:38:00+00:00,3018.39990234375,3018.5,3018.199951171875,3018.199951171875,75.0
2025-03-25 07:39:00+00:00,3017.5,3018.300048828125,3017.5,3018.300048828125,76.0
2025-03-25 07:40:00+00:00,3017.39990234375,3017.60009765625,3017.10009765625,3017.60009765625,36.0
2025-03-25 07:41:00+00:00,3016.699951171875,3017.699951171875,3016.699951171875,3017.5,63.0
2025-03-25 07:42:00+00:00,3016.60009765625,3016.699951171875,3016.5,3016.60009765625,46.0
2025-03-25 07:43:00+00:00,3016.60009765625,3016.89990234375,3016.39990234375,3016.5,38.0
2025-03-25 07:44:00+00:00,3016.800048828125,3016.800048828125,3016.5,3016.60009765625,13.0
2025-03-25 07:45:00+00:00,3016.89990234375,3017.10009765625,3016.699951171875,3016.89990234375,111.0
2025-03-25 07:46:00+00:00,3017.199951171875,3017.300048828125,3016.89990234375,3016.89990234375,36.0
2025-03-25 07:47:00+00:00,3016.800048828125,3017.300048828125,3016.800048828125,3017.10009765625,48.0
2025-03-25 07:48:00+00:00,3016.699951171875,3017.0,3016.60009765625,3016.800048828125,47.0
2025-03-25 07:49:00+00:00,3016.699951171875,3017.10009765625,3016.60009765625,3016.60009765625,31.0
2025-03-25 07:50:00+00:00,3016.39990234375,3016.800048828125,3016.300048828125,3016.800048828125,72.0
2025-03-25 07:51:00+00:00,3016.89990234375,3017.10009765625,3016.5,3016.5,77.0
2025-03-25 07:52:00+00:00,3016.60009765625,3017.0,3016.60009765625,3017.0,33.0
2025-03-25 07:53:00+00:00,3017.300048828125,3017.39990234375,3016.60009765625,3016.699951171875,25.0
2025-03-25 07:54:00+00:00,3016.89990234375,3017.199951171875,3016.699951171875,3017.199951171875,37.0
2025-03-25 07:55:00+00:00,3016.89990234375,3017.10009765625,3016.800048828125,3016.89990234375,35.0
2025-03-25 07:56:00+00:00,3016.300048828125,3016.89990234375,3016.10009765625,3016.89990234375,56.0
2025-03-25 07:57:00+00:00,3015.39990234375,3016.199951171875,3015.300048828125,3016.199951171875,185.0
2025-03-25 07:58:00+00:00,3015.199951171875,3015.60009765625,3015.0,3015.39990234375,1037.0
2025-03-25 07:59:00+00:00,3015.39990234375,3015.89990234375,3014.699951171875,3015.300048828125,154.0
2025-03-25 08:00:00+00:00,3016.5,3016.89990234375,3015.5,3015.5,121.0
2025-03-25 08:01:00+00:00,3016.39990234375,3016.60009765625,3016.0,3016.5,61.0
2025-03-25 08:02:00+00:00,3017.0,3017.0,3016.300048828125,3016.39990234375,30.0
2025-03-25 08:03:00+00:00,3016.10009765625,3017.0,3016.10009765625,3016.89990234375,45.0
2025-03-25 08:04:00+00:00,3016.10009765625,3016.60009765625,3016.10009765625,3016.199951171875,25.0
2025-03-25 08:05:00+00:00,3016.199951171875,3016.39990234375,3016.0,3016.10009765625,23.0
2025-03-25 08:06:00+00:00,3015.300048828125,3016.300048828125,3015.0,3016.199951171875,76.0
2025-03-25 08:07:00+00:00,3016.300048828125,3016.300048828125,3015.10009765625,3015.199951171875,40.0
2025-03-25 08:08:00+00:00,3016.39990234375,3016.5,3016.10009765625,3016.39990234375,36.0
2025-03-25 08:09:00+00:00,3016.5,3016.800048828125,3016.5,3016.5,26.0
2025-03-25 08:10:00+00:00,3017.0,3017.0,3016.199951171875,3016.39990234375,384.0
2025-03-25 08:11:00+00:00,3019.5,3019.60009765625,3016.60009765625,3017.0,236.0
2025-03-25 08:12:00+00:00,3018.199951171875,3019.699951171875,3017.800048828125,3019.39990234375,214.0
2025-03-25 08:13:00+00:00,3017.39990234375,3018.39990234375,3017.39990234375,3018.199951171875,54.0
2025-03-25 08:14:00+00:00,3017.800048828125,3017.800048828125,3017.199951171875,3017.39990234375,40.0
2025-03-25 08:15:00+00:00,3017.800048828125,3018.0,3017.60009765625,3017.800048828125,56.0
2025-03-25 08:16:00+00:00,3017.800048828125,3018.10009765625,3017.699951171875,3017.800048828125,61.0
2025-03-25 08:17:00+00:00,3017.300048828125,3017.800048828125,3017.199951171875,3017.800048828125,26.0
2025-03-25 08:18:00+00:00,3017.39990234375,3017.699951171875,3017.39990234375,3017.39990234375,34.0
2025-03-25 08:19:00+00:00,3018.10009765625,3018.300048828125,3017.10009765625,3017.39990234375,46.0
2025-03-25 08:20:00+00:00,3018.0,3018.39990234375,3017.5,3018.0,99.0
2025-03-25 08:21:00+00:00,3018.60009765625,3018.800048828125,3018.10009765625,3018.10009765625,31.0
2025-03-25 08:22:00+00:00,3019.800048828125,3020.0,3018.60009765625,3018.800048828125,125.0
2025-03-25 08:23:00+00:00,3019.89990234375,3020.39990234375,3019.60009765625,3019.699951171875,356.0
2025-03-25 08:24:00+00:00,3020.800048828125,3021.199951171875,3020.10009765625,3020.10009765625,142.0
2025-03-25 08:25:00+00:00,3021.10009765625,3021.60009765625,3020.800048828125,3020.800048828125,99.0
2025-03-25 08:26:00+00:00,3021.300048828125,3021.300048828125,3020.699951171875,3021.199951171875,66.0
2025-03-25 08:27:00+00:00,3021.699951171875,3022.0,3021.199951171875,3021.199951171875,89.0
2025-03-25 08:28:00+00:00,3022.5,3022.800048828125,3021.5,3021.699951171875,266.0
2025-03-25 08:29:00+00:00,3022.5,3022.699951171875,3021.89990234375,3022.60009765625,68.0
2025-03-25 08:30:00+00:00,3022.5,3023.0,3022.199951171875,3022.5,120.0
2025-03-25 08:31:00+00:00,3022.89990234375,3022.89990234375,3022.39990234375,3022.60009765625,47.0
2025-03-25 08:32:00+00:00,3023.10009765625,3023.89990234375,3022.800048828125,3022.89990234375,267.0
2025-03-25 08:33:00+00:00,3024.199951171875,3024.199951171875,3023.199951171875,3023.300048828125,328.0
2025-03-25 08:34:00+00:00,3023.60009765625,3024.60009765625,3022.89990234375,3024.300048828125,161.0
2025-03-25 08:35:00+00:00,3023.89990234375,3024.800048828125,3023.300048828125,3023.5,145.0
2025-03-25 08:36:00+00:00,3024.5,3024.5,3023.699951171875,3023.800048828125,70.0
2025-03-25 08:37:00+00:00,3023.89990234375,3024.60009765625,3023.89990234375,3024.39990234375,85.0
2025-03-25 08:38:00+00:00,3024.39990234375,3024.800048828125,3023.89990234375,3024.10009765625,142.0
2025-03-25 08:39:00+00:00,3024.5,3024.699951171875,3024.0,3024.39990234375,113.0
2025-03-25 08:40:00+00:00,3024.0,3024.60009765625,3023.699951171875,3024.39990234375,62.0
2025-03-25 08:41:00+00:00,3023.300048828125,3024.300048828125,3023.199951171875,3023.89990234375,75.0
2025-03-25 08:42:00+00:00,3023.0,3023.699951171875,3022.800048828125,3023.300048828125,401.0
2025-03-25 08:43:00+00:00,3023.199951171875,3023.199951171875,3022.300048828125,3022.89990234375,127.0
2025-03-25 08:44:00+00:00,3023.699951171875,3023.89990234375,3023.0,3023.10009765625,74.0
2025-03-25 08:45:00+00:00,3024.5,3024.60009765625,3023.800048828125,3023.89990234375,96.0
2025-03-25 08:46:00+00:00,3024.5,3024.60009765625,3024.0,3024.39990234375,101.0
2025-03-25 08:47:00+00:00,3024.699951171875,3024.89990234375,3023.60009765625,3024.39990234375,142.0
2025-03-25 08:48:00+00:00,3024.699951171875,3025.0,3024.60009765625,3024.699951171875,66.0
2025-03-25 08:49:00+00:00,3024.5,3024.60009765625,3024.0,3024.60009765625,37.0
2025-03-25 08:50:00+00:00,3025.10009765625,3025.39990234375,3024.60009765625,3024.60009765625,136.0
2025-03-25 08:51:00+00:00,3025.10009765625,3025.300048828125,3025.10009765625,3025.199951171875,40.0
2025-03-25 08:52:00+00:00,3024.800048828125,3025.39990234375,3024.800048828125,3025.10009765625,87.0
2025-03-25 08:53:00+00:00,3025.10009765625,3025.199951171875,3025.0,3025.0,19.0
2025-03-25 08:54:00+00:00,3025.199951171875,3025.300048828125,3025.0,3025.300048828125,41.0
2025-03-25 08:55:00+00:00,3025.300048828125,3025.699951171875,3025.199951171875,3025.199951171875,96.0
2025-03-25 08:56:00+00:00,3025.199951171875,3025.39990234375,3025.199951171875,3025.39990234375,17.0
2025-03-25 08:57:00+00:00,3025.300048828125,3025.39990234375,3025.10009765625,3025.10009765625,72.0
2025-03-25 08:58:00+00:00,3024.39990234375,3025.39990234375,3024.300048828125,3025.300048828125,128.0
2025-03-25 08:59:00+00:00,3025.39990234375,3025.5,3024.39990234375,3024.39990234375,46.0
2025-03-25 09:00:00+00:00,3025.39990234375,3025.60009765625,3025.10009765625,3025.300048828125,144.0
2025-03-25 09:01:00+00:00,3025.60009765625,3025.699951171875,3025.300048828125,3025.5,76.0
2025-03-25 09:02:00+00:00,3025.60009765625,3025.89990234375,3025.39990234375,3025.699951171875,298.0
2025-03-25 09:03:00+00:00,3025.89990234375,3025.89990234375,3025.5,3025.60009765625,52.0
2025-03-25 09:04:00+00:00,3025.39990234375,3025.800048828125,3025.300048828125,3025.800048828125,117.0
2025-03-25 09:05:00+00:00,3024.800048828125,3025.699951171875,3024.60009765625,3025.300048828125,87.0
2025-03-25 09:06:00+00:00,3024.39990234375,3024.800048828125,3023.89990234375,3024.800048828125,90.0
2025-03-25 09:07:00+00:00,3024.300048828125,3024.39990234375,3024.10009765625,3024.39990234375,118.0
2025-03-25 09:08:00+00:00,3023.89990234375,3024.39990234375,3023.699951171875,3024.199951171875,89.0
2025-03-25 09:09:00+00:00,3024.39990234375,3024.60009765625,3023.89990234375,3024.0,67.0
2025-03-25 09:10:00+00:00,3025.10009765625,3025.10009765625,3024.39990234375,3024.5,1131.0
2025-03-25 09:11:00+00:00,3025.10009765625,3025.300048828125,3024.89990234375,3025.0,38.0
2025-03-25 09:12:00+00:00,3025.199951171875,3025.5,3024.89990234375,3025.0,79.0
2025-03-25 09:13:00+00:00,3025.0,3025.10009765625,3024.699951171875,3025.10009765625,54.0
2025-03-25 09:14:00+00:00,3025.0,3025.10009765625,3024.800048828125,3025.0,74.0
2025-03-25 09:15:00+00:00,3025.199951171875,3025.5,3024.89990234375,3025.0,53.0
2025-03-25 09:16:00+00:00,3025.300048828125,3025.39990234375,3025.0,3025.10009765625,77.0
2025-03-25 09:17:00+00:00,3025.199951171875,3025.5,3025.10009765625,3025.39990234375,14.0
2025-03-25 09:18:00+00:00,3024.89990234375,3025.300048828125,3024.89990234375,3025.10009765625,12.0
2025-03-25 09:19:00+00:00,3024.39990234375,3025.0,3024.300048828125,3025.0,989.0
2025-03-25 09:20:00+00:00,3024.5,3025.10009765625,3024.300048828125,3024.39990234375,182.0
2025-03-25 09:21:00+00:00,3024.5,3024.5,3023.699951171875,3024.39990234375,112.0
2025-03-25 09:22:00+00:00,3024.300048828125,3024.699951171875,3024.199951171875,3024.39990234375,78.0
2025-03-25 09:23:00+00:00,3024.89990234375,3025.10009765625,3024.39990234375,3024.39990234375,414.0
2025-03-25 09:24:00+00:00,3025.39990234375,3025.5,3024.89990234375,3025.0,39.0
2025-03-25 09:25:00+00:00,3025.199951171875,3025.5,3025.10009765625,3025.5,30.0
2025-03-25 09:26:00+00:00,3025.39990234375,3025.5,3025.199951171875,3025.199951171875,81.0
2025-03-25 09:27:00+00:00,3024.800048828125,3025.300048828125,3024.800048828125,3025.300048828125,28.0
2025-03-25 09:28:00+00:00,3025.10009765625,3025.199951171875,3024.800048828125,3024.800048828125,25.0
2025-03-25 09:29:00+00:00,3025.199951171875,3025.199951171875,3024.800048828125,3025.0,32.0
2025-03-25 09:30:00+00:00,3025.10009765625,3025.39990234375,3024.89990234375,3025.199951171875,32.0
2025-03-25 09:31:00+00:00,3024.800048828125,3025.10009765625,3024.60009765625,3025.10009765625,68.0
2025-03-25 09:32:00+00:00,3023.800048828125,3024.800048828125,3023.800048828125,3024.60009765625,63.0
2025-03-25 09:33:00+00:00,3022.800048828125,3023.800048828125,3022.800048828125,3023.800048828125,74.0
2025-03-25 09:34:00+00:00,3024.0,3024.10009765625,3022.800048828125,3023.0,103.0
2025-03-25 09:35:00+00:00,3024.699951171875,3024.89990234375,3023.5,3023.89990234375,186.0
2025-03-25 09:36:00+00:00,3024.10009765625,3024.89990234375,3023.89990234375,3024.89990234375,134.0
2025-03-25 09:37:00+00:00,3024.300048828125,3024.60009765625,3023.89990234375,3024.199951171875,100.0
2025-03-25 09:38:00+00:00,3024.199951171875,3024.5,3024.0,3024.199951171875,64.0
2025-03-25 09:39:00+00:00,3024.60009765625,3024.800048828125,3024.300048828125,3024.300048828125,38.0
2025-03-25 09:40:00+00:00,3024.60009765625,3024.699951171875,3024.39990234375,3024.5,30.0
2025-03-25 09:41:00+00:00,3024.199951171875,3024.5,3023.89990234375,3024.5,28.0
2025-03-25 09:42:00+00:00,3024.10009765625,3024.10009765625,3023.89990234375,3024.0,13.0
2025-03-25 09:43:00+00:00,3024.5,3024.5,3024.300048828125,3024.300048828125,18.0
2025-03-25 09:44:00+00:00,3025.0,3025.0,3024.300048828125,3024.5,17.0
2025-03-25 09:45:00+00:00,3025.0,3025.0,3024.699951171875,3025.0,20.0
2025-03-25 09:46:00+00:00,3025.10009765625,3025.300048828125,3024.800048828125,3025.10009765625,81.0
2025-03-25 09:47:00+00:00,3025.10009765625,3025.300048828125,3025.10009765625,3025.10009765625,20.0
2025-03-25 09:48:00+00:00,3025.800048828125,3025.800048828125,3025.10009765625,3025.10009765625,55.0
2025-03-25 09:49:00+00:00,3026.5,3026.800048828125,3025.89990234375,3025.89990234375,367.0
2025-03-25 09:50:00+00:00,3026.89990234375,3027.10009765625,3026.300048828125,3026.60009765625,165.0
2025-03-25 09:51:00+00:00,3026.800048828125,3027.699951171875,3026.699951171875,3027.10009765625,198.0
2025-03-25 09:52:00+00:00,3026.699951171875,3026.800048828125,3026.5,3026.60009765625,39.0
2025-03-25 09:53:00+00:00,3026.300048828125,3026.89990234375,3026.300048828125,3026.5,65.0
2025-03-25 09:54:00+00:00,3025.800048828125,3026.39990234375,3025.699951171875,3026.39990234375,71.0
2025-03-25 09:55:00+00:00,3026.5,3026.5,3025.5,3025.89990234375,99.0
2025-03-25 09:56:00+00:00,3026.39990234375,3026.699951171875,3026.300048828125,3026.5,37.0
2025-03-25 09:57:00+00:00,3026.699951171875,3026.800048828125,3026.300048828125,3026.39990234375,68.0
2025-03-25 09:58:00+00:00,3026.699951171875,3027.300048828125,3026.699951171875,3026.699951171875,60.0
2025-03-25 09:59:00+00:00,3027.300048828125,3027.300048828125,3026.800048828125,3026.800048828125,808.0
2025-03-25 10:00:00+00:00,3027.300048828125,3027.39990234375,3026.800048828125,3027.300048828125,64.0
2025-03-25 10:01:00+00:00,3027.5,3027.5,3027.0,3027.199951171875,50.0
2025-03-25 10:02:00+00:00,3027.199951171875,3027.39990234375,3027.0,3027.300048828125,28.0
2025-03-25 10:03:00+00:00,3027.0,3027.199951171875,3026.89990234375,3027.0,67.0
2025-03-25 10:04:00+00:00,3027.10009765625,3027.300048828125,3027.0,3027.0,29.0
2025-03-25 10:05:00+00:00,3027.300048828125,3027.5,3027.0,3027.0,92.0
2025-03-25 10:06:00+00:00,3027.699951171875,3027.89990234375,3027.300048828125,3027.300048828125,81.0
2025-03-25 10:07:00+00:00,3027.89990234375,3028.10009765625,3027.5,3027.60009765625,452.0
2025-03-25 10:08:00+00:00,3028.0,3028.10009765625,3027.800048828125,3027.89990234375,43.0
2025-03-25 10:09:00+00:00,3027.60009765625,3028.10009765625,3027.60009765625,3028.0,39.0
2025-03-25 10:10:00+00:00,3028.0,3028.0,3027.5,3027.5,49.0
2025-03-25 10:11:00+00:00,3028.300048828125,3028.300048828125,3027.800048828125,3028.0,39.0
2025-03-25 10:12:00+00:00,3028.199951171875,3028.5,3028.199951171875,3028.39990234375,45.0
2025-03-25 10:13:00+00:00,3028.60009765625,3029.300048828125,3028.199951171875,3028.199951171875,255.0
2025-03-25 10:14:00+00:00,3028.60009765625,3029.0,3028.39990234375,3028.699951171875,65.0
2025-03-25 10:15:00+00:00,3028.699951171875,3028.89990234375,3028.199951171875,3028.39990234375,98.0
2025-03-25 10:16:00+00:00,3028.699951171875,3028.699951171875,3028.199951171875,3028.699951171875,33.0
2025-03-25 10:17:00+00:00,3028.5,3028.89990234375,3028.5,3028.60009765625,26.0
2025-03-25 10:18:00+00:00,3028.39990234375,3028.89990234375,3028.39990234375,3028.60009765625,47.0
2025-03-25 10:19:00+00:00,3028.800048828125,3028.800048828125,3028.5,3028.60009765625,26.0
2025-03-25 10:20:00+00:00,3028.199951171875,3028.800048828125,3028.0,3028.800048828125,45.0
2025-03-25 10:21:00+00:00,3027.800048828125,3028.199951171875,3027.800048828125,3028.199951171875,45.0
2025-03-25 10:22:00+00:00,3027.89990234375,3027.89990234375,3027.300048828125,3027.800048828125,123.0
2025-03-25 10:23:00+00:00,3027.199951171875,3028.10009765625,3026.60009765625,3027.89990234375,165.0
2025-03-25 10:24:00+00:00,3027.10009765625,3027.800048828125,3026.699951171875,3027.300048828125,106.0
2025-03-25 10:25:00+00:00,3026.60009765625,3027.60009765625,3026.60009765625,3026.89990234375,219.0
2025-03-25 10:26:00+00:00,3026.39990234375,3026.699951171875,3025.89990234375,3026.60009765625,252.0
2025-03-25 10:27:00+00:00,3026.699951171875,3027.0,3026.39990234375,3026.5,103.0
2025-03-25 10:28:00+00:00,3026.300048828125,3026.89990234375,3026.199951171875,3026.60009765625,41.0
2025-03-25 10:29:00+00:00,3025.89990234375,3026.39990234375,3025.699951171875,3026.39990234375,171.0
2025-03-25 10:30:00+00:00,3026.800048828125,3026.800048828125,3025.300048828125,3025.89990234375,168.0
2025-03-25 10:31:00+00:00,3026.39990234375,3026.800048828125,3026.0,3026.699951171875,115.0
2025-03-25 10:32:00+00:00,3026.39990234375,3026.5,3026.10009765625,3026.5,55.0
2025-03-25 10:33:00+00:00,3026.39990234375,3026.89990234375,3026.300048828125,3026.300048828125,83.0
2025-03-25 10:34:00+00:00,3026.10009765625,3026.800048828125,3026.10009765625,3026.699951171875,81.0
2025-03-25 10:35:00+00:00,3026.60009765625,3026.800048828125,3026.300048828125,3026.300048828125,78.0
2025-03-25 10:36:00+00:00,3027.39990234375,3027.39990234375,3026.699951171875,3026.699951171875,87.0
2025-03-25 10:37:00+00:00,3028.10009765625,3028.199951171875,3027.10009765625,3027.300048828125,170.0
2025-03-25 10:38:00+00:00,3028.10009765625,3028.699951171875,3027.89990234375,3028.199951171875,156.0
2025-03-25 10:39:00+00:00,3028.5,3028.5,3027.89990234375,3028.0,53.0
2025-03-25 10:40:00+00:00,3028.5,3028.699951171875,3028.39990234375,3028.5,48.0
2025-03-25 10:41:00+00:00,3027.699951171875,3028.5,3027.699951171875,3028.5,62.0
2025-03-25 10:42:00+00:00,3028.0,3028.0,3027.60009765625,3027.699951171875,79.0
2025-03-25 10:43:00+00:00,3028.39990234375,3028.39990234375,3027.89990234375,3028.10009765625,124.0
2025-03-25 10:44:00+00:00,3028.199951171875,3028.60009765625,3028.199951171875,3028.5,90.0
2025-03-25 10:45:00+00:00,3028.300048828125,3028.5,3027.699951171875,3028.199951171875,135.0
2025-03-25 10:46:00+00:00,3028.60009765625,3028.60009765625,3027.89990234375,3028.10009765625,170.0
2025-03-25 10:47:00+00:00,3029.0,3029.0,3028.199951171875,3028.699951171875,148.0
2025-03-25 10:48:00+00:00,3029.5,3029.5,3028.699951171875,3029.0,103.0
2025-03-25 10:49:00+00:00,3029.199951171875,3029.5,3029.10009765625,3029.39990234375,64.0
2025-03-25 10:50:00+00:00,3029.300048828125,3029.39990234375,3029.0,3029.300048828125,112.0
2025-03-25 10:51:00+00:00,3029.60009765625,3029.60009765625,3029.199951171875,3029.300048828125,80.0
2025-03-25 10:52:00+00:00,3029.10009765625,3029.39990234375,3029.0,3029.300048828125,59.0
2025-03-25 10:53:00+00:00,3028.800048828125,3029.0,3028.699951171875,3029.0,43.0
2025-03-25 10:54:00+00:00,3028.0,3028.800048828125,3027.89990234375,3028.699951171875,118.0
2025-03-25 10:55:00+00:00,3028.39990234375,3028.5,3027.89990234375,3028.0,49.0
2025-03-25 10:56:00+00:00,3028.60009765625,3029.0,3028.300048828125,3028.60009765625,85.0
2025-03-25 10:57:00+00:00,3028.60009765625,3029.0,3028.39990234375,3028.5,151.0
2025-03-25 10:58:00+00:00,3028.60009765625,3028.699951171875,3028.5,3028.5,69.0
2025-03-25 10:59:00+00:00,3028.5,3028.699951171875,3028.300048828125,3028.39990234375,79.0
2025-03-25 11:00:00+00:00,3029.0,3029.10009765625,3028.60009765625,3028.60009765625,81.0
2025-03-25 11:01:00+00:00,3028.800048828125,3029.10009765625,3028.5,3028.89990234375,152.0
2025-03-25 11:02:00+00:00,3029.0,3029.10009765625,3028.60009765625,3028.699951171875,169.0
2025-03-25 11:03:00+00:00,3028.89990234375,3029.10009765625,3028.699951171875,3028.89990234375,93.0
2025-03-25 11:04:00+00:00,3029.10009765625,3029.199951171875,3028.89990234375,3029.10009765625,73.0
2025-03-25 11:05:00+00:00,3029.10009765625,3029.60009765625,3028.89990234375,3029.10009765625,95.0
2025-03-25 11:06:00+00:00,3028.60009765625,3029.300048828125,3028.39990234375,3029.199951171875,106.0
2025-03-25 11:07:00+00:00,3028.5,3028.800048828125,3028.10009765625,3028.60009765625,80.0
2025-03-25 11:08:00+00:00,3029.300048828125,3029.39990234375,3028.300048828125,3028.39990234375,124.0
2025-03-25 11:09:00+00:00,3029.5,3029.5,3029.10009765625,3029.199951171875,44.0
2025-03-25 11:10:00+00:00,3029.10009765625,3029.5,3028.800048828125,3029.39990234375,84.0
2025-03-25 11:11:00+00:00,3028.89990234375,3029.199951171875,3028.800048828125,3029.10009765625,43.0
2025-03-25 11:12:00+00:00,3029.199951171875,3029.300048828125,3029.0,3029.0,34.0
2025-03-25 11:13:00+00:00,3029.199951171875,3029.199951171875,3029.0,3029.199951171875,55.0
2025-03-25 11:14:00+00:00,3028.699951171875,3029.39990234375,3028.699951171875,3029.199951171875,42.0
2025-03-25 11:15:00+00:00,3028.89990234375,3029.0,3028.699951171875,3028.699951171875,45.0
2025-03-25 11:16:00+00:00,3029.199951171875,3029.39990234375,3029.0,3029.10009765625,61.0
2025-03-25 11:17:00+00:00,3029.5,3029.5,3029.199951171875,3029.300048828125,22.0
2025-03-25 11:18:00+00:00,3029.39990234375,3029.699951171875,3029.39990234375,3029.5,72.0
2025-03-25 11:19:00+00:00,3029.10009765625,3029.5,3029.0,3029.5,38.0
2025-03-25 11:20:00+00:00,3029.5,3030.0,3029.10009765625,3029.10009765625,69.0
2025-03-25 11:21:00+00:00,3029.60009765625,3029.89990234375,3029.60009765625,3029.60009765625,10.0
2025-03-25 11:22:00+00:00,3029.800048828125,3029.800048828125,3029.699951171875,3029.699951171875,28.0
2025-03-25 11:23:00+00:00,3029.10009765625,3030.0,3029.10009765625,3029.89990234375,45.0
2025-03-25 11:24:00+00:00,3027.89990234375,3029.300048828125,3027.800048828125,3029.0,185.0
2025-03-25 11:25:00+00:00,3028.5,3028.800048828125,3027.800048828125,3028.10009765625,144.0
2025-03-25 11:26:00+00:00,3028.60009765625,3028.800048828125,3028.5,3028.5,344.0
2025-03-25 11:27:00+00:00,3028.60009765625,3028.800048828125,3028.5,3028.699951171875,44.0
2025-03-25 11:28:00+00:00,3029.10009765625,3029.60009765625,3028.699951171875,3028.699951171875,80.0
2025-03-25 11:29:00+00:00,3029.5,3029.60009765625,3028.60009765625,3029.0,67.0
2025-03-25 11:30:00+00:00,3029.699951171875,3029.89990234375,3029.39990234375,3029.5,223.0
2025-03-25 11:31:00+00:00,3030.199951171875,3031.0,3029.60009765625,3029.800048828125,1114.0
2025-03-25 11:32:00+00:00,3030.300048828125,3030.800048828125,3030.300048828125,3030.300048828125,93.0
2025-03-25 11:33:00+00:00,3029.5,3030.699951171875,3029.300048828125,3030.39990234375,135.0
2025-03-25 11:34:00+00:00,3029.5,3029.89990234375,3029.199951171875,3029.5,104.0
2025-03-25 11:35:00+00:00,3029.699951171875,3029.89990234375,3029.39990234375,3029.5,148.0
2025-03-25 11:36:00+00:00,3029.39990234375,3030.0,3029.39990234375,3029.60009765625,135.0
2025-03-25 11:37:00+00:00,3028.89990234375,3029.699951171875,3028.89990234375,3029.5,83.0
2025-03-25 11:38:00+00:00,3028.60009765625,3029.199951171875,3028.60009765625,3029.0,52.0
2025-03-25 11:39:00+00:00,3028.39990234375,3029.300048828125,3028.39990234375,3028.5,83.0
2025-03-25 11:40:00+00:00,3028.199951171875,3028.60009765625,3028.10009765625,3028.5,73.0
2025-03-25 11:41:00+00:00,3027.89990234375,3028.89990234375,3027.800048828125,3028.199951171875,110.0
2025-03-25 11:42:00+00:00,3027.39990234375,3028.0,3027.0,3027.800048828125,180.0
2025-03-25 11:43:00+00:00,3026.800048828125,3027.39990234375,3026.699951171875,3027.39990234375,80.0
2025-03-25 11:44:00+00:00,3027.39990234375,3027.60009765625,3026.699951171875,3026.89990234375,74.0
2025-03-25 11:45:00+00:00,3027.10009765625,3027.699951171875,3027.10009765625,3027.39990234375,65.0
2025-03-25 11:46:00+00:00,3027.0,3027.300048828125,3026.699951171875,3027.199951171875,94.0
2025-03-25 11:47:00+00:00,3026.5,3027.10009765625,3026.5,3027.10009765625,133.0
2025-03-25 11:48:00+00:00,3026.5,3026.800048828125,3026.300048828125,3026.5,64.0
2025-03-25 11:49:00+00:00,3026.300048828125,3026.60009765625,3025.60009765625,3026.60009765625,432.0
2025-03-25 11:50:00+00:00,3026.800048828125,3026.800048828125,3025.60009765625,3026.10009765625,100.0
2025-03-25 11:51:00+00:00,3026.300048828125,3027.10009765625,3026.300048828125,3026.699951171875,54.0
2025-03-25 11:52:00+00:00,3025.300048828125,3026.300048828125,3025.300048828125,3026.300048828125,197.0
2025-03-25 11:53:00+00:00,3026.5,3026.5,3025.10009765625,3025.199951171875,470.0
2025-03-25 11:54:00+00:00,3026.0,3026.5,3025.89990234375,3026.5,71.0
2025-03-25 11:55:00+00:00,3025.0,3025.89990234375,3024.89990234375,3025.89990234375,88.0
2025-03-25 11:56:00+00:00,3025.0,3025.10009765625,3024.0,3024.800048828125,215.0
2025-03-25 11:57:00+00:00,3024.800048828125,3025.0,3024.199951171875,3025.0,158.0
2025-03-25 11:58:00+00:00,3024.699951171875,3024.699951171875,3024.10009765625,3024.60009765625,142.0
2025-03-25 11:59:00+00:00,3024.89990234375,3024.89990234375,3024.300048828125,3024.800048828125,288.0
2025-03-25 12:00:00+00:00,3025.5,3026.0,3024.800048828125,3024.89990234375,334.0
2025-03-25 12:01:00+00:00,3025.300048828125,3025.699951171875,3025.0,3025.60009765625,97.0
2025-03-25 12:02:00+00:00,3024.60009765625,3025.5,3024.5,3025.39990234375,122.0
2025-03-25 12:03:00+00:00,3023.60009765625,3024.800048828125,3023.39990234375,3024.800048828125,193.0
2025-03-25 12:04:00+00:00,3022.89990234375,3023.60009765625,3022.800048828125,3023.5,376.0
2025-03-25 12:05:00+00:00,3022.800048828125,3023.5,3022.60009765625,3023.0,248.0
2025-03-25 12:06:00+00:00,3021.60009765625,3022.800048828125,3021.39990234375,3022.800048828125,525.0
2025-03-25 12:07:00+00:00,3022.60009765625,3023.0,3021.39990234375,3021.699951171875,144.0
2025-03-25 12:08:00+00:00,3022.199951171875,3023.0,3022.10009765625,3022.60009765625,112.0
2025-03-25 12:09:00+00:00,3021.199951171875,3022.199951171875,3020.89990234375,3022.0,309.0
2025-03-25 12:10:00+00:00,3020.800048828125,3021.800048828125,3020.60009765625,3021.10009765625,235.0
2025-03-25 12:11:00+00:00,3020.199951171875,3021.10009765625,3020.10009765625,3020.89990234375,334.0
2025-03-25 12:12:00+00:00,3020.300048828125,3020.60009765625,3020.0,3020.300048828125,163.0
2025-03-25 12:13:00+00:00,3020.300048828125,3020.39990234375,3019.699951171875,3020.39990234375,213.0
2025-03-25 12:14:00+00:00,3022.300048828125,3022.39990234375,3019.699951171875,3020.10009765625,251.0
2025-03-25 12:15:00+00:00,3022.5,3023.0,3022.199951171875,3022.300048828125,273.0
2025-03-25 12:16:00+00:00,3022.5,3023.199951171875,3022.199951171875,3022.39990234375,284.0
2025-03-25 12:17:00+00:00,3021.60009765625,3022.89990234375,3021.60009765625,3022.39990234375,205.0
2025-03-25 12:18:00+00:00,3021.800048828125,3022.5,3021.39990234375,3021.60009765625,287.0
2025-03-25 12:19:00+00:00,3020.800048828125,3021.89990234375,3020.60009765625,3021.699951171875,166.0
2025-03-25 12:20:00+00:00,3021.60009765625,3021.800048828125,3020.10009765625,3020.699951171875,362.0
2025-03-25 12:21:00+00:00,3021.300048828125,3022.0,3021.300048828125,3021.699951171875,188.0
2025-03-25 12:22:00+00:00,3019.39990234375,3021.5,3018.800048828125,3021.39990234375,1359.0
2025-03-25 12:23:00+00:00,3021.0,3021.300048828125,3019.5,3019.60009765625,141.0
2025-03-25 12:24:00+00:00,3020.89990234375,3021.199951171875,3020.699951171875,3021.0,112.0
2025-03-25 12:25:00+00:00,3021.89990234375,3022.199951171875,3021.10009765625,3021.10009765625,181.0
2025-03-25 12:26:00+00:00,3021.60009765625,3022.0,3021.0,3021.800048828125,209.0
2025-03-25 12:27:00+00:00,3021.39990234375,3021.800048828125,3021.0,3021.800048828125,1277.0
2025-03-25 12:28:00+00:00,3022.199951171875,3022.300048828125,3021.5,3021.60009765625,120.0
2025-03-25 12:29:00+00:00,3021.699951171875,3022.39990234375,3021.5,3022.300048828125,80.0
2025-03-25 12:30:00+00:00,3022.60009765625,3023.10009765625,3021.699951171875,3021.800048828125,236.0
2025-03-25 12:31:00+00:00,3022.699951171875,3023.10009765625,3022.199951171875,3022.5,229.0
2025-03-25 12:32:00+00:00,3023.5,3023.800048828125,3022.699951171875,3022.89990234375,329.0
2025-03-25 12:33:00+00:00,3023.89990234375,3024.800048828125,3023.300048828125,3023.5,265.0
2025-03-25 12:34:00+00:00,3023.5,3024.199951171875,3023.300048828125,3023.89990234375,159.0
2025-03-25 12:35:00+00:00,3024.60009765625,3024.60009765625,3022.5,3023.300048828125,173.0
2025-03-25 12:36:00+00:00,3024.199951171875,3025.60009765625,3024.10009765625,3024.5,564.0
2025-03-25 12:37:00+00:00,3023.89990234375,3024.300048828125,3023.89990234375,3024.10009765625,70.0
2025-03-25 12:38:00+00:00,3023.39990234375,3024.10009765625,3023.0,3023.800048828125,141.0
2025-03-25 12:39:00+00:00,3022.300048828125,3023.60009765625,3022.300048828125,3023.5,160.0
2025-03-25 12:40:00+00:00,3023.199951171875,3023.39990234375,3022.300048828125,3022.300048828125,143.0
2025-03-25 12:41:00+00:00,3023.5,3023.5,3023.0,3023.300048828125,50.0
2025-03-25 12:42:00+00:00,3023.800048828125,3024.5,3023.300048828125,3023.39990234375,178.0
2025-03-25 12:43:00+00:00,3024.89990234375,3025.0,3023.89990234375,3023.89990234375,156.0
2025-03-25 12:44:00+00:00,3024.0,3025.0,3023.89990234375,3024.89990234375,96.0
2025-03-25 12:45:00+00:00,3024.89990234375,3024.89990234375,3023.800048828125,3023.800048828125,90.0
2025-03-25 12:46:00+00:00,3024.699951171875,3025.0,3024.5,3024.89990234375,96.0
2025-03-25 12:47:00+00:00,3024.800048828125,3025.300048828125,3024.60009765625,3024.800048828125,787.0
2025-03-25 12:48:00+00:00,3024.5,3025.5,3024.300048828125,3024.800048828125,213.0
2025-03-25 12:49:00+00:00,3025.39990234375,3025.699951171875,3024.699951171875,3024.699951171875,351.0
2025-03-25 12:50:00+00:00,3024.89990234375,3025.39990234375,3024.60009765625,3025.39990234375,1256.0
2025-03-25 12:51:00+00:00,3024.199951171875,3025.0,3024.199951171875,3024.89990234375,189.0
2025-03-25 12:52:00+00:00,3025.800048828125,3025.89990234375,3024.300048828125,3024.300048828125,180.0
2025-03-25 12:53:00+00:00,3025.800048828125,3026.10009765625,3025.60009765625,3025.89990234375,176.0
2025-03-25 12:54:00+00:00,3025.800048828125,3025.800048828125,3025.39990234375,3025.60009765625,1026.0
2025-03-25 12:55:00+00:00,3025.60009765625,3026.0,3025.300048828125,3025.89990234375,81.0
2025-03-25 12:56:00+00:00,3026.699951171875,3026.89990234375,3025.10009765625,3025.699951171875,214.0
2025-03-25 12:57:00+00:00,3027.0,3027.89990234375,3026.5,3026.699951171875,1430.0
2025-03-25 12:58:00+00:00,3026.300048828125,3027.0,3026.199951171875,3027.0,131.0
2025-03-25 12:59:00+00:00,3026.60009765625,3026.699951171875,3026.10009765625,3026.199951171875,87.0
2025-03-25 13:00:00+00:00,3026.10009765625,3026.800048828125,3025.89990234375,3026.5,166.0
2025-03-25 13:01:00+00:00,3026.60009765625,3026.699951171875,3025.699951171875,3026.10009765625,177.0
2025-03-25 13:02:00+00:00,3026.89990234375,3027.199951171875,3026.0,3026.300048828125,342.0
2025-03-25 13:03:00+00:00,3027.199951171875,3027.5,3026.5,3026.89990234375,172.0
2025-03-25 13:04:00+00:00,3026.699951171875,3027.39990234375,3026.10009765625,3027.199951171875,136.0
2025-03-25 13:05:00+00:00,3027.0,3027.199951171875,3026.300048828125,3026.800048828125,188.0
2025-03-25 13:06:00+00:00,3028.39990234375,3028.699951171875,3026.89990234375,3027.10009765625,320.0
2025-03-25 13:07:00+00:00,3028.300048828125,3028.60009765625,3027.89990234375,3028.300048828125,163.0
2025-03-25 13:08:00+00:00,3028.199951171875,3028.60009765625,3027.89990234375,3028.199951171875,105.0
2025-03-25 13:09:00+00:00,3027.800048828125,3028.5,3027.60009765625,3028.300048828125,119.0
2025-03-25 13:10:00+00:00,3028.60009765625,3028.60009765625,3027.800048828125,3027.800048828125,114.0
2025-03-25 13:11:00+00:00,3029.0,3029.0,3028.0,3028.60009765625,127.0
2025-03-25 13:12:00+00:00,3029.10009765625,3029.39990234375,3028.89990234375,3029.0,179.0
2025-03-25 13:13:00+00:00,3029.60009765625,3029.699951171875,3029.0,3029.10009765625,128.0
2025-03-25 13:14:00+00:00,3029.0,3030.199951171875,3028.699951171875,3029.800048828125,491.0
2025-03-25 13:15:00+00:00,3029.10009765625,3029.39990234375,3028.800048828125,3029.0,145.0
2025-03-25 13:16:00+00:00,3027.60009765625,3029.0,3027.300048828125,3029.0,264.0
2025-03-25 13:17:00+00:00,3026.699951171875,3028.199951171875,3026.5,3027.60009765625,534.0
2025-03-25 13:18:00+00:00,3026.199951171875,3027.10009765625,3025.699951171875,3026.699951171875,311.0
2025-03-25 13:19:00+00:00,3026.5,3026.800048828125,3025.89990234375,3026.10009765625,387.0
2025-03-25 13:20:00+00:00,3027.300048828125,3027.300048828125,3026.300048828125,3026.39990234375,268.0
2025-03-25 13:21:00+00:00,3026.60009765625,3027.300048828125,3026.5,3027.300048828125,220.0
2025-03-25 13:22:00+00:00,3027.300048828125,3027.300048828125,3026.39990234375,3026.5,288.0
2025-03-25 13:23:00+00:00,3027.5,3027.800048828125,3027.300048828125,3027.5,113.0
2025-03-25 13:24:00+00:00,3027.89990234375,3028.0,3027.5,3027.60009765625,143.0
2025-03-25 13:25:00+00:00,3027.5,3028.0,3027.39990234375,3028.0,2089.0
2025-03-25 13:26:00+00:00,3027.60009765625,3027.60009765625,3026.800048828125,3027.60009765625,341.0
2025-03-25 13:27:00+00:00,3027.699951171875,3027.800048828125,3027.199951171875,3027.60009765625,555.0
2025-03-25 13:28:00+00:00,3028.699951171875,3028.699951171875,3027.5,3027.60009765625,413.0
2025-03-25 13:29:00+00:00,3028.0,3028.800048828125,3028.0,3028.60009765625,148.0
2025-03-25 13:30:00+00:00,3029.800048828125,3030.0,3028.0,3028.10009765625,306.0
2025-03-25 13:31:00+00:00,3030.10009765625,3030.300048828125,3029.199951171875,3029.89990234375,408.0
2025-03-25 13:32:00+00:00,3030.10009765625,3030.60009765625,3029.199951171875,3030.199951171875,372.0
2025-03-25 13:33:00+00:00,3030.10009765625,3030.60009765625,3029.5,3030.199951171875,363.0
2025-03-25 13:34:00+00:00,3030.60009765625,3030.699951171875,3029.60009765625,3030.0,214.0
2025-03-25 13:35:00+00:00,3032.300048828125,3032.699951171875,3030.300048828125,3030.39990234375,780.0
2025-03-25 13:36:00+00:00,3034.5,3034.699951171875,3032.39990234375,3032.39990234375,1066.0
2025-03-25 13:37:00+00:00,3034.5,3035.39990234375,3033.89990234375,3034.39990234375,575.0
2025-03-25 13:38:00+00:00,3034.5,3034.699951171875,3033.10009765625,3034.39990234375,354.0
2025-03-25 13:39:00+00:00,3033.800048828125,3034.5,3033.39990234375,3034.5,316.0
2025-03-25 13:40:00+00:00,3035.0,3035.10009765625,3033.60009765625,3034.0,519.0
2025-03-25 13:41:00+00:00,3036.10009765625,3036.5,3034.89990234375,3034.89990234375,507.0
2025-03-25 13:42:00+00:00,3035.89990234375,3037.0,3035.39990234375,3036.0,364.0
2025-03-25 13:43:00+00:00,3034.60009765625,3036.5,3034.10009765625,3035.89990234375,522.0
2025-03-25 13:44:00+00:00,3033.800048828125,3034.89990234375,3033.5,3034.60009765625,761.0
2025-03-25 13:45:00+00:00,3033.5,3033.89990234375,3033.199951171875,3033.699951171875,213.0
2025-03-25 13:46:00+00:00,3033.300048828125,3033.800048828125,3032.0,3033.60009765625,341.0
2025-03-25 13:47:00+00:00,3033.800048828125,3034.10009765625,3032.800048828125,3033.300048828125,205.0
2025-03-25 13:48:00+00:00,3035.5,3036.10009765625,3034.199951171875,3034.199951171875,266.0
2025-03-25 13:49:00+00:00,3034.5,3035.60009765625,3034.199951171875,3035.39990234375,149.0
2025-03-25 13:50:00+00:00,3035.0,3035.10009765625,3034.300048828125,3034.699951171875,149.0
2025-03-25 13:51:00+00:00,3035.10009765625,3035.800048828125,3034.699951171875,3035.10009765625,265.0
2025-03-25 13:52:00+00:00,3035.699951171875,3035.89990234375,3034.60009765625,3035.199951171875,195.0
2025-03-25 13:53:00+00:00,3035.800048828125,3036.199951171875,3035.60009765625,3035.60009765625,190.0
2025-03-25 13:54:00+00:00,3034.5,3036.300048828125,3034.199951171875,3035.89990234375,432.0
2025-03-25 13:55:00+00:00,3033.39990234375,3034.5,3033.300048828125,3034.5,266.0
2025-03-25 13:56:00+00:00,3033.800048828125,3034.0,3033.10009765625,3033.5,155.0
2025-03-25 13:57:00+00:00,3034.5,3035.0,3033.699951171875,3033.699951171875,169.0
2025-03-25 13:58:00+00:00,3034.800048828125,3035.10009765625,3034.5,3034.5,140.0
2025-03-25 13:59:00+00:00,3034.199951171875,3035.0,3033.5,3034.89990234375,209.0
2025-03-25 14:00:00+00:00,3034.199951171875,3034.800048828125,3033.0,3034.199951171875,353.0
2025-03-25 14:01:00+00:00,3035.199951171875,3035.60009765625,3033.60009765625,3034.39990234375,369.0
2025-03-25 14:02:00+00:00,3036.800048828125,3036.89990234375,3035.199951171875,3035.5,378.0
2025-03-25 14:03:00+00:00,3038.800048828125,3039.699951171875,3036.0,3036.699951171875,1225.0
2025-03-25 14:04:00+00:00,3039.60009765625,3039.800048828125,3037.800048828125,3038.800048828125,3368.0
2025-03-25 14:05:00+00:00,3041.10009765625,3041.699951171875,3039.60009765625,3039.60009765625,965.0
2025-03-25 14:06:00+00:00,3041.0,3042.39990234375,3041.0,3041.0,615.0
2025-03-25 14:07:00+00:00,3040.39990234375,3041.89990234375,3040.39990234375,3041.199951171875,469.0
2025-03-25 14:08:00+00:00,3039.800048828125,3041.39990234375,3039.300048828125,3040.39990234375,378.0
2025-03-25 14:09:00+00:00,3040.300048828125,3040.60009765625,3039.800048828125,3039.800048828125,208.0
2025-03-25 14:10:00+00:00,3039.0,3040.699951171875,3038.5,3040.5,500.0
2025-03-25 14:11:00+00:00,3038.699951171875,3039.60009765625,3038.60009765625,3039.10009765625,449.0
2025-03-25 14:12:00+00:00,3037.60009765625,3038.699951171875,3036.300048828125,3038.5,797.0
2025-03-25 14:13:00+00:00,3037.10009765625,3037.800048828125,3037.0,3037.5,245.0
2025-03-25 14:14:00+00:00,3037.800048828125,3037.89990234375,3037.10009765625,3037.10009765625,934.0
2025-03-25 14:15:00+00:00,3038.89990234375,3039.10009765625,3037.199951171875,3037.60009765625,817.0
2025-03-25 14:16:00+00:00,3038.0,3038.89990234375,3037.800048828125,3038.89990234375,173.0
2025-03-25 14:17:00+00:00,3035.5,3037.89990234375,3035.199951171875,3037.89990234375,856.0
2025-03-25 14:18:00+00:00,3034.699951171875,3035.89990234375,3034.39990234375,3035.5,334.0
2025-03-25 14:19:00+00:00,3036.199951171875,3036.800048828125,3034.39990234375,3034.5,1563.0
2025-03-25 14:20:00+00:00,3036.300048828125,3036.60009765625,3035.89990234375,3036.5,217.0
2025-03-25 14:21:00+00:00,3034.300048828125,3036.199951171875,3033.89990234375,3036.199951171875,427.0
2025-03-25 14:22:00+00:00,3034.0,3034.5,3033.39990234375,3034.300048828125,466.0
2025-03-25 14:23:00+00:00,3033.60009765625,3034.5,3033.60009765625,3034.199951171875,284.0
2025-03-25 14:24:00+00:00,3033.60009765625,3033.800048828125,3032.800048828125,3033.60009765625,380.0
2025-03-25 14:25:00+00:00,3033.89990234375,3034.10009765625,3032.89990234375,3033.60009765625,424.0
2025-03-25 14:26:00+00:00,3034.60009765625,3034.60009765625,3033.60009765625,3033.800048828125,370.0
2025-03-25 14:27:00+00:00,3033.800048828125,3034.60009765625,3032.800048828125,3034.5,360.0
2025-03-25 14:28:00+00:00,3034.10009765625,3034.10009765625,3033.199951171875,3033.699951171875,654.0
2025-03-25 14:29:00+00:00,3033.300048828125,3034.60009765625,3033.10009765625,3034.199951171875,306.0
2025-03-25 14:30:00+00:00,3034.0,3034.0,3030.699951171875,3033.39990234375,911.0
2025-03-25 14:31:00+00:00,3034.199951171875,3035.0,3033.699951171875,3034.0,326.0
2025-03-25 14:32:00+00:00,3034.5,3035.199951171875,3034.199951171875,3034.39990234375,689.0
2025-03-25 14:33:00+00:00,3035.10009765625,3035.10009765625,3033.800048828125,3034.5,206.0
2025-03-25 14:34:00+00:00,3033.199951171875,3035.10009765625,3033.0,3035.0,268.0
2025-03-25 14:35:00+00:00,3032.39990234375,3033.60009765625,3032.10009765625,3033.10009765625,233.0
2025-03-25 14:36:00+00:00,3033.199951171875,3033.199951171875,3032.199951171875,3032.39990234375,118.0
2025-03-25 14:37:00+00:00,3033.300048828125,3033.39990234375,3032.10009765625,3033.199951171875,168.0
2025-03-25 14:38:00+00:00,3034.0,3034.10009765625,3033.0,3033.199951171875,196.0
2025-03-25 14:39:00+00:00,3035.10009765625,3035.10009765625,3034.0,3034.0,340.0
2025-03-25 14:40:00+00:00,3035.5,3035.60009765625,3034.5,3035.0,140.0
2025-03-25 14:41:00+00:00,3035.39990234375,3035.699951171875,3034.89990234375,3035.60009765625,147.0
2025-03-25 14:42:00+00:00,3035.39990234375,3035.800048828125,3035.10009765625,3035.39990234375,201.0
2025-03-25 14:43:00+00:00,3035.199951171875,3035.800048828125,3035.10009765625,3035.300048828125,153.0
2025-03-25 14:44:00+00:00,3035.0,3035.60009765625,3035.0,3035.300048828125,123.0
2025-03-25 14:45:00+00:00,3034.5,3035.5,3034.300048828125,3035.10009765625,139.0
2025-03-25 14:46:00+00:00,3034.699951171875,3034.89990234375,3033.60009765625,3034.699951171875,143.0
2025-03-25 14:47:00+00:00,3033.89990234375,3034.89990234375,3033.800048828125,3034.89990234375,162.0
2025-03-25 14:48:00+00:00,3033.300048828125,3033.89990234375,3033.199951171875,3033.800048828125,175.0
2025-03-25 14:49:00+00:00,3033.199951171875,3033.89990234375,3033.199951171875,3033.5,125.0
2025-03-25 14:50:00+00:00,3032.60009765625,3033.300048828125,3032.10009765625,3033.300048828125,186.0
2025-03-25 14:51:00+00:00,3031.60009765625,3032.89990234375,3031.5,3032.5,304.0
2025-03-25 14:52:00+00:00,3031.800048828125,3032.10009765625,3030.10009765625,3031.60009765625,380.0
2025-03-25 14:53:00+00:00,3031.199951171875,3033.0,3030.39990234375,3031.89990234375,271.0
2025-03-25 14:54:00+00:00,3032.699951171875,3033.199951171875,3031.300048828125,3031.300048828125,192.0
2025-03-25 14:55:00+00:00,3033.300048828125,3033.39990234375,3032.5,3032.5,166.0
2025-03-25 14:56:00+00:00,3032.300048828125,3033.5,3032.0,3033.39990234375,256.0
2025-03-25 14:57:00+00:00,3031.89990234375,3032.39990234375,3031.300048828125,3032.39990234375,313.0
2025-03-25 14:58:00+00:00,3031.300048828125,3032.39990234375,3030.89990234375,3031.89990234375,181.0
2025-03-25 14:59:00+00:00,3029.800048828125,3031.300048828125,3029.699951171875,3031.10009765625,255.0
2025-03-25 15:00:00+00:00,3030.39990234375,3031.300048828125,3029.0,3029.699951171875,512.0
2025-03-25 15:01:00+00:00,3032.39990234375,3032.5,3030.199951171875,3030.300048828125,368.0
2025-03-25 15:02:00+00:00,3032.10009765625,3032.699951171875,3031.89990234375,3032.300048828125,109.0
2025-03-25 15:03:00+00:00,3031.60009765625,3032.0,3031.199951171875,3032.0,186.0
2025-03-25 15:04:00+00:00,3030.300048828125,3031.300048828125,3029.89990234375,3031.300048828125,233.0
2025-03-25 15:05:00+00:00,3031.10009765625,3031.10009765625,3029.39990234375,3030.199951171875,188.0
2025-03-25 15:06:00+00:00,3030.300048828125,3031.199951171875,3030.10009765625,3030.800048828125,144.0
2025-03-25 15:07:00+00:00,3029.5,3030.699951171875,3029.5,3030.10009765625,140.0
2025-03-25 15:08:00+00:00,3029.699951171875,3030.0,3029.39990234375,3029.5,94.0
2025-03-25 15:09:00+00:00,3029.39990234375,3030.39990234375,3029.199951171875,3029.60009765625,315.0
2025-03-25 15:10:00+00:00,3029.0,3029.800048828125,3028.800048828125,3029.39990234375,229.0
2025-03-25 15:11:00+00:00,3027.5,3029.39990234375,3027.39990234375,3029.0,4016.0
2025-03-25 15:12:00+00:00,3026.300048828125,3028.0,3025.0,3027.60009765625,1664.0
2025-03-25 15:13:00+00:00,3026.5,3027.0,3025.60009765625,3026.39990234375,260.0
2025-03-25 15:14:00+00:00,3027.60009765625,3027.800048828125,3026.39990234375,3026.5,333.0
2025-03-25 15:15:00+00:00,3028.0,3028.39990234375,3027.199951171875,3027.39990234375,169.0
2025-03-25 15:16:00+00:00,3026.800048828125,3027.800048828125,3026.10009765625,3027.800048828125,161.0
2025-03-25 15:17:00+00:00,3025.89990234375,3026.800048828125,3025.39990234375,3026.800048828125,252.0
2025-03-25 15:18:00+00:00,3026.0,3026.39990234375,3025.300048828125,3025.60009765625,179.0
2025-03-25 15:19:00+00:00,3025.60009765625,3026.10009765625,3025.300048828125,3026.10009765625,121.0
2025-03-25 15:20:00+00:00,3026.699951171875,3027.10009765625,3025.199951171875,3025.5,254.0
2025-03-25 15:21:00+00:00,3026.10009765625,3027.0,3026.10009765625,3026.699951171875,145.0
2025-03-25 15:22:00+00:00,3025.60009765625,3026.699951171875,3025.60009765625,3026.0,126.0
2025-03-25 15:23:00+00:00,3025.800048828125,3026.5,3025.699951171875,3025.699951171875,732.0
2025-03-25 15:24:00+00:00,3026.699951171875,3027.0,3025.89990234375,3025.89990234375,81.0
2025-03-25 15:25:00+00:00,3027.5,3027.800048828125,3026.800048828125,3027.10009765625,168.0
2025-03-25 15:26:00+00:00,3027.10009765625,3027.5,3026.5,3027.39990234375,211.0
2025-03-25 15:27:00+00:00,3027.89990234375,3028.800048828125,3027.10009765625,3027.10009765625,243.0
2025-03-25 15:28:00+00:00,3028.300048828125,3028.39990234375,3027.39990234375,3027.89990234375,102.0
2025-03-25 15:29:00+00:00,3027.89990234375,3028.699951171875,3027.699951171875,3028.199951171875,164.0
2025-03-25 15:30:00+00:00,3025.5,3028.39990234375,3024.89990234375,3028.199951171875,501.0
2025-03-25 15:31:00+00:00,3026.199951171875,3026.5,3022.89990234375,3025.5,843.0
2025-03-25 15:32:00+00:00,3027.199951171875,3027.39990234375,3025.699951171875,3026.0,248.0
2025-03-25 15:33:00+00:00,3028.800048828125,3028.800048828125,3027.0,3027.0,238.0
2025-03-25 15:34:00+00:00,3029.0,3029.199951171875,3028.0,3028.89990234375,188.0
2025-03-25 15:35:00+00:00,3028.60009765625,3029.300048828125,3028.300048828125,3029.10009765625,161.0
2025-03-25 15:36:00+00:00,3029.89990234375,3030.10009765625,3028.5,3028.699951171875,162.0
2025-03-25 15:37:00+00:00,3029.699951171875,3030.0,3029.199951171875,3030.0,110.0
2025-03-25 15:38:00+00:00,3027.89990234375,3029.699951171875,3027.89990234375,3029.699951171875,180.0
2025-03-25 15:39:00+00:00,3027.39990234375,3028.5,3027.300048828125,3027.800048828125,174.0
2025-03-25 15:40:00+00:00,3026.0,3027.800048828125,3025.89990234375,3027.5,156.0
2025-03-25 15:41:00+00:00,3027.60009765625,3027.60009765625,3025.89990234375,3025.89990234375,114.0
2025-03-25 15:42:00+00:00,3028.0,3028.0,3027.39990234375,3027.60009765625,70.0
2025-03-25 15:43:00+00:00,3027.5,3028.39990234375,3027.39990234375,3028.199951171875,100.0
2025-03-25 15:44:00+00:00,3028.199951171875,3028.199951171875,3027.699951171875,3027.800048828125,100.0
2025-03-25 15:45:00+00:00,3027.5,3028.199951171875,3027.39990234375,3028.10009765625,125.0
2025-03-25 15:46:00+00:00,3027.5,3027.800048828125,3026.89990234375,3027.5,852.0
2025-03-25 15:47:00+00:00,3027.39990234375,3027.800048828125,3027.10009765625,3027.699951171875,938.0
2025-03-25 15:48:00+00:00,3027.300048828125,3027.300048828125,3027.0,3027.199951171875,44.0
2025-03-25 15:49:00+00:00,3027.300048828125,3027.89990234375,3027.10009765625,3027.39990234375,36.0
2025-03-25 15:50:00+00:00,3027.10009765625,3027.60009765625,3026.89990234375,3027.39990234375,67.0
2025-03-25 15:51:00+00:00,3027.0,3027.300048828125,3026.800048828125,3027.199951171875,44.0
2025-03-25 15:52:00+00:00,3027.199951171875,3027.199951171875,3026.5,3027.0,50.0
2025-03-25 15:53:00+00:00,3027.5,3027.699951171875,3026.699951171875,3027.199951171875,80.0
2025-03-25 15:54:00+00:00,3026.800048828125,3027.60009765625,3026.800048828125,3027.5,80.0
2025-03-25 15:55:00+00:00,3027.10009765625,3027.10009765625,3026.39990234375,3026.699951171875,713.0
2025-03-25 15:56:00+00:00,3027.0,3027.0,3026.10009765625,3026.89990234375,126.0
2025-03-25 15:57:00+00:00,3026.699951171875,3027.10009765625,3026.60009765625,3026.89990234375,27.0
2025-03-25 15:58:00+00:00,3026.89990234375,3027.0,3026.10009765625,3026.800048828125,91.0
2025-03-25 15:59:00+00:00,3026.5,3027.10009765625,3026.199951171875,3027.10009765625,87.0
2025-03-25 16:00:00+00:00,3027.10009765625,3027.5,3026.39990234375,3026.699951171875,250.0
2025-03-25 16:01:00+00:00,3027.699951171875,3028.39990234375,3027.10009765625,3027.199951171875,120.0
2025-03-25 16:02:00+00:00,3027.699951171875,3028.10009765625,3027.5,3027.699951171875,106.0
2025-03-25 16:03:00+00:00,3027.199951171875,3027.60009765625,3026.60009765625,3027.60009765625,101.0
2025-03-25 16:04:00+00:00,3028.10009765625,3028.39990234375,3027.199951171875,3027.199951171875,56.0
2025-03-25 16:05:00+00:00,3027.39990234375,3028.199951171875,3027.39990234375,3028.10009765625,268.0
2025-03-25 16:06:00+00:00,3027.300048828125,3027.60009765625,3026.60009765625,3027.300048828125,145.0
2025-03-25 16:07:00+00:00,3027.39990234375,3027.39990234375,3026.89990234375,3027.39990234375,43.0
2025-03-25 16:08:00+00:00,3028.89990234375,3029.199951171875,3027.5,3027.5,147.0
2025-03-25 16:09:00+00:00,3029.0,3029.300048828125,3028.800048828125,3029.0,121.0
2025-03-25 16:10:00+00:00,3029.300048828125,3029.39990234375,3028.89990234375,3029.10009765625,130.0
2025-03-25 16:11:00+00:00,3028.60009765625,3029.5,3028.39990234375,3029.300048828125,140.0
2025-03-25 16:12:00+00:00,3028.800048828125,3029.0,3028.60009765625,3028.699951171875,281.0
2025-03-25 16:13:00+00:00,3029.39990234375,3029.699951171875,3028.60009765625,3028.699951171875,79.0
2025-03-25 16:14:00+00:00,3029.60009765625,3030.0,3029.10009765625,3029.39990234375,166.0
2025-03-25 16:15:00+00:00,3028.89990234375,3029.800048828125,3028.699951171875,3029.699951171875,66.0
2025-03-25 16:16:00+00:00,3028.699951171875,3029.0,3028.39990234375,3028.699951171875,213.0
2025-03-25 16:17:00+00:00,3028.300048828125,3028.699951171875,3027.89990234375,3028.699951171875,230.0
2025-03-25 16:18:00+00:00,3028.300048828125,3028.5,3028.10009765625,3028.10009765625,46.0
2025-03-25 16:19:00+00:00,3027.699951171875,3028.300048828125,3027.699951171875,3028.0,41.0
2025-03-25 16:20:00+00:00,3028.699951171875,3028.89990234375,3027.5,3027.60009765625,118.0
2025-03-25 16:21:00+00:00,3028.699951171875,3028.89990234375,3028.699951171875,3028.699951171875,47.0
2025-03-25 16:22:00+00:00,3029.10009765625,3029.300048828125,3028.5,3028.800048828125,56.0
2025-03-25 16:23:00+00:00,3028.60009765625,3029.60009765625,3028.60009765625,3029.10009765625,82.0
2025-03-25 16:24:00+00:00,3029.199951171875,3029.5,3028.199951171875,3028.5,80.0
2025-03-25 16:25:00+00:00,3029.0,3029.5,3028.89990234375,3029.39990234375,35.0
2025-03-25 16:26:00+00:00,3028.699951171875,3029.0,3028.10009765625,3029.0,75.0
2025-03-25 16:27:00+00:00,3028.39990234375,3028.800048828125,3028.39990234375,3028.60009765625,27.0
2025-03-25 16:28:00+00:00,3028.300048828125,3028.699951171875,3027.800048828125,3028.5,77.0
2025-03-25 16:29:00+00:00,3028.300048828125,3028.5,3028.0,3028.39990234375,95.0
2025-03-25 16:30:00+00:00,3028.89990234375,3028.89990234375,3028.0,3028.199951171875,688.0
2025-03-25 16:31:00+00:00,3028.699951171875,3029.0,3028.5,3028.699951171875,46.0
2025-03-25 16:32:00+00:00,3028.89990234375,3029.0,3028.699951171875,3028.800048828125,51.0
2025-03-25 16:33:00+00:00,3028.89990234375,3029.39990234375,3028.699951171875,3028.89990234375,60.0
2025-03-25 16:34:00+00:00,3029.60009765625,3029.60009765625,3028.89990234375,3028.89990234375,56.0
2025-03-25 16:35:00+00:00,3029.89990234375,3030.300048828125,3029.5,3029.60009765625,292.0
2025-03-25 16:36:00+00:00,3029.89990234375,3030.10009765625,3029.5,3029.89990234375,120.0
2025-03-25 16:37:00+00:00,3029.10009765625,3030.10009765625,3029.10009765625,3029.89990234375,1288.0
2025-03-25 16:38:00+00:00,3029.199951171875,3029.39990234375,3028.89990234375,3029.10009765625,134.0
2025-03-25 16:39:00+00:00,3029.699951171875,3029.699951171875,3028.89990234375,3029.0,59.0
2025-03-25 16:40:00+00:00,3029.699951171875,3029.699951171875,3029.5,3029.699951171875,60.0
2025-03-25 16:41:00+00:00,3029.10009765625,3029.699951171875,3029.10009765625,3029.699951171875,40.0
2025-03-25 16:42:00+00:00,3029.39990234375,3029.5,3029.10009765625,3029.199951171875,55.0
2025-03-25 16:43:00+00:00,3030.300048828125,3030.5,3029.5,3029.5,64.0
2025-03-25 16:44:00+00:00,3029.89990234375,3030.199951171875,3029.39990234375,3030.199951171875,85.0
2025-03-25 16:45:00+00:00,3029.89990234375,3030.5,3029.89990234375,3030.10009765625,108.0
2025-03-25 16:46:00+00:00,3030.60009765625,3030.800048828125,3029.800048828125,3029.800048828125,94.0
2025-03-25 16:47:00+00:00,3031.199951171875,3031.60009765625,3030.699951171875,3030.699951171875,395.0
2025-03-25 16:48:00+00:00,3030.60009765625,3031.300048828125,3030.5,3031.10009765625,87.0
2025-03-25 16:49:00+00:00,3030.699951171875,3031.10009765625,3030.300048828125,3030.699951171875,92.0
2025-03-25 16:50:00+00:00,3030.39990234375,3030.699951171875,3030.300048828125,3030.699951171875,48.0
2025-03-25 16:51:00+00:00,3030.699951171875,3030.800048828125,3030.39990234375,3030.39990234375,43.0
2025-03-25 16:52:00+00:00,3030.89990234375,3031.10009765625,3030.5,3030.5,35.0
2025-03-25 16:53:00+00:00,3030.89990234375,3031.300048828125,3030.699951171875,3030.89990234375,51.0
2025-03-25 16:54:00+00:00,3031.10009765625,3031.300048828125,3030.800048828125,3031.0,37.0
2025-03-25 16:55:00+00:00,3030.699951171875,3031.199951171875,3030.60009765625,3031.0,81.0
2025-03-25 16:56:00+00:00,3030.60009765625,3031.10009765625,3030.60009765625,3030.699951171875,59.0
2025-03-25 16:57:00+00:00,3030.39990234375,3030.60009765625,3029.89990234375,3030.60009765625,145.0
2025-03-25 16:58:00+00:00,3029.60009765625,3030.10009765625,3029.5,3030.10009765625,99.0
2025-03-25 16:59:00+00:00,3028.89990234375,3029.699951171875,3028.89990234375,3029.5,136.0
2025-03-25 17:00:00+00:00,3028.800048828125,3029.199951171875,3028.5,3029.10009765625,86.0
2025-03-25 17:01:00+00:00,3028.5,3029.0,3028.39990234375,3028.800048828125,1115.0
2025-03-25 17:02:00+00:00,3027.5,3028.39990234375,3027.5,3028.0,211.0
2025-03-25 17:03:00+00:00,3028.0,3028.39990234375,3027.10009765625,3027.39990234375,142.0
2025-03-25 17:04:00+00:00,3028.199951171875,3028.5,3028.0,3028.10009765625,182.0
2025-03-25 17:05:00+00:00,3028.60009765625,3029.0,3028.0,3028.300048828125,53.0
2025-03-25 17:06:00+00:00,3028.300048828125,3028.89990234375,3028.300048828125,3028.699951171875,90.0
2025-03-25 17:07:00+00:00,3028.5,3028.5,3028.10009765625,3028.199951171875,41.0
2025-03-25 17:08:00+00:00,3028.60009765625,3029.0,3028.300048828125,3028.60009765625,89.0
2025-03-25 17:09:00+00:00,3028.699951171875,3028.89990234375,3028.0,3028.5,215.0
2025-03-25 17:10:00+00:00,3028.39990234375,3028.699951171875,3028.10009765625,3028.5,64.0
2025-03-25 17:11:00+00:00,3028.0,3028.300048828125,3027.89990234375,3028.300048828125,44.0
2025-03-25 17:12:00+00:00,3027.60009765625,3028.0,3027.300048828125,3028.0,56.0
2025-03-25 17:13:00+00:00,3027.800048828125,3027.89990234375,3027.5,3027.5,60.0
2025-03-25 17:14:00+00:00,3027.39990234375,3027.699951171875,3027.39990234375,3027.699951171875,58.0
2025-03-25 17:15:00+00:00,3027.699951171875,3027.800048828125,3027.5,3027.5,127.0
2025-03-25 17:16:00+00:00,3027.60009765625,3027.699951171875,3027.39990234375,3027.699951171875,71.0
2025-03-25 17:17:00+00:00,3027.699951171875,3027.699951171875,3027.300048828125,3027.5,45.0
2025-03-25 17:18:00+00:00,3027.800048828125,3027.800048828125,3027.10009765625,3027.800048828125,110.0
2025-03-25 17:19:00+00:00,3028.0,3028.0,3027.5,3027.60009765625,50.0
2025-03-25 17:20:00+00:00,3026.800048828125,3028.300048828125,3026.300048828125,3027.89990234375,172.0
2025-03-25 17:21:00+00:00,3026.10009765625,3026.60009765625,3025.60009765625,3026.60009765625,202.0
2025-03-25 17:22:00+00:00,3026.39990234375,3026.60009765625,3026.0,3026.199951171875,106.0
2025-03-25 17:23:00+00:00,3026.89990234375,3027.10009765625,3026.60009765625,3026.60009765625,109.0
2025-03-25 17:24:00+00:00,3027.0,3027.300048828125,3026.800048828125,3026.800048828125,141.0
2025-03-25 17:25:00+00:00,3027.300048828125,3027.39990234375,3026.60009765625,3027.10009765625,630.0
2025-03-25 17:26:00+00:00,3026.89990234375,3027.5,3026.699951171875,3027.199951171875,129.0
2025-03-25 17:27:00+00:00,3026.89990234375,3026.89990234375,3026.39990234375,3026.89990234375,116.0
2025-03-25 17:28:00+00:00,3025.199951171875,3026.800048828125,3024.800048828125,3026.800048828125,238.0
2025-03-25 17:29:00+00:00,3026.5,3026.699951171875,3025.199951171875,3025.300048828125,563.0
2025-03-25 17:30:00+00:00,3026.39990234375,3027.199951171875,3026.199951171875,3026.5,285.0
2025-03-25 17:31:00+00:00,3025.5,3026.60009765625,3025.5,3026.39990234375,188.0
2025-03-25 17:32:00+00:00,3025.60009765625,3025.800048828125,3025.199951171875,3025.39990234375,122.0
2025-03-25 17:33:00+00:00,3025.0,3025.5,3024.699951171875,3025.300048828125,140.0
2025-03-25 17:34:00+00:00,3025.5,3025.800048828125,3024.60009765625,3025.10009765625,951.0
2025-03-25 17:35:00+00:00,3026.199951171875,3026.199951171875,3025.5,3025.5,182.0
2025-03-25 17:36:00+00:00,3026.800048828125,3026.800048828125,3026.199951171875,3026.39990234375,65.0
2025-03-25 17:37:00+00:00,3027.0,3027.60009765625,3026.699951171875,3026.699951171875,153.0
2025-03-25 17:38:00+00:00,3027.0,3027.300048828125,3026.800048828125,3027.10009765625,130.0
2025-03-25 17:39:00+00:00,3027.0,3027.10009765625,3026.39990234375,3026.800048828125,44.0
2025-03-25 17:40:00+00:00,3027.60009765625,3027.60009765625,3026.89990234375,3027.10009765625,145.0
2025-03-25 17:41:00+00:00,3027.39990234375,3028.0,3027.199951171875,3027.60009765625,83.0
2025-03-25 17:42:00+00:00,3027.0,3027.199951171875,3027.0,3027.199951171875,24.0
2025-03-25 17:43:00+00:00,3027.39990234375,3027.60009765625,3027.199951171875,3027.199951171875,48.0
2025-03-25 17:44:00+00:00,3027.199951171875,3027.60009765625,3026.800048828125,3027.5,71.0
2025-03-25 17:45:00+00:00,3026.800048828125,3027.199951171875,3026.5,3027.199951171875,36.0
2025-03-25 17:46:00+00:00,3026.60009765625,3026.800048828125,3026.5,3026.800048828125,22.0
2025-03-25 17:47:00+00:00,3026.5,3026.800048828125,3026.39990234375,3026.5,29.0
2025-03-25 17:48:00+00:00,3026.0,3026.699951171875,3026.0,3026.5,61.0
2025-03-25 17:49:00+00:00,3026.300048828125,3026.300048828125,3025.800048828125,3026.10009765625,73.0
2025-03-25 17:50:00+00:00,3026.60009765625,3026.800048828125,3026.300048828125,3026.39990234375,73.0
2025-03-25 17:51:00+00:00,3027.199951171875,3027.300048828125,3026.60009765625,3026.699951171875,59.0
2025-03-25 17:52:00+00:00,3027.5,3027.60009765625,3027.199951171875,3027.199951171875,66.0
2025-03-25 17:53:00+00:00,3027.5,3027.699951171875,3027.39990234375,3027.60009765625,43.0
2025-03-25 17:54:00+00:00,3027.39990234375,3027.699951171875,3027.39990234375,3027.5,49.0
2025-03-25 17:55:00+00:00,3027.89990234375,3027.89990234375,3027.300048828125,3027.5,54.0
2025-03-25 17:56:00+00:00,3027.89990234375,3027.89990234375,3027.60009765625,3027.800048828125,59.0
2025-03-25 17:57:00+00:00,3028.0,3028.0,3027.60009765625,3027.89990234375,45.0
2025-03-25 17:58:00+00:00,3028.199951171875,3028.300048828125,3027.800048828125,3027.89990234375,37.0
2025-03-25 17:59:00+00:00,3028.10009765625,3028.300048828125,3027.89990234375,3028.300048828125,44.0
2025-03-25 18:00:00+00:00,3027.89990234375,3028.10009765625,3027.89990234375,3028.10009765625,44.0
2025-03-25 18:01:00+00:00,3027.39990234375,3027.89990234375,3027.199951171875,3027.89990234375,73.0
2025-03-25 18:02:00+00:00,3027.300048828125,3027.300048828125,3027.199951171875,3027.300048828125,16.0
2025-03-25 18:03:00+00:00,3027.199951171875,3027.199951171875,3027.10009765625,3027.10009765625,8.0
2025-03-25 18:04:00+00:00,3027.10009765625,3027.39990234375,3027.10009765625,3027.300048828125,21.0
2025-03-25 18:05:00+00:00,3027.0,3027.10009765625,3027.0,3027.0,53.0
2025-03-25 18:06:00+00:00,3026.300048828125,3026.89990234375,3026.300048828125,3026.89990234375,56.0
2025-03-25 18:07:00+00:00,3027.0,3027.0,3026.199951171875,3026.300048828125,75.0
2025-03-25 18:08:00+00:00,3027.199951171875,3027.199951171875,3027.10009765625,3027.10009765625,9.0
2025-03-25 18:09:00+00:00,3027.699951171875,3027.800048828125,3027.300048828125,3027.300048828125,108.0
2025-03-25 18:10:00+00:00,3027.800048828125,3028.0,3027.60009765625,3027.60009765625,70.0
2025-03-25 18:11:00+00:00,3028.300048828125,3028.60009765625,3027.89990234375,3027.89990234375,68.0
2025-03-25 18:12:00+00:00,3028.10009765625,3028.39990234375,3028.10009765625,3028.199951171875,41.0
2025-03-25 18:13:00+00:00,3028.199951171875,3028.199951171875,3027.5,3028.0,41.0
2025-03-25 18:14:00+00:00,3027.699951171875,3028.10009765625,3027.699951171875,3028.0,15.0
2025-03-25 18:15:00+00:00,3027.5,3027.89990234375,3027.5,3027.60009765625,18.0
2025-03-25 18:16:00+00:00,3026.699951171875,3027.5,3026.60009765625,3027.5,56.0
2025-03-25 18:17:00+00:00,3025.89990234375,3026.800048828125,3025.89990234375,3026.699951171875,40.0
2025-03-25 18:18:00+00:00,3026.0,3026.300048828125,3025.60009765625,3025.89990234375,291.0
2025-03-25 18:19:00+00:00,3025.699951171875,3026.10009765625,3025.60009765625,3026.0,33.0
2025-03-25 18:20:00+00:00,3025.199951171875,3025.60009765625,3025.10009765625,3025.60009765625,57.0
2025-03-25 18:21:00+00:00,3025.10009765625,3025.199951171875,3024.60009765625,3025.10009765625,97.0
2025-03-25 18:22:00+00:00,3025.10009765625,3025.199951171875,3024.699951171875,3025.10009765625,61.0
2025-03-25 18:23:00+00:00,3024.89990234375,3025.10009765625,3024.800048828125,3025.10009765625,19.0
2025-03-25 18:24:00+00:00,3025.0,3025.300048828125,3024.699951171875,3024.89990234375,56.0
2025-03-25 18:25:00+00:00,3024.39990234375,3025.0,3024.300048828125,3024.800048828125,134.0
2025-03-25 18:26:00+00:00,3024.699951171875,3025.10009765625,3024.5,3024.5,51.0
2025-03-25 18:27:00+00:00,3024.800048828125,3024.800048828125,3024.60009765625,3024.60009765625,6.0
2025-03-25 18:28:00+00:00,3024.89990234375,3025.199951171875,3024.60009765625,3024.89990234375,49.0
2025-03-25 18:29:00+00:00,3024.800048828125,3025.0,3024.300048828125,3024.89990234375,343.0
2025-03-25 18:30:00+00:00,3024.60009765625,3025.5,3024.39990234375,3024.800048828125,205.0
2025-03-25 18:31:00+00:00,3024.5,3024.800048828125,3024.39990234375,3024.5,75.0
2025-03-25 18:32:00+00:00,3024.10009765625,3024.39990234375,3024.0,3024.39990234375,50.0
2025-03-25 18:33:00+00:00,3024.10009765625,3024.199951171875,3023.89990234375,3024.199951171875,72.0
2025-03-25 18:34:00+00:00,3023.89990234375,3024.199951171875,3023.89990234375,3024.10009765625,38.0
2025-03-25 18:35:00+00:00,3024.0,3024.300048828125,3023.800048828125,3023.800048828125,68.0
2025-03-25 18:36:00+00:00,3023.699951171875,3023.89990234375,3023.699951171875,3023.89990234375,29.0
2025-03-25 18:37:00+00:00,3024.10009765625,3024.199951171875,3023.60009765625,3023.699951171875,80.0
2025-03-25 18:38:00+00:00,3023.89990234375,3024.300048828125,3023.89990234375,3023.89990234375,51.0
2025-03-25 18:39:00+00:00,3024.10009765625,3024.300048828125,3024.0,3024.0,34.0
2025-03-25 18:40:00+00:00,3023.699951171875,3024.10009765625,3023.60009765625,3024.10009765625,46.0
2025-03-25 18:41:00+00:00,3023.800048828125,3024.10009765625,3023.800048828125,3023.800048828125,42.0
2025-03-25 18:42:00+00:00,3024.300048828125,3024.60009765625,3023.89990234375,3024.0,78.0
2025-03-25 18:43:00+00:00,3024.60009765625,3024.800048828125,3024.10009765625,3024.199951171875,67.0
2025-03-25 18:44:00+00:00,3024.800048828125,3024.800048828125,3024.5,3024.5,48.0
2025-03-25 18:45:00+00:00,3025.10009765625,3025.300048828125,3024.699951171875,3024.699951171875,189.0
2025-03-25 18:46:00+00:00,3025.199951171875,3025.199951171875,3024.89990234375,3025.10009765625,26.0
2025-03-25 18:47:00+00:00,3024.300048828125,3024.89990234375,3024.300048828125,3024.89990234375,59.0
2025-03-25 18:48:00+00:00,3024.199951171875,3024.39990234375,3024.199951171875,3024.39990234375,48.0
2025-03-25 18:49:00+00:00,3024.0,3024.199951171875,3023.800048828125,3024.10009765625,84.0
2025-03-25 18:50:00+00:00,3024.10009765625,3024.199951171875,3023.5,3023.699951171875,108.0
2025-03-25 18:51:00+00:00,3024.199951171875,3024.60009765625,3024.10009765625,3024.199951171875,66.0
2025-03-25 18:52:00+00:00,3024.10009765625,3024.300048828125,3023.89990234375,3024.300048828125,70.0
2025-03-25 18:53:00+00:00,3024.60009765625,3024.60009765625,3024.199951171875,3024.199951171875,31.0
2025-03-25 18:54:00+00:00,3024.39990234375,3024.699951171875,3024.39990234375,3024.60009765625,36.0
2025-03-25 18:55:00+00:00,3024.0,3024.39990234375,3024.0,3024.39990234375,19.0
2025-03-25 18:56:00+00:00,3024.39990234375,3024.39990234375,3024.0,3024.10009765625,57.0
2025-03-25 18:57:00+00:00,3024.300048828125,3024.5,3023.800048828125,3024.5,56.0
2025-03-25 18:58:00+00:00,3024.0,3024.199951171875,3024.0,3024.199951171875,25.0
2025-03-25 18:59:00+00:00,3024.10009765625,3024.10009765625,3023.89990234375,3024.0,22.0
2025-03-25 19:00:00+00:00,3023.39990234375,3024.0,3023.10009765625,3024.0,123.0
2025-03-25 19:01:00+00:00,3023.699951171875,3023.699951171875,3023.39990234375,3023.5,36.0
2025-03-25 19:02:00+00:00,3024.39990234375,3024.39990234375,3023.5,3023.699951171875,81.0
2025-03-25 19:03:00+00:00,3024.199951171875,3024.5,3024.0,3024.5,24.0
2025-03-25 19:04:00+00:00,3024.199951171875,3024.5,3024.10009765625,3024.300048828125,28.0
2025-03-25 19:05:00+00:00,3024.199951171875,3024.39990234375,3024.0,3024.10009765625,60.0
2025-03-25 19:06:00+00:00,3024.0,3024.300048828125,3024.0,3024.199951171875,26.0
2025-03-25 19:07:00+00:00,3024.300048828125,3024.300048828125,3024.10009765625,3024.199951171875,27.0
2025-03-25 19:08:00+00:00,3024.10009765625,3024.300048828125,3024.0,3024.300048828125,17.0
2025-03-25 19:09:00+00:00,3024.300048828125,3024.5,3024.199951171875,3024.199951171875,23.0
2025-03-25 19:10:00+00:00,3024.300048828125,3024.39990234375,3024.199951171875,3024.199951171875,25.0
2025-03-25 19:11:00+00:00,3024.199951171875,3024.199951171875,3024.10009765625,3024.199951171875,30.0
2025-03-25 19:12:00+00:00,3024.39990234375,3024.39990234375,3023.699951171875,3024.199951171875,57.0
2025-03-25 19:13:00+00:00,3024.5,3024.5,3024.199951171875,3024.300048828125,8.0
2025-03-25 19:14:00+00:00,3024.800048828125,3024.800048828125,3024.60009765625,3024.60009765625,36.0
2025-03-25 19:15:00+00:00,3024.300048828125,3024.5,3024.10009765625,3024.5,32.0
2025-03-25 19:16:00+00:00,3024.199951171875,3024.39990234375,3024.199951171875,3024.39990234375,28.0
2025-03-25 19:17:00+00:00,3024.39990234375,3024.5,3024.199951171875,3024.199951171875,19.0
2025-03-25 19:18:00+00:00,3024.199951171875,3024.300048828125,3024.10009765625,3024.300048828125,6.0
2025-03-25 19:19:00+00:00,3024.10009765625,3024.300048828125,3024.0,3024.10009765625,84.0
2025-03-25 19:20:00+00:00,3024.199951171875,3024.300048828125,3024.0,3024.0,169.0
2025-03-25 19:21:00+00:00,3024.300048828125,3024.60009765625,3024.10009765625,3024.199951171875,50.0
2025-03-25 19:22:00+00:00,3024.0,3024.60009765625,3024.0,3024.199951171875,260.0
2025-03-25 19:23:00+00:00,3024.199951171875,3024.199951171875,3024.0,3024.10009765625,451.0
2025-03-25 19:24:00+00:00,3024.39990234375,3024.39990234375,3024.10009765625,3024.199951171875,34.0
2025-03-25 19:25:00+00:00,3024.199951171875,3024.39990234375,3024.10009765625,3024.39990234375,23.0
2025-03-25 19:26:00+00:00,3024.10009765625,3024.39990234375,3024.10009765625,3024.300048828125,19.0
2025-03-25 19:27:00+00:00,3024.10009765625,3024.199951171875,3024.10009765625,3024.10009765625,38.0
2025-03-25 19:28:00+00:00,3024.0,3024.10009765625,3024.0,3024.10009765625,13.0
2025-03-25 19:29:00+00:00,3024.199951171875,3024.199951171875,3024.0,3024.0,22.0
2025-03-25 19:30:00+00:00,3024.39990234375,3024.39990234375,3024.10009765625,3024.199951171875,54.0
2025-03-25 19:31:00+00:00,3024.60009765625,3024.800048828125,3024.199951171875,3024.300048828125,56.0
2025-03-25 19:32:00+00:00,3025.0,3025.0,3024.60009765625,3024.699951171875,24.0
2025-03-25 19:33:00+00:00,3024.89990234375,3025.0,3024.800048828125,3024.89990234375,17.0
2025-03-25 19:34:00+00:00,3025.39990234375,3025.39990234375,3024.800048828125,3024.89990234375,51.0
2025-03-25 19:35:00+00:00,3025.199951171875,3025.5,3024.89990234375,3025.5,54.0
2025-03-25 19:36:00+00:00,3024.89990234375,3025.300048828125,3024.800048828125,3025.300048828125,38.0
2025-03-25 19:37:00+00:00,3025.0,3025.0,3024.60009765625,3024.89990234375,53.0
2025-03-25 19:38:00+00:00,3024.39990234375,3025.10009765625,3024.300048828125,3025.0,98.0
2025-03-25 19:39:00+00:00,3024.5,3024.60009765625,3024.39990234375,3024.39990234375,119.0
2025-03-25 19:40:00+00:00,3024.800048828125,3024.89990234375,3024.39990234375,3024.39990234375,31.0
2025-03-25 19:41:00+00:00,3025.0,3025.10009765625,3024.89990234375,3024.89990234375,16.0
2025-03-25 19:42:00+00:00,3024.800048828125,3025.0,3024.699951171875,3025.0,14.0
2025-03-25 19:43:00+00:00,3024.89990234375,3024.89990234375,3024.699951171875,3024.800048828125,9.0
2025-03-25 19:44:00+00:00,3025.39990234375,3025.39990234375,3025.0,3025.0,27.0
2025-03-25 19:45:00+00:00,3025.199951171875,3025.60009765625,3025.199951171875,3025.39990234375,39.0
2025-03-25 19:46:00+00:00,3025.699951171875,3025.800048828125,3025.300048828125,3025.300048828125,55.0
2025-03-25 19:47:00+00:00,3026.0,3026.10009765625,3025.60009765625,3025.699951171875,58.0
2025-03-25 19:48:00+00:00,3026.0,3026.10009765625,3025.60009765625,3025.800048828125,75.0
2025-03-25 19:49:00+00:00,3026.199951171875,3026.300048828125,3026.0,3026.10009765625,42.0
2025-03-25 19:50:00+00:00,3025.699951171875,3026.300048828125,3025.10009765625,3026.10009765625,276.0
2025-03-25 19:51:00+00:00,3025.89990234375,3025.89990234375,3025.60009765625,3025.60009765625,21.0
2025-03-25 19:52:00+00:00,3025.0,3025.89990234375,3024.800048828125,3025.89990234375,290.0
2025-03-25 19:53:00+00:00,3025.0,3025.10009765625,3024.800048828125,3025.0,451.0
2025-03-25 19:54:00+00:00,3025.10009765625,3025.10009765625,3024.800048828125,3025.0,14.0
2025-03-25 19:55:00+00:00,3025.300048828125,3025.300048828125,3024.699951171875,3024.89990234375,59.0
2025-03-25 19:56:00+00:00,3025.199951171875,3025.699951171875,3025.199951171875,3025.39990234375,69.0
2025-03-25 19:57:00+00:00,3025.0,3025.199951171875,3024.89990234375,3025.199951171875,23.0
2025-03-25 19:58:00+00:00,3025.10009765625,3025.10009765625,3024.60009765625,3024.89990234375,65.0
2025-03-25 19:59:00+00:00,3025.699951171875,3025.699951171875,3025.0,3025.0,261.0
2025-03-25 20:00:00+00:00,3025.5,3025.699951171875,3025.39990234375,3025.60009765625,72.0
2025-03-25 20:01:00+00:00,3025.60009765625,3025.60009765625,3025.300048828125,3025.39990234375,43.0
2025-03-25 20:02:00+00:00,3025.5,3025.699951171875,3025.5,3025.60009765625,43.0
2025-03-25 20:03:00+00:00,3025.5,3025.5,3025.199951171875,3025.39990234375,29.0
2025-03-25 20:04:00+00:00,3025.60009765625,3025.800048828125,3025.5,3025.60009765625,38.0
2025-03-25 20:05:00+00:00,3025.39990234375,3025.39990234375,3025.39990234375,3025.39990234375,1.0
2025-03-25 20:06:00+00:00,3025.300048828125,3025.5,3024.89990234375,3025.0,112.0
2025-03-25 20:07:00+00:00,3025.39990234375,3025.39990234375,3025.199951171875,3025.199951171875,11.0
2025-03-25 20:08:00+00:00,3025.89990234375,3026.199951171875,3025.5,3025.5,63.0
2025-03-25 20:09:00+00:00,3025.89990234375,3026.300048828125,3025.89990234375,3026.10009765625,36.0
2025-03-25 20:10:00+00:00,3026.0,3026.10009765625,3025.89990234375,3025.89990234375,18.0
2025-03-25 20:11:00+00:00,3026.300048828125,3026.60009765625,3026.0,3026.0,24.0
2025-03-25 20:12:00+00:00,3026.199951171875,3026.5,3026.199951171875,3026.300048828125,12.0
2025-03-25 20:13:00+00:00,3026.300048828125,3026.300048828125,3026.300048828125,3026.300048828125,21.0
2025-03-25 20:14:00+00:00,3026.10009765625,3026.300048828125,3025.89990234375,3026.199951171875,43.0
2025-03-25 20:15:00+00:00,3026.39990234375,3026.39990234375,3026.0,3026.10009765625,13.0
2025-03-25 20:16:00+00:00,3026.60009765625,3026.60009765625,3026.10009765625,3026.5,59.0
2025-03-25 20:17:00+00:00,3026.800048828125,3026.800048828125,3026.39990234375,3026.5,15.0
2025-03-25 20:18:00+00:00,3026.699951171875,3026.800048828125,3026.5,3026.800048828125,15.0
2025-03-25 20:19:00+00:00,3026.5,3026.5,3026.39990234375,3026.5,8.0
2025-03-25 20:20:00+00:00,3026.5,3026.60009765625,3026.5,3026.5,13.0
2025-03-25 20:21:00+00:00,3026.60009765625,3026.60009765625,3026.10009765625,3026.39990234375,24.0
2025-03-25 20:22:00+00:00,3026.5,3026.60009765625,3026.39990234375,3026.60009765625,25.0
2025-03-25 20:23:00+00:00,3026.60009765625,3026.60009765625,3026.60009765625,3026.60009765625,2.0
2025-03-25 20:24:00+00:00,3026.60009765625,3026.60009765625,3026.5,3026.5,5.0
2025-03-25 20:25:00+00:00,3026.5,3026.60009765625,3026.39990234375,3026.60009765625,21.0
2025-03-25 20:26:00+00:00,3026.199951171875,3026.39990234375,3026.10009765625,3026.39990234375,11.0
2025-03-25 20:27:00+00:00,3026.0,3026.199951171875,3026.0,3026.10009765625,28.0
2025-03-25 20:28:00+00:00,3026.0,3026.10009765625,3025.60009765625,3025.89990234375,66.0
2025-03-25 20:29:00+00:00,3026.0,3026.10009765625,3025.89990234375,3025.89990234375,10.0
2025-03-25 20:30:00+00:00,3026.0,3026.300048828125,3026.0,3026.10009765625,27.0
2025-03-25 20:31:00+00:00,3026.199951171875,3026.199951171875,3025.89990234375,3025.89990234375,7.0
2025-03-25 20:32:00+00:00,3026.300048828125,3026.39990234375,3026.199951171875,3026.300048828125,9.0
2025-03-25 20:33:00+00:00,3026.39990234375,3026.39990234375,3026.39990234375,3026.39990234375,14.0
2025-03-25 20:35:00+00:00,3026.300048828125,3026.60009765625,3026.199951171875,3026.60009765625,33.0
2025-03-25 20:36:00+00:00,3026.199951171875,3026.39990234375,3026.10009765625,3026.300048828125,49.0
2025-03-25 20:37:00+00:00,3026.199951171875,3026.199951171875,3026.0,3026.199951171875,37.0
2025-03-25 20:38:00+00:00,3026.300048828125,3026.300048828125,3026.300048828125,3026.300048828125,24.0
2025-03-25 20:39:00+00:00,3026.10009765625,3026.300048828125,3026.10009765625,3026.300048828125,7.0
2025-03-25 20:40:00+00:00,3026.39990234375,3026.39990234375,3026.300048828125,3026.300048828125,11.0
2025-03-25 20:41:00+00:00,3026.39990234375,3026.5,3026.39990234375,3026.5,38.0
2025-03-25 20:42:00+00:00,3026.300048828125,3026.39990234375,3026.10009765625,3026.39990234375,19.0
2025-03-25 20:43:00+00:00,3026.300048828125,3026.300048828125,3026.300048828125,3026.300048828125,43.0
2025-03-25 20:44:00+00:00,3026.300048828125,3026.5,3026.199951171875,3026.39990234375,17.0
2025-03-25 20:45:00+00:00,3026.0,3026.300048828125,3026.0,3026.199951171875,22.0
2025-03-25 20:46:00+00:00,3026.199951171875,3026.39990234375,3026.199951171875,3026.199951171875,21.0
2025-03-25 20:47:00+00:00,3026.699951171875,3026.699951171875,3026.39990234375,3026.39990234375,8.0
2025-03-25 20:48:00+00:00,3026.699951171875,3026.89990234375,3026.60009765625,3026.800048828125,17.0
2025-03-25 20:49:00+00:00,3026.699951171875,3026.800048828125,3026.60009765625,3026.60009765625,9.0
2025-03-25 20:50:00+00:00,3026.10009765625,3026.800048828125,3026.10009765625,3026.800048828125,30.0
2025-03-25 20:51:00+00:00,3026.10009765625,3026.10009765625,3025.800048828125,3026.0,36.0
2025-03-25 20:52:00+00:00,3026.199951171875,3026.199951171875,3025.89990234375,3026.0,20.0
2025-03-25 20:53:00+00:00,3026.0,3026.10009765625,3025.800048828125,3026.10009765625,21.0
2025-03-25 20:54:00+00:00,3026.0,3026.199951171875,3026.0,3026.10009765625,6.0
2025-03-25 20:55:00+00:00,3026.199951171875,3026.199951171875,3025.89990234375,3025.89990234375,15.0
2025-03-25 20:56:00+00:00,3026.699951171875,3026.699951171875,3026.300048828125,3026.39990234375,21.0
2025-03-25 20:57:00+00:00,3026.5,3026.60009765625,3026.39990234375,3026.5,17.0
2025-03-25 20:58:00+00:00,3026.0,3026.5,3026.0,3026.5,11.0
2025-03-25 20:59:00+00:00,3026.199951171875,3026.199951171875,3026.0,3026.10009765625,20.0
2025-03-25 22:00:00+00:00,3026.0,3026.199951171875,3025.5,3025.800048828125,0.0
2025-03-25 22:01:00+00:00,3026.60009765625,3026.60009765625,3025.89990234375,3026.10009765625,34.0
2025-03-25 22:02:00+00:00,3026.5,3026.699951171875,3026.199951171875,3026.5,50.0
2025-03-25 22:03:00+00:00,3026.699951171875,3026.800048828125,3026.39990234375,3026.5,42.0
2025-03-25 22:04:00+00:00,3026.699951171875,3026.699951171875,3026.199951171875,3026.60009765625,28.0
2025-03-25 22:05:00+00:00,3026.39990234375,3026.60009765625,3026.300048828125,3026.5,20.0
2025-03-25 22:06:00+00:00,3026.60009765625,3026.699951171875,3026.39990234375,3026.60009765625,14.0
2025-03-25 22:07:00+00:00,3026.800048828125,3026.800048828125,3026.60009765625,3026.60009765625,19.0
2025-03-25 22:08:00+00:00,3027.300048828125,3027.300048828125,3026.800048828125,3026.800048828125,47.0
2025-03-25 22:09:00+00:00,3027.300048828125,3027.5,3027.10009765625,3027.300048828125,24.0
2025-03-25 22:10:00+00:00,3027.10009765625,3027.10009765625,3027.10009765625,3027.10009765625,5.0
2025-03-25 22:11:00+00:00,3027.10009765625,3027.10009765625,3026.89990234375,3027.0,6.0
2025-03-25 22:12:00+00:00,3027.5,3027.5,3027.10009765625,3027.10009765625,6.0
2025-03-25 22:13:00+00:00,3027.199951171875,3027.39990234375,3027.199951171875,3027.39990234375,10.0
2025-03-25 22:14:00+00:00,3027.199951171875,3027.199951171875,3027.0,3027.199951171875,22.0
2025-03-25 22:15:00+00:00,3027.10009765625,3027.10009765625,3027.0,3027.10009765625,13.0
2025-03-25 22:17:00+00:00,3026.60009765625,3027.0,3026.60009765625,3027.0,21.0
2025-03-25 22:18:00+00:00,3026.5,3026.699951171875,3026.300048828125,3026.699951171875,41.0
2025-03-25 22:19:00+00:00,3025.60009765625,3026.5,3025.60009765625,3026.5,79.0
2025-03-25 22:20:00+00:00,3025.800048828125,3025.89990234375,3025.5,3025.5,5.0
2025-03-25 22:21:00+00:00,3025.699951171875,3025.89990234375,3025.699951171875,3025.89990234375,7.0
2025-03-25 22:22:00+00:00,3025.60009765625,3025.699951171875,3025.10009765625,3025.699951171875,56.0
2025-03-25 22:24:00+00:00,3025.5,3025.60009765625,3025.5,3025.60009765625,9.0
2025-03-25 22:25:00+00:00,3025.699951171875,3025.800048828125,3025.5,3025.60009765625,24.0
2025-03-25 22:26:00+00:00,3025.60009765625,3025.60009765625,3025.60009765625,3025.60009765625,1.0
2025-03-25 22:27:00+00:00,3025.800048828125,3025.800048828125,3025.800048828125,3025.800048828125,1.0
2025-03-25 22:28:00+00:00,3025.89990234375,3026.0,3025.800048828125,3025.89990234375,12.0
2025-03-25 22:29:00+00:00,3026.39990234375,3026.5,3025.800048828125,3025.800048828125,25.0
2025-03-25 22:30:00+00:00,3026.199951171875,3026.39990234375,3026.199951171875,3026.300048828125,6.0
2025-03-25 22:31:00+00:00,3026.0,3026.199951171875,3026.0,3026.199951171875,16.0
2025-03-25 22:33:00+00:00,3025.39990234375,3026.0,3025.39990234375,3026.0,45.0
2025-03-25 22:34:00+00:00,3025.199951171875,3025.300048828125,3025.10009765625,3025.300048828125,14.0
2025-03-25 22:35:00+00:00,3025.39990234375,3025.39990234375,3025.199951171875,3025.199951171875,10.0
2025-03-25 22:36:00+00:00,3025.89990234375,3025.89990234375,3025.5,3025.5,36.0
2025-03-25 22:39:00+00:00,3025.800048828125,3025.800048828125,3025.800048828125,3025.800048828125,2.0
2025-03-25 22:40:00+00:00,3025.800048828125,3025.800048828125,3025.800048828125,3025.800048828125,4.0
2025-03-25 22:41:00+00:00,3026.199951171875,3026.199951171875,3025.89990234375,3025.89990234375,14.0
2025-03-25 22:42:00+00:00,3025.60009765625,3026.39990234375,3025.60009765625,3026.199951171875,66.0
2025-03-25 22:43:00+00:00,3025.699951171875,3025.699951171875,3025.60009765625,3025.60009765625,7.0
2025-03-25 22:45:00+00:00,3025.39990234375,3025.5,3025.300048828125,3025.39990234375,14.0
2025-03-25 22:46:00+00:00,3025.300048828125,3025.39990234375,3025.300048828125,3025.39990234375,5.0
2025-03-25 22:47:00+00:00,3025.39990234375,3025.60009765625,3025.39990234375,3025.5,31.0
2025-03-25 22:49:00+00:00,3025.300048828125,3025.5,3025.300048828125,3025.5,9.0
2025-03-25 22:50:00+00:00,3025.5,3025.5,3025.5,3025.5,4.0
2025-03-25 22:51:00+00:00,3025.60009765625,3025.699951171875,3025.60009765625,3025.699951171875,2.0
2025-03-25 22:52:00+00:00,3025.699951171875,3025.699951171875,3025.39990234375,3025.699951171875,23.0
2025-03-25 22:54:00+00:00,3025.800048828125,3025.800048828125,3025.800048828125,3025.800048828125,3.0
2025-03-25 22:55:00+00:00,3025.699951171875,3025.89990234375,3025.699951171875,3025.89990234375,22.0
2025-03-25 22:56:00+00:00,3025.699951171875,3025.699951171875,3025.699951171875,3025.699951171875,2.0
2025-03-25 22:57:00+00:00,3025.89990234375,3025.89990234375,3025.89990234375,3025.89990234375,4.0
2025-03-25 22:58:00+00:00,3025.699951171875,3026.0,3025.699951171875,3026.0,10.0
2025-03-25 22:59:00+00:00,3025.89990234375,3025.89990234375,3025.89990234375,3025.89990234375,1.0
2025-03-25 23:00:00+00:00,3025.60009765625,3026.0,3025.5,3025.699951171875,46.0
2025-03-25 23:01:00+00:00,3025.5,3025.89990234375,3025.39990234375,3025.699951171875,32.0
2025-03-25 23:02:00+00:00,3025.800048828125,3025.800048828125,3025.60009765625,3025.60009765625,10.0
2025-03-25 23:03:00+00:00,3025.800048828125,3025.800048828125,3025.699951171875,3025.699951171875,8.0
2025-03-25 23:04:00+00:00,3025.800048828125,3025.800048828125,3025.699951171875,3025.800048828125,7.0
2025-03-25 23:05:00+00:00,3025.800048828125,3025.89990234375,3025.800048828125,3025.800048828125,20.0
2025-03-25 23:06:00+00:00,3025.89990234375,3025.89990234375,3025.60009765625,3025.699951171875,20.0
2025-03-25 23:07:00+00:00,3025.800048828125,3025.89990234375,3025.60009765625,3025.800048828125,51.0
2025-03-25 23:09:00+00:00,3025.89990234375,3025.89990234375,3025.699951171875,3025.89990234375,8.0
2025-03-25 23:10:00+00:00,3025.39990234375,3025.699951171875,3025.39990234375,3025.699951171875,8.0
2025-03-25 23:11:00+00:00,3025.699951171875,3025.699951171875,3025.5,3025.5,17.0
2025-03-25 23:12:00+00:00,3025.39990234375,3025.60009765625,3025.39990234375,3025.60009765625,13.0
2025-03-25 23:13:00+00:00,3025.5,3025.60009765625,3025.39990234375,3025.39990234375,12.0
2025-03-25 23:14:00+00:00,3025.39990234375,3025.60009765625,3025.300048828125,3025.5,24.0
2025-03-25 23:15:00+00:00,3025.39990234375,3025.60009765625,3025.199951171875,3025.39990234375,31.0
2025-03-25 23:16:00+00:00,3025.199951171875,3025.39990234375,3025.199951171875,3025.39990234375,7.0
2025-03-25 23:17:00+00:00,3025.199951171875,3025.199951171875,3025.0,3025.199951171875,20.0
2025-03-25 23:18:00+00:00,3025.0,3025.10009765625,3025.0,3025.0,10.0
2025-03-25 23:19:00+00:00,3025.10009765625,3025.199951171875,3025.0,3025.10009765625,7.0
2025-03-25 23:20:00+00:00,3024.89990234375,3025.10009765625,3024.89990234375,3025.10009765625,7.0
2025-03-25 23:21:00+00:00,3025.10009765625,3025.10009765625,3025.0,3025.0,3.0
2025-03-25 23:22:00+00:00,3025.5,3025.5,3025.199951171875,3025.199951171875,17.0
2025-03-25 23:23:00+00:00,3025.699951171875,3026.0,3025.5,3025.5,51.0
2025-03-25 23:24:00+00:00,3025.89990234375,3025.89990234375,3025.60009765625,3025.60009765625,6.0
2025-03-25 23:25:00+00:00,3025.89990234375,3026.0,3025.800048828125,3026.0,46.0
2025-03-25 23:26:00+00:00,3025.699951171875,3025.800048828125,3025.699951171875,3025.800048828125,4.0
2025-03-25 23:27:00+00:00,3025.60009765625,3025.60009765625,3025.60009765625,3025.60009765625,2.0
2025-03-25 23:28:00+00:00,3025.5,3025.60009765625,3025.300048828125,3025.60009765625,3.0
2025-03-25 23:29:00+00:00,3025.39990234375,3025.39990234375,3025.300048828125,3025.300048828125,22.0
2025-03-25 23:30:00+00:00,3025.0,3025.199951171875,3025.0,3025.199951171875,14.0
2025-03-25 23:31:00+00:00,3025.5,3025.800048828125,3025.0,3025.0,63.0
2025-03-25 23:32:00+00:00,3025.39990234375,3025.5,3025.300048828125,3025.5,5.0
2025-03-25 23:33:00+00:00,3025.60009765625,3025.800048828125,3025.39990234375,3025.39990234375,32.0
2025-03-25 23:34:00+00:00,3025.800048828125,3026.0,3025.699951171875,3025.699951171875,34.0
2025-03-25 23:35:00+00:00,3025.800048828125,3026.0,3025.800048828125,3025.89990234375,38.0
2025-03-25 23:36:00+00:00,3025.60009765625,3025.60009765625,3025.60009765625,3025.60009765625,8.0
2025-03-25 23:37:00+00:00,3025.60009765625,3025.60009765625,3025.60009765625,3025.60009765625,4.0
2025-03-25 23:38:00+00:00,3025.800048828125,3025.800048828125,3025.699951171875,3025.699951171875,11.0
2025-03-25 23:39:00+00:00,3025.800048828125,3025.800048828125,3025.60009765625,3025.699951171875,4.0
2025-03-25 23:41:00+00:00,3025.5,3025.800048828125,3025.5,3025.800048828125,26.0
2025-03-25 23:45:00+00:00,3025.60009765625,3025.60009765625,3025.5,3025.5,9.0
2025-03-25 23:46:00+00:00,3024.89990234375,3025.60009765625,3024.89990234375,3025.300048828125,29.0
2025-03-25 23:47:00+00:00,3025.0,3025.0,3024.699951171875,3024.800048828125,36.0
2025-03-25 23:48:00+00:00,3025.199951171875,3025.199951171875,3025.0,3025.0,5.0
2025-03-25 23:49:00+00:00,3025.10009765625,3025.300048828125,3025.10009765625,3025.300048828125,7.0
2025-03-25 23:50:00+00:00,3025.0,3025.10009765625,3024.89990234375,3025.10009765625,10.0
2025-03-25 23:51:00+00:00,3025.199951171875,3025.199951171875,3025.10009765625,3025.10009765625,14.0
2025-03-25 23:52:00+00:00,3025.39990234375,3025.39990234375,3025.199951171875,3025.199951171875,14.0
2025-03-25 23:53:00+00:00,3025.89990234375,3025.89990234375,3025.39990234375,3025.39990234375,39.0
2025-03-25 23:54:00+00:00,3025.800048828125,3025.800048828125,3025.699951171875,3025.699951171875,2.0
2025-03-25 23:55:00+00:00,3025.5,3025.699951171875,3025.5,3025.699951171875,7.0
2025-03-25 23:56:00+00:00,3025.39990234375,3025.60009765625,3025.300048828125,3025.60009765625,21.0
2025-03-25 23:57:00+00:00,3025.5,3025.5,3025.10009765625,3025.300048828125,14.0
2025-03-25 23:58:00+00:00,3025.300048828125,3025.800048828125,3025.300048828125,3025.5,36.0
2025-03-25 23:59:00+00:00,3025.300048828125,3025.800048828125,3025.199951171875,3025.5,27.0
2025-03-26 00:00:00+00:00,3025.89990234375,3026.0,3025.199951171875,3025.39990234375,54.0
2025-03-26 00:01:00+00:00,3025.5,3026.0,3025.39990234375,3025.89990234375,31.0
2025-03-26 00:02:00+00:00,3025.5,3025.60009765625,3025.39990234375,3025.39990234375,15.0
2025-03-26 00:03:00+00:00,3025.60009765625,3025.699951171875,3025.5,3025.5,10.0
2025-03-26 00:04:00+00:00,3025.39990234375,3026.0,3025.39990234375,3025.699951171875,63.0
2025-03-26 00:05:00+00:00,3025.39990234375,3025.39990234375,3025.300048828125,3025.300048828125,3.0
2025-03-26 00:06:00+00:00,3025.199951171875,3025.39990234375,3025.10009765625,3025.39990234375,12.0
2025-03-26 00:07:00+00:00,3025.39990234375,3025.39990234375,3025.199951171875,3025.300048828125,10.0
2025-03-26 00:08:00+00:00,3025.60009765625,3025.60009765625,3025.5,3025.5,6.0
2025-03-26 00:09:00+00:00,3025.300048828125,3025.39990234375,3025.300048828125,3025.39990234375,6.0
2025-03-26 00:10:00+00:00,3025.300048828125,3025.60009765625,3025.300048828125,3025.39990234375,29.0
2025-03-26 00:11:00+00:00,3025.199951171875,3025.300048828125,3025.199951171875,3025.300048828125,12.0
2025-03-26 00:12:00+00:00,3025.10009765625,3025.300048828125,3025.10009765625,3025.199951171875,16.0
2025-03-26 00:13:00+00:00,3025.300048828125,3025.300048828125,3025.10009765625,3025.10009765625,6.0
2025-03-26 00:15:00+00:00,3025.60009765625,3025.60009765625,3025.199951171875,3025.39990234375,29.0
2025-03-26 00:16:00+00:00,3025.60009765625,3025.699951171875,3025.5,3025.699951171875,20.0
2025-03-26 00:17:00+00:00,3025.39990234375,3025.5,3025.300048828125,3025.5,23.0
2025-03-26 00:18:00+00:00,3025.39990234375,3025.39990234375,3025.300048828125,3025.300048828125,14.0
2025-03-26 00:19:00+00:00,3025.60009765625,3025.699951171875,3025.39990234375,3025.39990234375,15.0
2025-03-26 00:20:00+00:00,3025.5,3025.5,3025.39990234375,3025.39990234375,11.0
2025-03-26 00:21:00+00:00,3025.800048828125,3025.800048828125,3025.5,3025.5,10.0
2025-03-26 00:22:00+00:00,3025.89990234375,3026.0,3025.699951171875,3025.699951171875,164.0
2025-03-26 00:23:00+00:00,3025.89990234375,3026.0,3025.800048828125,3025.89990234375,220.0
2025-03-26 00:24:00+00:00,3025.800048828125,3026.0,3025.699951171875,3026.0,124.0
2025-03-26 00:25:00+00:00,3025.39990234375,3025.699951171875,3025.300048828125,3025.699951171875,16.0
2025-03-26 00:26:00+00:00,3024.89990234375,3025.39990234375,3024.89990234375,3025.300048828125,35.0
2025-03-26 00:27:00+00:00,3025.10009765625,3025.10009765625,3024.800048828125,3025.0,52.0
2025-03-26 00:28:00+00:00,3025.0,3025.10009765625,3024.89990234375,3025.0,18.0
2025-03-26 00:29:00+00:00,3024.5,3025.10009765625,3024.5,3025.0,61.0
2025-03-26 00:30:00+00:00,3024.89990234375,3024.89990234375,3024.10009765625,3024.39990234375,94.0
2025-03-26 00:31:00+00:00,3024.89990234375,3025.0,3024.800048828125,3025.0,8.0
2025-03-26 00:32:00+00:00,3024.699951171875,3024.89990234375,3024.5,3024.89990234375,24.0
2025-03-26 00:33:00+00:00,3024.300048828125,3024.60009765625,3024.199951171875,3024.60009765625,20.0
2025-03-26 00:34:00+00:00,3024.10009765625,3024.39990234375,3023.800048828125,3024.199951171875,111.0
2025-03-26 00:35:00+00:00,3023.699951171875,3024.10009765625,3023.699951171875,3024.10009765625,50.0
2025-03-26 00:36:00+00:00,3023.0,3023.60009765625,3022.89990234375,3023.60009765625,48.0
2025-03-26 00:37:00+00:00,3022.699951171875,3022.89990234375,3022.39990234375,3022.89990234375,1258.0
2025-03-26 00:38:00+00:00,3021.89990234375,3022.60009765625,3021.800048828125,3022.5,118.0
2025-03-26 00:39:00+00:00,3022.199951171875,3022.5,3021.800048828125,3021.800048828125,43.0
2025-03-26 00:40:00+00:00,3022.10009765625,3022.10009765625,3021.800048828125,3022.10009765625,42.0
2025-03-26 00:41:00+00:00,3022.0,3022.5,3021.800048828125,3022.10009765625,32.0
2025-03-26 00:42:00+00:00,3022.89990234375,3022.89990234375,3022.10009765625,3022.10009765625,69.0
2025-03-26 00:43:00+00:00,3022.0,3022.800048828125,3022.0,3022.800048828125,39.0
2025-03-26 00:44:00+00:00,3022.300048828125,3022.300048828125,3022.0,3022.0,16.0
2025-03-26 00:45:00+00:00,3022.0,3022.199951171875,3022.0,3022.10009765625,35.0
2025-03-26 00:46:00+00:00,3021.89990234375,3022.10009765625,3021.89990234375,3022.10009765625,22.0
2025-03-26 00:47:00+00:00,3022.60009765625,3022.60009765625,3022.0,3022.0,40.0
2025-03-26 00:48:00+00:00,3022.5,3022.800048828125,3022.10009765625,3022.60009765625,73.0
2025-03-26 00:49:00+00:00,3022.60009765625,3022.60009765625,3022.199951171875,3022.60009765625,25.0
2025-03-26 00:50:00+00:00,3022.699951171875,3022.699951171875,3022.5,3022.5,66.0
2025-03-26 00:51:00+00:00,3022.699951171875,3023.0,3022.60009765625,3022.800048828125,54.0
2025-03-26 00:52:00+00:00,3022.5,3022.699951171875,3022.5,3022.699951171875,13.0
2025-03-26 00:53:00+00:00,3022.0,3022.39990234375,3021.89990234375,3022.39990234375,23.0
2025-03-26 00:54:00+00:00,3022.10009765625,3022.10009765625,3021.89990234375,3022.10009765625,23.0
2025-03-26 00:55:00+00:00,3022.0,3022.199951171875,3021.89990234375,3022.0,30.0
2025-03-26 00:56:00+00:00,3022.10009765625,3022.5,3022.10009765625,3022.10009765625,23.0
2025-03-26 00:57:00+00:00,3021.89990234375,3022.199951171875,3021.699951171875,3022.10009765625,76.0
2025-03-26 00:58:00+00:00,3021.89990234375,3022.0,3021.699951171875,3021.89990234375,51.0
2025-03-26 00:59:00+00:00,3022.10009765625,3022.199951171875,3021.89990234375,3021.89990234375,23.0
2025-03-26 01:00:00+00:00,3021.0,3022.10009765625,3020.60009765625,3022.0,346.0
2025-03-26 01:01:00+00:00,3021.39990234375,3022.10009765625,3020.699951171875,3020.800048828125,198.0
2025-03-26 01:02:00+00:00,3021.60009765625,3021.60009765625,3020.60009765625,3021.39990234375,90.0
2025-03-26 01:03:00+00:00,3020.5,3021.5,3020.5,3021.5,81.0
2025-03-26 01:04:00+00:00,3020.60009765625,3020.800048828125,3020.199951171875,3020.60009765625,99.0
2025-03-26 01:05:00+00:00,3020.5,3020.89990234375,3020.5,3020.800048828125,39.0
2025-03-26 01:06:00+00:00,3020.699951171875,3020.89990234375,3020.199951171875,3020.39990234375,50.0
2025-03-26 01:07:00+00:00,3021.199951171875,3021.39990234375,3020.60009765625,3020.60009765625,36.0
2025-03-26 01:08:00+00:00,3021.5,3021.699951171875,3021.10009765625,3021.10009765625,48.0
2025-03-26 01:09:00+00:00,3021.10009765625,3021.60009765625,3020.800048828125,3021.5,59.0
2025-03-26 01:10:00+00:00,3020.89990234375,3021.199951171875,3020.39990234375,3021.10009765625,100.0
2025-03-26 01:11:00+00:00,3021.39990234375,3021.800048828125,3020.89990234375,3020.89990234375,83.0
2025-03-26 01:12:00+00:00,3021.300048828125,3021.699951171875,3021.300048828125,3021.39990234375,30.0
2025-03-26 01:13:00+00:00,3022.5,3022.699951171875,3021.199951171875,3021.39990234375,62.0
2025-03-26 01:14:00+00:00,3023.199951171875,3023.5,3022.39990234375,3022.39990234375,99.0
2025-03-26 01:15:00+00:00,3023.89990234375,3024.0,3023.300048828125,3023.300048828125,110.0
2025-03-26 01:16:00+00:00,3024.0,3024.5,3023.89990234375,3024.0,118.0
2025-03-26 01:17:00+00:00,3024.199951171875,3024.60009765625,3024.10009765625,3024.10009765625,57.0
2025-03-26 01:18:00+00:00,3023.800048828125,3025.0,3023.800048828125,3024.10009765625,63.0
2025-03-26 01:19:00+00:00,3023.300048828125,3023.800048828125,3023.199951171875,3023.699951171875,50.0
2025-03-26 01:20:00+00:00,3022.60009765625,3023.39990234375,3022.5,3023.39990234375,116.0
2025-03-26 01:21:00+00:00,3022.5,3022.60009765625,3022.0,3022.60009765625,101.0
2025-03-26 01:22:00+00:00,3022.300048828125,3022.699951171875,3022.0,3022.60009765625,24.0
2025-03-26 01:23:00+00:00,3021.800048828125,3022.5,3021.60009765625,3022.5,54.0
2025-03-26 01:24:00+00:00,3022.10009765625,3022.5,3021.60009765625,3021.89990234375,107.0
2025-03-26 01:25:00+00:00,3022.5,3022.800048828125,3022.199951171875,3022.199951171875,64.0
2025-03-26 01:26:00+00:00,3022.60009765625,3022.60009765625,3022.199951171875,3022.5,66.0
2025-03-26 01:27:00+00:00,3023.199951171875,3023.699951171875,3022.60009765625,3022.60009765625,81.0
2025-03-26 01:28:00+00:00,3023.39990234375,3023.39990234375,3023.10009765625,3023.300048828125,11.0
2025-03-26 01:29:00+00:00,3022.60009765625,3023.60009765625,3022.60009765625,3023.60009765625,24.0
2025-03-26 01:30:00+00:00,3023.10009765625,3023.199951171875,3022.10009765625,3022.60009765625,76.0
2025-03-26 01:31:00+00:00,3023.199951171875,3023.300048828125,3022.800048828125,3022.89990234375,35.0
2025-03-26 01:32:00+00:00,3023.60009765625,3023.699951171875,3023.10009765625,3023.300048828125,29.0
2025-03-26 01:33:00+00:00,3023.699951171875,3023.89990234375,3023.300048828125,3023.60009765625,73.0
2025-03-26 01:34:00+00:00,3023.800048828125,3024.10009765625,3023.60009765625,3023.89990234375,77.0
2025-03-26 01:35:00+00:00,3024.5,3024.60009765625,3023.699951171875,3023.699951171875,44.0
2025-03-26 01:36:00+00:00,3024.0,3024.800048828125,3023.89990234375,3024.5,61.0
2025-03-26 01:37:00+00:00,3023.5,3024.199951171875,3023.300048828125,3024.10009765625,90.0
2025-03-26 01:38:00+00:00,3024.300048828125,3024.300048828125,3023.5,3023.5,31.0
2025-03-26 01:39:00+00:00,3024.0,3024.39990234375,3023.699951171875,3024.39990234375,103.0
2025-03-26 01:40:00+00:00,3024.199951171875,3024.199951171875,3023.699951171875,3024.0,25.0
2025-03-26 01:41:00+00:00,3025.0,3025.199951171875,3024.10009765625,3024.300048828125,103.0
2025-03-26 01:42:00+00:00,3025.39990234375,3025.5,3025.0,3025.10009765625,113.0
2025-03-26 01:43:00+00:00,3025.60009765625,3026.0,3025.39990234375,3025.5,187.0
2025-03-26 01:44:00+00:00,3026.10009765625,3026.199951171875,3025.699951171875,3025.699951171875,115.0
2025-03-26 01:45:00+00:00,3025.89990234375,3026.60009765625,3025.60009765625,3026.10009765625,73.0
2025-03-26 01:46:00+00:00,3026.199951171875,3026.199951171875,3025.800048828125,3026.10009765625,38.0
2025-03-26 01:47:00+00:00,3026.699951171875,3026.699951171875,3026.300048828125,3026.300048828125,34.0
2025-03-26 01:48:00+00:00,3026.5,3026.800048828125,3026.300048828125,3026.800048828125,70.0
2025-03-26 01:49:00+00:00,3025.89990234375,3027.0,3025.800048828125,3026.60009765625,128.0
2025-03-26 01:50:00+00:00,3026.39990234375,3026.39990234375,3025.699951171875,3025.89990234375,27.0
2025-03-26 01:51:00+00:00,3026.39990234375,3026.39990234375,3025.800048828125,3026.39990234375,29.0
2025-03-26 01:52:00+00:00,3027.300048828125,3027.300048828125,3026.300048828125,3026.39990234375,55.0
2025-03-26 01:53:00+00:00,3027.800048828125,3027.89990234375,3027.10009765625,3027.199951171875,56.0
2025-03-26 01:54:00+00:00,3027.60009765625,3027.89990234375,3027.60009765625,3027.60009765625,31.0
2025-03-26 01:55:00+00:00,3028.199951171875,3028.199951171875,3027.39990234375,3027.60009765625,112.0
2025-03-26 01:56:00+00:00,3028.10009765625,3028.199951171875,3027.60009765625,3028.0,63.0
2025-03-26 01:57:00+00:00,3028.800048828125,3028.800048828125,3027.89990234375,3028.10009765625,80.0
2025-03-26 01:58:00+00:00,3029.0,3029.199951171875,3028.5,3028.699951171875,107.0
2025-03-26 01:59:00+00:00,3028.39990234375,3028.89990234375,3028.199951171875,3028.89990234375,110.0
2025-03-26 02:00:00+00:00,3029.300048828125,3029.300048828125,3028.39990234375,3028.5,142.0
2025-03-26 02:01:00+00:00,3027.60009765625,3029.699951171875,3027.5,3029.300048828125,416.0
2025-03-26 02:02:00+00:00,3027.89990234375,3028.10009765625,3027.39990234375,3027.5,92.0
2025-03-26 02:03:00+00:00,3027.5,3027.89990234375,3027.0,3027.89990234375,77.0
2025-03-26 02:04:00+00:00,3028.10009765625,3028.39990234375,3027.39990234375,3027.699951171875,103.0
2025-03-26 02:05:00+00:00,3028.0,3028.300048828125,3028.0,3028.199951171875,18.0
2025-03-26 02:06:00+00:00,3028.10009765625,3028.800048828125,3028.10009765625,3028.10009765625,57.0
2025-03-26 02:07:00+00:00,3028.5,3028.60009765625,3028.0,3028.199951171875,68.0
2025-03-26 02:08:00+00:00,3029.10009765625,3029.39990234375,3028.5,3028.699951171875,102.0
2025-03-26 02:09:00+00:00,3028.39990234375,3029.0,3028.10009765625,3029.0,58.0
2025-03-26 02:10:00+00:00,3028.39990234375,3028.699951171875,3028.0,3028.199951171875,74.0
2025-03-26 02:11:00+00:00,3028.699951171875,3028.699951171875,3028.0,3028.300048828125,70.0
2025-03-26 02:12:00+00:00,3029.10009765625,3029.10009765625,3028.5,3028.699951171875,53.0
2025-03-26 02:13:00+00:00,3028.699951171875,3029.199951171875,3028.60009765625,3028.89990234375,25.0
2025-03-26 02:14:00+00:00,3028.60009765625,3028.800048828125,3028.5,3028.800048828125,33.0
2025-03-26 02:15:00+00:00,3028.800048828125,3029.10009765625,3028.39990234375,3028.39990234375,56.0
2025-03-26 02:16:00+00:00,3029.10009765625,3029.199951171875,3028.300048828125,3028.699951171875,56.0
2025-03-26 02:17:00+00:00,3028.5,3029.10009765625,3028.199951171875,3029.0,92.0
2025-03-26 02:18:00+00:00,3028.5,3028.60009765625,3028.300048828125,3028.5,17.0
2025-03-26 02:19:00+00:00,3028.800048828125,3028.800048828125,3028.60009765625,3028.60009765625,18.0
2025-03-26 02:20:00+00:00,3029.5,3029.5,3028.60009765625,3028.699951171875,95.0
2025-03-26 02:21:00+00:00,3029.60009765625,3029.800048828125,3029.10009765625,3029.39990234375,79.0
2025-03-26 02:22:00+00:00,3029.300048828125,3029.5,3029.199951171875,3029.5,48.0
2025-03-26 02:23:00+00:00,3029.199951171875,3029.800048828125,3029.199951171875,3029.300048828125,74.0
2025-03-26 02:24:00+00:00,3029.0,3029.300048828125,3028.800048828125,3029.10009765625,28.0
2025-03-26 02:25:00+00:00,3028.699951171875,3028.800048828125,3028.199951171875,3028.800048828125,28.0
2025-03-26 02:26:00+00:00,3029.0,3029.0,3028.699951171875,3028.800048828125,6.0
2025-03-26 02:27:00+00:00,3029.5,3029.60009765625,3029.0,3029.199951171875,48.0
2025-03-26 02:28:00+00:00,3029.60009765625,3029.699951171875,3029.39990234375,3029.39990234375,10.0
2025-03-26 02:29:00+00:00,3029.89990234375,3030.0,3029.5,3029.800048828125,49.0
2025-03-26 02:30:00+00:00,3028.39990234375,3029.800048828125,3028.39990234375,3029.800048828125,104.0
2025-03-26 02:31:00+00:00,3028.89990234375,3029.0,3028.39990234375,3028.39990234375,23.0
2025-03-26 02:32:00+00:00,3029.39990234375,3029.5,3028.800048828125,3029.0,45.0
2025-03-26 02:33:00+00:00,3028.800048828125,3029.300048828125,3028.800048828125,3029.300048828125,29.0
2025-03-26 02:34:00+00:00,3029.39990234375,3029.39990234375,3029.0,3029.0,45.0
2025-03-26 02:35:00+00:00,3029.699951171875,3029.699951171875,3029.300048828125,3029.39990234375,35.0
2025-03-26 02:36:00+00:00,3029.800048828125,3030.699951171875,3029.199951171875,3029.300048828125,191.0
2025-03-26 02:37:00+00:00,3028.89990234375,3029.89990234375,3028.89990234375,3029.699951171875,168.0
2025-03-26 02:38:00+00:00,3029.60009765625,3029.60009765625,3028.699951171875,3028.89990234375,73.0
2025-03-26 02:39:00+00:00,3029.5,3030.0,3029.5,3029.60009765625,51.0
2025-03-26 02:40:00+00:00,3029.300048828125,3030.0,3029.10009765625,3029.699951171875,48.0
2025-03-26 02:41:00+00:00,3028.60009765625,3029.800048828125,3028.5,3029.300048828125,125.0
2025-03-26 02:42:00+00:00,3028.39990234375,3028.5,3027.89990234375,3028.5,62.0
2025-03-26 02:43:00+00:00,3027.60009765625,3028.300048828125,3027.300048828125,3028.300048828125,91.0
2025-03-26 02:44:00+00:00,3027.300048828125,3027.800048828125,3027.199951171875,3027.800048828125,77.0
2025-03-26 02:45:00+00:00,3027.300048828125,3027.60009765625,3027.199951171875,3027.199951171875,90.0
2025-03-26 02:46:00+00:00,3027.60009765625,3027.800048828125,3027.0,3027.300048828125,38.0
2025-03-26 02:47:00+00:00,3028.5,3028.699951171875,3027.699951171875,3027.699951171875,77.0
2025-03-26 02:48:00+00:00,3028.199951171875,3028.5,3027.89990234375,3028.39990234375,81.0
2025-03-26 02:49:00+00:00,3027.89990234375,3028.300048828125,3027.800048828125,3028.199951171875,17.0
2025-03-26 02:50:00+00:00,3027.89990234375,3027.89990234375,3027.60009765625,3027.60009765625,15.0
2025-03-26 02:51:00+00:00,3028.0,3028.10009765625,3027.89990234375,3027.89990234375,25.0
2025-03-26 02:52:00+00:00,3027.300048828125,3027.89990234375,3027.199951171875,3027.800048828125,48.0
2025-03-26 02:53:00+00:00,3027.5,3027.60009765625,3027.199951171875,3027.5,17.0
2025-03-26 02:54:00+00:00,3027.60009765625,3027.800048828125,3027.5,3027.60009765625,9.0
2025-03-26 02:55:00+00:00,3027.5,3027.60009765625,3027.300048828125,3027.5,30.0
2025-03-26 02:56:00+00:00,3027.300048828125,3027.39990234375,3027.10009765625,3027.39990234375,10.0
2025-03-26 02:57:00+00:00,3027.300048828125,3027.5,3027.300048828125,3027.300048828125,30.0
2025-03-26 02:58:00+00:00,3028.10009765625,3028.199951171875,3027.300048828125,3027.300048828125,34.0
2025-03-26 02:59:00+00:00,3028.300048828125,3028.5,3028.300048828125,3028.39990234375,6.0
2025-03-26 03:00:00+00:00,3027.60009765625,3028.10009765625,3027.39990234375,3028.10009765625,18.0
2025-03-26 03:01:00+00:00,3027.5,3027.5,3027.10009765625,3027.300048828125,8.0
2025-03-26 03:02:00+00:00,3026.800048828125,3027.5,3026.60009765625,3027.39990234375,47.0
2025-03-26 03:03:00+00:00,3027.0,3027.10009765625,3026.699951171875,3026.800048828125,20.0
2025-03-26 03:04:00+00:00,3027.0,3027.39990234375,3026.89990234375,3027.0,38.0
2025-03-26 03:05:00+00:00,3026.60009765625,3026.89990234375,3026.5,3026.800048828125,20.0
2025-03-26 03:06:00+00:00,3026.60009765625,3026.800048828125,3026.60009765625,3026.60009765625,5.0
2025-03-26 03:07:00+00:00,3026.300048828125,3026.5,3026.300048828125,3026.5,32.0
2025-03-26 03:08:00+00:00,3026.39990234375,3026.699951171875,3026.199951171875,3026.199951171875,25.0
2025-03-26 03:09:00+00:00,3026.300048828125,3026.699951171875,3026.199951171875,3026.60009765625,18.0
2025-03-26 03:10:00+00:00,3026.300048828125,3026.5,3026.199951171875,3026.300048828125,19.0
2025-03-26 03:11:00+00:00,3026.199951171875,3026.699951171875,3026.199951171875,3026.39990234375,41.0
2025-03-26 03:12:00+00:00,3025.60009765625,3026.199951171875,3025.5,3026.199951171875,47.0
2025-03-26 03:13:00+00:00,3025.300048828125,3025.699951171875,3025.300048828125,3025.60009765625,48.0
2025-03-26 03:14:00+00:00,3024.699951171875,3025.699951171875,3024.60009765625,3025.5,99.0
2025-03-26 03:15:00+00:00,3024.89990234375,3024.89990234375,3024.39990234375,3024.60009765625,63.0
2025-03-26 03:16:00+00:00,3024.60009765625,3025.10009765625,3024.60009765625,3024.89990234375,35.0
2025-03-26 03:17:00+00:00,3024.300048828125,3024.39990234375,3024.10009765625,3024.39990234375,58.0
2025-03-26 03:18:00+00:00,3024.300048828125,3024.800048828125,3024.10009765625,3024.199951171875,31.0
2025-03-26 03:19:00+00:00,3024.10009765625,3024.5,3023.800048828125,3024.300048828125,66.0
2025-03-26 03:20:00+00:00,3024.5,3024.699951171875,3024.10009765625,3024.10009765625,37.0
2025-03-26 03:21:00+00:00,3024.39990234375,3024.5,3024.199951171875,3024.39990234375,10.0
2025-03-26 03:22:00+00:00,3024.39990234375,3024.800048828125,3024.300048828125,3024.39990234375,38.0
2025-03-26 03:23:00+00:00,3024.39990234375,3024.39990234375,3024.10009765625,3024.39990234375,45.0
2025-03-26 03:24:00+00:00,3023.39990234375,3024.10009765625,3023.39990234375,3024.10009765625,44.0
2025-03-26 03:25:00+00:00,3023.39990234375,3023.89990234375,3023.10009765625,3023.39990234375,83.0
2025-03-26 03:26:00+00:00,3023.89990234375,3024.0,3023.39990234375,3023.39990234375,23.0
2025-03-26 03:27:00+00:00,3023.800048828125,3024.0,3023.60009765625,3023.800048828125,25.0
2025-03-26 03:28:00+00:00,3023.199951171875,3023.60009765625,3023.10009765625,3023.60009765625,31.0
2025-03-26 03:29:00+00:00,3022.699951171875,3023.300048828125,3022.699951171875,3023.300048828125,90.0
2025-03-26 03:30:00+00:00,3022.39990234375,3022.89990234375,3022.199951171875,3022.60009765625,100.0
2025-03-26 03:31:00+00:00,3023.10009765625,3023.199951171875,3022.39990234375,3022.39990234375,40.0
2025-03-26 03:32:00+00:00,3022.89990234375,3023.39990234375,3022.699951171875,3023.0,32.0
2025-03-26 03:33:00+00:00,3022.60009765625,3023.10009765625,3022.39990234375,3023.0,37.0
2025-03-26 03:34:00+00:00,3022.5,3022.89990234375,3022.300048828125,3022.800048828125,47.0
2025-03-26 03:35:00+00:00,3022.199951171875,3022.699951171875,3022.199951171875,3022.5,62.0
2025-03-26 03:36:00+00:00,3022.199951171875,3022.300048828125,3021.89990234375,3022.199951171875,53.0
2025-03-26 03:37:00+00:00,3022.300048828125,3022.39990234375,3021.800048828125,3022.10009765625,38.0
2025-03-26 03:38:00+00:00,3021.89990234375,3022.300048828125,3021.89990234375,3022.199951171875,43.0
2025-03-26 03:39:00+00:00,3021.60009765625,3021.800048828125,3021.39990234375,3021.800048828125,74.0
2025-03-26 03:40:00+00:00,3021.199951171875,3021.699951171875,3021.199951171875,3021.60009765625,139.0
2025-03-26 03:41:00+00:00,3020.89990234375,3021.300048828125,3020.699951171875,3021.300048828125,99.0
2025-03-26 03:42:00+00:00,3022.5,3022.5,3020.800048828125,3020.800048828125,99.0
2025-03-26 03:43:00+00:00,3022.800048828125,3023.39990234375,3021.800048828125,3022.699951171875,295.0
2025-03-26 03:44:00+00:00,3022.89990234375,3023.10009765625,3022.60009765625,3022.89990234375,36.0
2025-03-26 03:45:00+00:00,3022.60009765625,3022.89990234375,3022.5,3022.699951171875,20.0
2025-03-26 03:46:00+00:00,3022.0,3022.5,3022.0,3022.5,47.0
2025-03-26 03:47:00+00:00,3021.89990234375,3022.0,3021.60009765625,3022.0,50.0
2025-03-26 03:48:00+00:00,3021.5,3021.89990234375,3021.5,3021.89990234375,29.0
2025-03-26 03:49:00+00:00,3021.300048828125,3021.699951171875,3021.10009765625,3021.39990234375,56.0
2025-03-26 03:50:00+00:00,3021.39990234375,3021.699951171875,3021.10009765625,3021.199951171875,42.0
2025-03-26 03:51:00+00:00,3021.10009765625,3021.60009765625,3021.10009765625,3021.300048828125,44.0
2025-03-26 03:52:00+00:00,3020.800048828125,3021.199951171875,3020.699951171875,3021.0,38.0
2025-03-26 03:53:00+00:00,3020.5,3021.0,3020.5,3021.0,47.0
2025-03-26 03:54:00+00:00,3020.5,3021.0,3020.39990234375,3020.5,57.0
2025-03-26 03:55:00+00:00,3020.699951171875,3020.699951171875,3020.39990234375,3020.60009765625,45.0
2025-03-26 03:56:00+00:00,3020.39990234375,3020.60009765625,3020.300048828125,3020.60009765625,42.0
2025-03-26 03:57:00+00:00,3020.5,3020.699951171875,3020.300048828125,3020.60009765625,47.0
2025-03-26 03:58:00+00:00,3020.800048828125,3020.800048828125,3020.39990234375,3020.39990234375,28.0
2025-03-26 04:00:00+00:00,3020.60009765625,3021.10009765625,3020.60009765625,3021.10009765625,37.0
2025-03-26 04:01:00+00:00,3020.39990234375,3020.699951171875,3019.89990234375,3020.699951171875,160.0
2025-03-26 04:02:00+00:00,3020.199951171875,3020.5,3020.10009765625,3020.5,41.0
2025-03-26 04:03:00+00:00,3020.39990234375,3020.39990234375,3020.199951171875,3020.300048828125,24.0
2025-03-26 04:04:00+00:00,3020.89990234375,3020.89990234375,3020.39990234375,3020.5,31.0
2025-03-26 04:05:00+00:00,3020.300048828125,3020.699951171875,3020.199951171875,3020.699951171875,17.0
2025-03-26 04:06:00+00:00,3020.0,3020.39990234375,3019.60009765625,3020.199951171875,63.0
2025-03-26 04:07:00+00:00,3020.0,3020.300048828125,3019.699951171875,3020.199951171875,52.0
2025-03-26 04:08:00+00:00,3020.10009765625,3020.10009765625,3020.0,3020.0,12.0
2025-03-26 04:09:00+00:00,3020.0,3020.0,3019.89990234375,3020.0,12.0
2025-03-26 04:10:00+00:00,3020.10009765625,3020.300048828125,3020.10009765625,3020.10009765625,23.0
2025-03-26 04:11:00+00:00,3020.60009765625,3020.699951171875,3020.39990234375,3020.39990234375,32.0
2025-03-26 04:12:00+00:00,3020.5,3020.800048828125,3020.39990234375,3020.60009765625,37.0
2025-03-26 04:13:00+00:00,3020.39990234375,3020.60009765625,3020.199951171875,3020.60009765625,60.0
2025-03-26 04:14:00+00:00,3020.60009765625,3020.60009765625,3020.39990234375,3020.39990234375,4.0
2025-03-26 04:15:00+00:00,3020.10009765625,3020.60009765625,3020.10009765625,3020.60009765625,44.0
2025-03-26 04:16:00+00:00,3020.300048828125,3020.5,3020.199951171875,3020.199951171875,30.0
2025-03-26 04:17:00+00:00,3021.0,3021.10009765625,3020.199951171875,3020.39990234375,105.0
2025-03-26 04:18:00+00:00,3021.10009765625,3021.39990234375,3021.0,3021.10009765625,57.0
2025-03-26 04:19:00+00:00,3020.5,3021.10009765625,3020.39990234375,3021.10009765625,33.0
2025-03-26 04:20:00+00:00,3020.10009765625,3020.5,3019.89990234375,3020.5,38.0
2025-03-26 04:21:00+00:00,3020.300048828125,3020.39990234375,3019.89990234375,3020.10009765625,436.0
2025-03-26 04:22:00+00:00,3020.199951171875,3020.199951171875,3020.0,3020.0,59.0
2025-03-26 04:23:00+00:00,3020.300048828125,3020.39990234375,3020.199951171875,3020.300048828125,44.0
2025-03-26 04:24:00+00:00,3020.60009765625,3020.699951171875,3020.199951171875,3020.39990234375,70.0
2025-03-26 04:25:00+00:00,3020.300048828125,3020.5,3020.199951171875,3020.5,55.0
2025-03-26 04:26:00+00:00,3020.0,3020.199951171875,3020.0,3020.199951171875,61.0
2025-03-26 04:27:00+00:00,3019.5,3020.300048828125,3019.300048828125,3020.300048828125,86.0
2025-03-26 04:28:00+00:00,3019.800048828125,3019.800048828125,3019.60009765625,3019.699951171875,30.0
2025-03-26 04:29:00+00:00,3019.699951171875,3020.0,3019.60009765625,3019.89990234375,48.0
2025-03-26 04:30:00+00:00,3019.60009765625,3019.800048828125,3019.39990234375,3019.699951171875,41.0
2025-03-26 04:31:00+00:00,3019.300048828125,3019.60009765625,3019.10009765625,3019.39990234375,29.0
2025-03-26 04:32:00+00:00,3019.0,3019.300048828125,3019.0,3019.300048828125,76.0
2025-03-26 04:33:00+00:00,3019.10009765625,3019.199951171875,3018.800048828125,3018.89990234375,36.0
2025-03-26 04:34:00+00:00,3019.5,3019.5,3019.0,3019.0,27.0
2025-03-26 04:35:00+00:00,3019.10009765625,3019.5,3019.10009765625,3019.5,16.0
2025-03-26 04:36:00+00:00,3019.300048828125,3019.300048828125,3019.0,3019.0,33.0
2025-03-26 04:37:00+00:00,3019.300048828125,3019.300048828125,3018.89990234375,3019.199951171875,19.0
2025-03-26 04:38:00+00:00,3019.199951171875,3019.39990234375,3019.10009765625,3019.300048828125,15.0
2025-03-26 04:39:00+00:00,3019.300048828125,3019.300048828125,3019.199951171875,3019.300048828125,9.0
2025-03-26 04:40:00+00:00,3019.39990234375,3019.39990234375,3018.800048828125,3019.39990234375,34.0
2025-03-26 04:41:00+00:00,3019.300048828125,3019.39990234375,3019.10009765625,3019.39990234375,6.0
2025-03-26 04:42:00+00:00,3019.10009765625,3019.39990234375,3019.10009765625,3019.39990234375,26.0
2025-03-26 04:43:00+00:00,3018.89990234375,3019.199951171875,3018.89990234375,3019.10009765625,8.0
2025-03-26 04:44:00+00:00,3018.89990234375,3019.10009765625,3018.89990234375,3018.89990234375,13.0
2025-03-26 04:45:00+00:00,3019.199951171875,3019.39990234375,3018.89990234375,3018.89990234375,8.0
2025-03-26 04:46:00+00:00,3019.199951171875,3019.300048828125,3019.199951171875,3019.300048828125,9.0
2025-03-26 04:47:00+00:00,3019.199951171875,3019.300048828125,3019.0,3019.300048828125,13.0
2025-03-26 04:48:00+00:00,3019.199951171875,3019.300048828125,3019.199951171875,3019.199951171875,21.0
2025-03-26 04:49:00+00:00,3019.300048828125,3019.39990234375,3019.199951171875,3019.300048828125,9.0
2025-03-26 04:50:00+00:00,3019.60009765625,3019.800048828125,3019.5,3019.5,30.0
2025-03-26 04:51:00+00:00,3019.699951171875,3019.699951171875,3019.5,3019.699951171875,14.0
2025-03-26 04:52:00+00:00,3019.199951171875,3019.5,3019.10009765625,3019.5,102.0
2025-03-26 04:53:00+00:00,3019.10009765625,3019.199951171875,3019.0,3019.199951171875,33.0
2025-03-26 04:54:00+00:00,3019.10009765625,3019.199951171875,3018.800048828125,3019.10009765625,51.0
2025-03-26 04:55:00+00:00,3019.199951171875,3019.199951171875,3019.10009765625,3019.10009765625,26.0
2025-03-26 04:56:00+00:00,3018.89990234375,3019.10009765625,3018.5,3019.10009765625,110.0
2025-03-26 04:57:00+00:00,3019.300048828125,3019.39990234375,3019.0,3019.0,46.0
2025-03-26 04:58:00+00:00,3019.5,3019.60009765625,3019.300048828125,3019.300048828125,16.0
2025-03-26 04:59:00+00:00,3019.699951171875,3019.699951171875,3019.300048828125,3019.5,21.0
2025-03-26 05:00:00+00:00,3020.0,3020.0,3019.699951171875,3019.699951171875,29.0
2025-03-26 05:01:00+00:00,3019.300048828125,3020.0,3019.199951171875,3020.0,133.0
2025-03-26 05:02:00+00:00,3019.199951171875,3019.199951171875,3019.0,3019.199951171875,10.0
2025-03-26 05:03:00+00:00,3019.199951171875,3019.300048828125,3018.60009765625,3019.0,33.0
2025-03-26 05:04:00+00:00,3019.800048828125,3019.89990234375,3019.199951171875,3019.199951171875,28.0
2025-03-26 05:05:00+00:00,3020.10009765625,3020.60009765625,3019.89990234375,3019.89990234375,62.0
2025-03-26 05:06:00+00:00,3020.39990234375,3020.5,3019.800048828125,3020.10009765625,54.0
2025-03-26 05:07:00+00:00,3018.699951171875,3020.699951171875,3018.60009765625,3020.5,149.0
2025-03-26 05:08:00+00:00,3018.300048828125,3018.699951171875,3018.0,3018.699951171875,154.0
2025-03-26 05:09:00+00:00,3018.60009765625,3018.60009765625,3018.10009765625,3018.5,25.0
2025-03-26 05:10:00+00:00,3018.199951171875,3018.5,3018.10009765625,3018.5,35.0
2025-03-26 05:11:00+00:00,3018.199951171875,3018.300048828125,3017.800048828125,3018.199951171875,43.0
2025-03-26 05:12:00+00:00,3018.300048828125,3018.5,3018.10009765625,3018.199951171875,37.0
2025-03-26 05:13:00+00:00,3018.800048828125,3018.89990234375,3018.60009765625,3018.60009765625,22.0
2025-03-26 05:14:00+00:00,3019.39990234375,3019.39990234375,3018.60009765625,3018.699951171875,30.0
2025-03-26 05:15:00+00:00,3019.699951171875,3019.89990234375,3019.199951171875,3019.300048828125,47.0
2025-03-26 05:16:00+00:00,3019.800048828125,3020.300048828125,3019.699951171875,3019.800048828125,53.0
2025-03-26 05:17:00+00:00,3019.800048828125,3019.800048828125,3019.5,3019.800048828125,24.0
2025-03-26 05:18:00+00:00,3020.199951171875,3020.199951171875,3019.89990234375,3019.89990234375,29.0
2025-03-26 05:19:00+00:00,3019.89990234375,3020.10009765625,3019.800048828125,3020.10009765625,10.0
2025-03-26 05:20:00+00:00,3020.0,3020.199951171875,3020.0,3020.0,22.0
2025-03-26 05:21:00+00:00,3019.60009765625,3019.800048828125,3019.60009765625,3019.800048828125,20.0
2025-03-26 05:22:00+00:00,3019.300048828125,3019.60009765625,3019.300048828125,3019.60009765625,33.0
2025-03-26 05:23:00+00:00,3019.0,3019.699951171875,3019.0,3019.300048828125,23.0
2025-03-26 05:24:00+00:00,3019.0,3019.199951171875,3019.0,3019.0,33.0
2025-03-26 05:25:00+00:00,3019.300048828125,3019.300048828125,3018.699951171875,3019.0,43.0
2025-03-26 05:26:00+00:00,3019.300048828125,3019.300048828125,3019.199951171875,3019.199951171875,4.0
2025-03-26 05:27:00+00:00,3019.300048828125,3019.5,3019.10009765625,3019.300048828125,52.0
2025-03-26 05:28:00+00:00,3019.5,3019.699951171875,3019.39990234375,3019.39990234375,11.0
2025-03-26 05:29:00+00:00,3019.699951171875,3019.699951171875,3019.39990234375,3019.5,17.0
2025-03-26 05:30:00+00:00,3020.39990234375,3020.5,3019.10009765625,3019.699951171875,158.0
2025-03-26 05:31:00+00:00,3020.699951171875,3021.199951171875,3020.39990234375,3020.39990234375,88.0
2025-03-26 05:32:00+00:00,3020.89990234375,3021.199951171875,3020.60009765625,3020.60009765625,50.0
2025-03-26 05:33:00+00:00,3021.10009765625,3021.300048828125,3020.800048828125,3021.0,506.0
2025-03-26 05:34:00+00:00,3021.0,3021.0,3020.60009765625,3021.0,31.0
2025-03-26 05:35:00+00:00,3021.39990234375,3021.699951171875,3020.800048828125,3021.0,71.0
2025-03-26 05:36:00+00:00,3021.60009765625,3021.89990234375,3021.300048828125,3021.300048828125,38.0
2025-03-26 05:37:00+00:00,3021.800048828125,3022.0,3021.39990234375,3021.39990234375,59.0
2025-03-26 05:38:00+00:00,3022.10009765625,3022.199951171875,3021.60009765625,3021.89990234375,30.0
2025-03-26 05:39:00+00:00,3021.699951171875,3022.60009765625,3021.699951171875,3022.199951171875,106.0
2025-03-26 05:40:00+00:00,3022.0,3022.199951171875,3021.699951171875,3021.800048828125,50.0
2025-03-26 05:41:00+00:00,3021.89990234375,3022.0,3021.800048828125,3021.89990234375,23.0
2025-03-26 05:42:00+00:00,3022.5,3022.5,3021.89990234375,3022.0,44.0
2025-03-26 05:43:00+00:00,3022.39990234375,3022.60009765625,3021.699951171875,3022.39990234375,141.0
2025-03-26 05:44:00+00:00,3023.0,3023.0,3022.39990234375,3022.5,78.0
2025-03-26 05:45:00+00:00,3023.5,3023.60009765625,3022.800048828125,3023.0,88.0
2025-03-26 05:46:00+00:00,3022.60009765625,3023.5,3022.300048828125,3023.5,60.0
2025-03-26 05:47:00+00:00,3023.10009765625,3023.10009765625,3022.60009765625,3022.60009765625,383.0
2025-03-26 05:48:00+00:00,3023.800048828125,3023.89990234375,3023.199951171875,3023.199951171875,89.0
2025-03-26 05:49:00+00:00,3024.0,3024.10009765625,3023.800048828125,3023.89990234375,54.0
2025-03-26 05:50:00+00:00,3023.60009765625,3023.800048828125,3023.39990234375,3023.800048828125,86.0
2025-03-26 05:51:00+00:00,3023.89990234375,3024.199951171875,3023.699951171875,3023.699951171875,139.0
2025-03-26 05:52:00+00:00,3024.199951171875,3024.199951171875,3023.699951171875,3023.89990234375,49.0
2025-03-26 05:53:00+00:00,3025.10009765625,3025.10009765625,3024.10009765625,3024.199951171875,116.0
2025-03-26 05:54:00+00:00,3025.60009765625,3025.699951171875,3024.800048828125,3025.199951171875,156.0
2025-03-26 05:55:00+00:00,3026.39990234375,3026.39990234375,3025.39990234375,3025.60009765625,175.0
2025-03-26 05:56:00+00:00,3026.699951171875,3026.800048828125,3026.0,3026.300048828125,116.0
2025-03-26 05:57:00+00:00,3027.300048828125,3027.699951171875,3026.39990234375,3026.699951171875,184.0
2025-03-26 05:58:00+00:00,3026.60009765625,3027.5,3026.60009765625,3027.5,104.0
2025-03-26 05:59:00+00:00,3026.300048828125,3026.699951171875,3025.89990234375,3026.5,211.0
2025-03-26 06:00:00+00:00,3025.800048828125,3026.199951171875,3025.39990234375,3026.0,284.0
2025-03-26 06:01:00+00:00,3027.0,3027.10009765625,3025.89990234375,3025.89990234375,85.0
2025-03-26 06:02:00+00:00,3027.300048828125,3027.60009765625,3026.89990234375,3027.10009765625,125.0
2025-03-26 06:03:00+00:00,3027.199951171875,3027.5,3027.10009765625,3027.199951171875,44.0
2025-03-26 06:04:00+00:00,3026.89990234375,3027.199951171875,3026.39990234375,3027.10009765625,97.0
2025-03-26 06:05:00+00:00,3027.800048828125,3028.0,3026.89990234375,3026.89990234375,279.0
2025-03-26 06:06:00+00:00,3028.0,3028.0,3027.39990234375,3027.89990234375,89.0
2025-03-26 06:07:00+00:00,3028.10009765625,3028.39990234375,3027.699951171875,3027.800048828125,84.0
2025-03-26 06:08:00+00:00,3027.300048828125,3028.800048828125,3027.199951171875,3028.300048828125,78.0
2025-03-26 06:09:00+00:00,3027.89990234375,3028.0,3027.300048828125,3027.300048828125,78.0
2025-03-26 06:10:00+00:00,3028.10009765625,3028.10009765625,3027.39990234375,3027.699951171875,50.0
2025-03-26 06:11:00+00:00,3027.800048828125,3028.300048828125,3027.800048828125,3028.199951171875,58.0
2025-03-26 06:12:00+00:00,3027.0,3027.699951171875,3027.0,3027.699951171875,32.0
2025-03-26 06:13:00+00:00,3028.5,3028.5,3027.199951171875,3027.199951171875,67.0
2025-03-26 06:14:00+00:00,3028.199951171875,3028.5,3028.10009765625,3028.300048828125,72.0
2025-03-26 06:15:00+00:00,3027.60009765625,3028.0,3027.39990234375,3028.0,42.0
2025-03-26 06:16:00+00:00,3028.10009765625,3028.199951171875,3027.60009765625,3027.60009765625,92.0
2025-03-26 06:17:00+00:00,3027.39990234375,3027.89990234375,3027.39990234375,3027.89990234375,71.0
2025-03-26 06:18:00+00:00,3027.10009765625,3027.5,3026.89990234375,3027.5,64.0
2025-03-26 06:19:00+00:00,3026.699951171875,3027.300048828125,3026.60009765625,3027.10009765625,39.0
2025-03-26 06:20:00+00:00,3026.800048828125,3026.89990234375,3026.39990234375,3026.5,108.0
2025-03-26 06:21:00+00:00,3027.39990234375,3027.39990234375,3026.699951171875,3026.89990234375,75.0
2025-03-26 06:22:00+00:00,3027.300048828125,3027.60009765625,3027.10009765625,3027.39990234375,127.0
2025-03-26 06:23:00+00:00,3027.699951171875,3028.10009765625,3027.39990234375,3027.39990234375,98.0
2025-03-26 06:24:00+00:00,3028.0,3028.10009765625,3027.800048828125,3027.89990234375,29.0
2025-03-26 06:25:00+00:00,3028.39990234375,3028.5,3027.89990234375,3028.10009765625,29.0
2025-03-26 06:26:00+00:00,3028.300048828125,3028.5,3028.10009765625,3028.39990234375,39.0
2025-03-26 06:27:00+00:00,3028.39990234375,3028.60009765625,3028.300048828125,3028.39990234375,69.0
2025-03-26 06:28:00+00:00,3028.800048828125,3029.0,3028.300048828125,3028.300048828125,60.0
2025-03-26 06:29:00+00:00,3028.60009765625,3028.699951171875,3028.60009765625,3028.699951171875,19.0
2025-03-26 06:30:00+00:00,3028.60009765625,3029.0,3028.300048828125,3028.5,61.0
2025-03-26 06:31:00+00:00,3028.699951171875,3029.0,3028.60009765625,3028.60009765625,49.0
2025-03-26 06:32:00+00:00,3028.699951171875,3028.89990234375,3028.60009765625,3028.699951171875,37.0
2025-03-26 06:33:00+00:00,3028.60009765625,3028.89990234375,3028.5,3028.699951171875,41.0
2025-03-26 06:34:00+00:00,3028.800048828125,3029.0,3028.199951171875,3028.699951171875,58.0
2025-03-26 06:35:00+00:00,3028.89990234375,3029.199951171875,3028.699951171875,3028.89990234375,42.0
2025-03-26 06:36:00+00:00,3029.199951171875,3029.300048828125,3028.89990234375,3028.89990234375,49.0
2025-03-26 06:37:00+00:00,3028.800048828125,3029.199951171875,3028.5,3029.10009765625,28.0
2025-03-26 06:38:00+00:00,3028.5,3028.800048828125,3028.39990234375,3028.699951171875,38.0
2025-03-26 06:39:00+00:00,3028.0,3028.39990234375,3027.800048828125,3028.39990234375,79.0
2025-03-26 06:40:00+00:00,3028.10009765625,3028.300048828125,3027.699951171875,3028.10009765625,40.0
2025-03-26 06:41:00+00:00,3028.5,3029.0,3028.199951171875,3028.199951171875,53.0
2025-03-26 06:42:00+00:00,3028.800048828125,3028.89990234375,3028.300048828125,3028.699951171875,63.0
2025-03-26 06:43:00+00:00,3029.0,3029.199951171875,3028.300048828125,3028.699951171875,75.0
2025-03-26 06:44:00+00:00,3028.5,3029.10009765625,3028.5,3029.0,68.0
2025-03-26 06:45:00+00:00,3028.60009765625,3028.60009765625,3028.300048828125,3028.5,11.0
2025-03-26 06:46:00+00:00,3028.60009765625,3028.699951171875,3028.5,3028.5,19.0
2025-03-26 06:47:00+00:00,3028.699951171875,3029.0,3028.60009765625,3028.89990234375,10.0
2025-03-26 06:48:00+00:00,3028.699951171875,3028.89990234375,3028.5,3028.5,30.0
2025-03-26 06:49:00+00:00,3028.89990234375,3029.0,3028.60009765625,3028.800048828125,18.0
2025-03-26 06:50:00+00:00,3029.300048828125,3029.300048828125,3028.699951171875,3029.0,54.0
2025-03-26 06:51:00+00:00,3028.800048828125,3029.199951171875,3028.60009765625,3029.199951171875,34.0
2025-03-26 06:52:00+00:00,3029.199951171875,3029.199951171875,3028.699951171875,3028.800048828125,58.0
2025-03-26 06:53:00+00:00,3029.5,3029.60009765625,3029.199951171875,3029.39990234375,25.0
2025-03-26 06:54:00+00:00,3029.10009765625,3029.39990234375,3029.10009765625,3029.39990234375,26.0
2025-03-26 06:55:00+00:00,3029.60009765625,3029.60009765625,3029.300048828125,3029.300048828125,28.0
2025-03-26 06:56:00+00:00,3029.699951171875,3029.699951171875,3029.39990234375,3029.5,29.0
2025-03-26 06:57:00+00:00,3029.39990234375,3029.699951171875,3029.199951171875,3029.699951171875,35.0
2025-03-26 06:58:00+00:00,3029.39990234375,3029.800048828125,3029.39990234375,3029.5,36.0
2025-03-26 06:59:00+00:00,3029.800048828125,3030.0,3029.5,3029.60009765625,148.0
2025-03-26 07:00:00+00:00,3028.89990234375,3029.699951171875,3028.300048828125,3029.699951171875,122.0
2025-03-26 07:01:00+00:00,3028.60009765625,3029.0,3028.5,3028.800048828125,89.0
2025-03-26 07:02:00+00:00,3029.0,3029.10009765625,3028.300048828125,3028.5,87.0
2025-03-26 07:03:00+00:00,3029.300048828125,3029.60009765625,3028.89990234375,3028.89990234375,620.0
2025-03-26 07:04:00+00:00,3029.199951171875,3029.5,3029.0,3029.39990234375,36.0
2025-03-26 07:05:00+00:00,3029.39990234375,3029.89990234375,3029.10009765625,3029.199951171875,58.0
2025-03-26 07:06:00+00:00,3030.5,3030.5,3029.199951171875,3029.199951171875,114.0
2025-03-26 07:07:00+00:00,3031.10009765625,3031.39990234375,3030.300048828125,3030.300048828125,185.0
2025-03-26 07:08:00+00:00,3030.300048828125,3031.300048828125,3030.300048828125,3031.199951171875,152.0
2025-03-26 07:09:00+00:00,3030.5,3030.60009765625,3030.39990234375,3030.39990234375,10.0
2025-03-26 07:10:00+00:00,3030.60009765625,3030.89990234375,3030.5,3030.60009765625,31.0
2025-03-26 07:11:00+00:00,3030.89990234375,3031.0,3030.60009765625,3030.699951171875,73.0
2025-03-26 07:12:00+00:00,3030.89990234375,3030.89990234375,3030.800048828125,3030.800048828125,8.0
2025-03-26 07:13:00+00:00,3030.300048828125,3030.800048828125,3030.10009765625,3030.800048828125,78.0
2025-03-26 07:14:00+00:00,3030.5,3030.5,3030.0,3030.300048828125,53.0
2025-03-26 07:15:00+00:00,3030.60009765625,3030.699951171875,3030.39990234375,3030.5,49.0
2025-03-26 07:16:00+00:00,3030.699951171875,3030.800048828125,3030.60009765625,3030.699951171875,17.0
2025-03-26 07:17:00+00:00,3030.5,3030.800048828125,3030.39990234375,3030.800048828125,53.0
2025-03-26 07:18:00+00:00,3030.10009765625,3030.5,3029.60009765625,3030.5,121.0
2025-03-26 07:19:00+00:00,3030.0,3030.300048828125,3029.699951171875,3030.199951171875,18.0
2025-03-26 07:20:00+00:00,3030.0,3030.199951171875,3029.800048828125,3029.89990234375,40.0
2025-03-26 07:21:00+00:00,3030.300048828125,3030.60009765625,3030.10009765625,3030.10009765625,60.0
2025-03-26 07:22:00+00:00,3029.60009765625,3030.199951171875,3029.5,3030.199951171875,47.0
2025-03-26 07:23:00+00:00,3029.60009765625,3029.60009765625,3029.0,3029.5,77.0
2025-03-26 07:24:00+00:00,3029.699951171875,3030.0,3029.60009765625,3029.699951171875,33.0
2025-03-26 07:25:00+00:00,3029.60009765625,3029.699951171875,3029.300048828125,3029.699951171875,40.0
2025-03-26 07:26:00+00:00,3031.0,3031.0,3029.60009765625,3029.699951171875,48.0
2025-03-26 07:27:00+00:00,3029.89990234375,3031.0,3029.800048828125,3030.800048828125,93.0
2025-03-26 07:28:00+00:00,3030.300048828125,3030.39990234375,3029.800048828125,3029.89990234375,75.0
2025-03-26 07:29:00+00:00,3030.39990234375,3030.5,3030.10009765625,3030.10009765625,13.0
2025-03-26 07:30:00+00:00,3030.39990234375,3030.699951171875,3030.300048828125,3030.5,43.0
2025-03-26 07:31:00+00:00,3030.89990234375,3031.300048828125,3030.300048828125,3030.39990234375,81.0
2025-03-26 07:32:00+00:00,3030.89990234375,3031.10009765625,3030.60009765625,3031.0,36.0
2025-03-26 07:33:00+00:00,3031.199951171875,3031.199951171875,3030.89990234375,3031.0,65.0
2025-03-26 07:34:00+00:00,3031.800048828125,3032.199951171875,3030.89990234375,3031.10009765625,160.0
2025-03-26 07:35:00+00:00,3032.5,3032.60009765625,3031.699951171875,3031.699951171875,42.0
2025-03-26 07:36:00+00:00,3032.300048828125,3032.60009765625,3031.800048828125,3032.5,242.0
2025-03-26 07:37:00+00:00,3032.0,3032.5,3031.89990234375,3032.199951171875,82.0
2025-03-26 07:38:00+00:00,3031.39990234375,3032.0,3031.39990234375,3032.0,36.0
2025-03-26 07:39:00+00:00,3031.60009765625,3031.60009765625,3031.300048828125,3031.5,40.0
2025-03-26 07:40:00+00:00,3031.60009765625,3031.699951171875,3031.60009765625,3031.699951171875,20.0
2025-03-26 07:41:00+00:00,3032.0,3032.300048828125,3031.800048828125,3031.800048828125,51.0
2025-03-26 07:42:00+00:00,3032.89990234375,3032.89990234375,3032.10009765625,3032.10009765625,51.0
2025-03-26 07:43:00+00:00,3032.699951171875,3033.10009765625,3032.699951171875,3033.0,40.0
2025-03-26 07:44:00+00:00,3032.60009765625,3032.89990234375,3032.39990234375,3032.699951171875,45.0
2025-03-26 07:45:00+00:00,3032.800048828125,3033.0,3032.60009765625,3032.699951171875,72.0
2025-03-26 07:46:00+00:00,3033.300048828125,3033.800048828125,3032.699951171875,3032.699951171875,154.0
2025-03-26 07:47:00+00:00,3033.5,3033.800048828125,3032.800048828125,3033.10009765625,44.0
2025-03-26 07:48:00+00:00,3033.39990234375,3033.89990234375,3033.39990234375,3033.699951171875,77.0
2025-03-26 07:49:00+00:00,3033.800048828125,3034.10009765625,3033.5,3033.5,59.0
2025-03-26 07:50:00+00:00,3033.800048828125,3033.800048828125,3033.5,3033.800048828125,24.0
2025-03-26 07:51:00+00:00,3034.300048828125,3034.39990234375,3033.800048828125,3033.89990234375,104.0
2025-03-26 07:52:00+00:00,3033.5,3034.300048828125,3033.5,3034.300048828125,59.0
2025-03-26 07:53:00+00:00,3033.10009765625,3034.10009765625,3033.10009765625,3033.5,86.0
2025-03-26 07:54:00+00:00,3033.5,3033.60009765625,3033.0,3033.10009765625,55.0
2025-03-26 07:55:00+00:00,3033.60009765625,3033.800048828125,3033.0,3033.5,158.0
2025-03-26 07:56:00+00:00,3034.199951171875,3034.5,3033.699951171875,3033.800048828125,62.0
2025-03-26 07:57:00+00:00,3034.5,3034.5,3034.199951171875,3034.199951171875,27.0
2025-03-26 07:58:00+00:00,3034.39990234375,3034.699951171875,3034.39990234375,3034.5,194.0
2025-03-26 07:59:00+00:00,3034.300048828125,3034.60009765625,3034.10009765625,3034.5,53.0
2025-03-26 08:00:00+00:00,3034.60009765625,3034.89990234375,3034.300048828125,3034.39990234375,54.0
2025-03-26 08:01:00+00:00,3034.89990234375,3035.300048828125,3034.5,3034.699951171875,119.0
2025-03-26 08:02:00+00:00,3035.60009765625,3035.800048828125,3034.89990234375,3034.89990234375,66.0
2025-03-26 08:03:00+00:00,3035.699951171875,3036.10009765625,3035.60009765625,3035.60009765625,97.0
2025-03-26 08:04:00+00:00,3034.699951171875,3035.89990234375,3034.5,3035.60009765625,137.0
2025-03-26 08:05:00+00:00,3034.800048828125,3035.0,3034.300048828125,3034.5,99.0
2025-03-26 08:06:00+00:00,3035.10009765625,3035.199951171875,3034.39990234375,3034.800048828125,61.0
2025-03-26 08:07:00+00:00,3034.60009765625,3035.0,3034.5,3035.0,69.0
2025-03-26 08:08:00+00:00,3034.39990234375,3034.800048828125,3033.89990234375,3034.5,239.0
2025-03-26 08:09:00+00:00,3035.0,3035.10009765625,3034.39990234375,3034.39990234375,75.0
2025-03-26 08:10:00+00:00,3034.89990234375,3035.10009765625,3034.699951171875,3035.0,36.0
2025-03-26 08:11:00+00:00,3035.0,3035.199951171875,3034.699951171875,3034.800048828125,86.0
2025-03-26 08:12:00+00:00,3034.5,3035.199951171875,3034.39990234375,3034.89990234375,81.0
2025-03-26 08:13:00+00:00,3033.699951171875,3034.5,3033.39990234375,3034.5,162.0
2025-03-26 08:14:00+00:00,3032.800048828125,3033.5,3032.699951171875,3033.5,188.0
2025-03-26 08:15:00+00:00,3032.60009765625,3032.800048828125,3032.300048828125,3032.800048828125,108.0
2025-03-26 08:16:00+00:00,3032.300048828125,3032.60009765625,3032.0,3032.5,76.0
2025-03-26 08:17:00+00:00,3031.89990234375,3032.60009765625,3031.800048828125,3032.10009765625,126.0
2025-03-26 08:18:00+00:00,3031.699951171875,3032.0,3031.5,3031.89990234375,60.0
2025-03-26 08:19:00+00:00,3032.5,3032.60009765625,3031.5,3031.800048828125,46.0
2025-03-26 08:20:00+00:00,3031.60009765625,3032.39990234375,3031.5,3032.39990234375,74.0
2025-03-26 08:21:00+00:00,3031.300048828125,3031.89990234375,3031.300048828125,3031.60009765625,33.0
2025-03-26 08:22:00+00:00,3031.60009765625,3031.60009765625,3031.300048828125,3031.39990234375,35.0
2025-03-26 08:23:00+00:00,3031.0,3031.699951171875,3030.89990234375,3031.699951171875,80.0
2025-03-26 08:24:00+00:00,3030.5,3031.199951171875,3030.39990234375,3031.10009765625,95.0
2025-03-26 08:25:00+00:00,3030.60009765625,3031.10009765625,3030.39990234375,3030.5,62.0
2025-03-26 08:26:00+00:00,3030.60009765625,3030.800048828125,3030.300048828125,3030.60009765625,54.0
2025-03-26 08:27:00+00:00,3030.60009765625,3031.0,3030.10009765625,3030.39990234375,67.0
2025-03-26 08:28:00+00:00,3031.39990234375,3031.5,3030.60009765625,3030.699951171875,120.0
2025-03-26 08:29:00+00:00,3031.5,3031.60009765625,3031.199951171875,3031.5,45.0
2025-03-26 08:30:00+00:00,3031.699951171875,3031.699951171875,3031.199951171875,3031.199951171875,20.0
2025-03-26 08:31:00+00:00,3031.199951171875,3031.60009765625,3031.0,3031.60009765625,52.0
2025-03-26 08:32:00+00:00,3031.199951171875,3031.300048828125,3031.0,3031.199951171875,50.0
2025-03-26 08:33:00+00:00,3031.199951171875,3031.5,3031.199951171875,3031.300048828125,19.0
2025-03-26 08:34:00+00:00,3031.800048828125,3031.89990234375,3031.39990234375,3031.39990234375,31.0
2025-03-26 08:35:00+00:00,3031.60009765625,3031.800048828125,3031.5,3031.699951171875,393.0
2025-03-26 08:36:00+00:00,3031.800048828125,3031.89990234375,3031.60009765625,3031.60009765625,34.0
2025-03-26 08:37:00+00:00,3031.300048828125,3031.699951171875,3031.300048828125,3031.699951171875,27.0
2025-03-26 08:38:00+00:00,3030.60009765625,3031.199951171875,3030.60009765625,3031.199951171875,17.0
2025-03-26 08:39:00+00:00,3030.199951171875,3030.60009765625,3030.10009765625,3030.60009765625,56.0
2025-03-26 08:40:00+00:00,3030.5,3030.5,3030.0,3030.10009765625,39.0
2025-03-26 08:41:00+00:00,3030.39990234375,3030.39990234375,3030.199951171875,3030.39990234375,12.0
2025-03-26 08:42:00+00:00,3030.699951171875,3031.0,3030.199951171875,3030.300048828125,64.0
2025-03-26 08:43:00+00:00,3030.60009765625,3030.800048828125,3030.60009765625,3030.699951171875,21.0
2025-03-26 08:44:00+00:00,3030.5,3030.800048828125,3030.39990234375,3030.800048828125,24.0
2025-03-26 08:45:00+00:00,3030.10009765625,3030.300048828125,3029.5,3030.300048828125,69.0
2025-03-26 08:46:00+00:00,3030.10009765625,3030.199951171875,3030.0,3030.10009765625,11.0
2025-03-26 08:47:00+00:00,3029.60009765625,3029.89990234375,3029.5,3029.800048828125,25.0
2025-03-26 08:48:00+00:00,3029.699951171875,3029.800048828125,3029.60009765625,3029.60009765625,33.0
2025-03-26 08:49:00+00:00,3029.300048828125,3029.699951171875,3029.199951171875,3029.699951171875,36.0
2025-03-26 08:50:00+00:00,3028.5,3029.300048828125,3028.39990234375,3029.300048828125,189.0
2025-03-26 08:51:00+00:00,3028.39990234375,3028.60009765625,3028.199951171875,3028.60009765625,37.0
2025-03-26 08:52:00+00:00,3028.39990234375,3028.699951171875,3028.199951171875,3028.39990234375,37.0
2025-03-26 08:53:00+00:00,3028.199951171875,3028.39990234375,3027.60009765625,3028.39990234375,165.0
2025-03-26 08:54:00+00:00,3027.699951171875,3028.199951171875,3027.300048828125,3028.10009765625,125.0
2025-03-26 08:55:00+00:00,3027.60009765625,3027.89990234375,3027.5,3027.60009765625,61.0
2025-03-26 08:56:00+00:00,3028.0,3028.39990234375,3027.39990234375,3027.699951171875,82.0
2025-03-26 08:57:00+00:00,3027.699951171875,3028.199951171875,3027.699951171875,3028.199951171875,34.0
2025-03-26 08:58:00+00:00,3028.300048828125,3028.800048828125,3027.800048828125,3027.800048828125,61.0
2025-03-26 08:59:00+00:00,3028.0,3028.300048828125,3027.800048828125,3028.300048828125,40.0
2025-03-26 09:00:00+00:00,3027.60009765625,3028.10009765625,3027.300048828125,3027.89990234375,104.0
2025-03-26 09:01:00+00:00,3027.5,3027.60009765625,3027.10009765625,3027.39990234375,67.0
2025-03-26 09:02:00+00:00,3027.300048828125,3027.60009765625,3027.300048828125,3027.60009765625,38.0
2025-03-26 09:03:00+00:00,3026.800048828125,3027.39990234375,3026.5,3027.39990234375,199.0
2025-03-26 09:04:00+00:00,3027.39990234375,3027.39990234375,3026.800048828125,3026.800048828125,66.0
2025-03-26 09:05:00+00:00,3027.199951171875,3027.89990234375,3027.10009765625,3027.39990234375,110.0
2025-03-26 09:06:00+00:00,3026.89990234375,3027.199951171875,3026.699951171875,3027.10009765625,46.0
2025-03-26 09:07:00+00:00,3026.800048828125,3027.300048828125,3026.800048828125,3026.800048828125,74.0
2025-03-26 09:08:00+00:00,3026.699951171875,3027.199951171875,3026.699951171875,3027.0,118.0
2025-03-26 09:09:00+00:00,3026.800048828125,3026.800048828125,3026.300048828125,3026.699951171875,53.0
2025-03-26 09:10:00+00:00,3027.300048828125,3028.10009765625,3026.800048828125,3026.800048828125,172.0
2025-03-26 09:11:00+00:00,3026.39990234375,3027.199951171875,3026.39990234375,3027.199951171875,174.0
2025-03-26 09:12:00+00:00,3026.199951171875,3026.5,3026.10009765625,3026.39990234375,64.0
2025-03-26 09:13:00+00:00,3026.10009765625,3026.39990234375,3026.0,3026.0,69.0
2025-03-26 09:14:00+00:00,3025.89990234375,3026.199951171875,3025.60009765625,3026.0,99.0
2025-03-26 09:15:00+00:00,3025.699951171875,3026.199951171875,3025.5,3026.10009765625,72.0
2025-03-26 09:16:00+00:00,3025.300048828125,3025.699951171875,3025.0,3025.699951171875,159.0
2025-03-26 09:17:00+00:00,3025.39990234375,3025.699951171875,3025.10009765625,3025.300048828125,85.0
2025-03-26 09:18:00+00:00,3025.10009765625,3025.5,3025.0,3025.39990234375,53.0
2025-03-26 09:19:00+00:00,3024.60009765625,3025.0,3024.199951171875,3025.0,102.0
2025-03-26 09:20:00+00:00,3025.199951171875,3025.300048828125,3024.60009765625,3024.60009765625,42.0
2025-03-26 09:21:00+00:00,3024.89990234375,3025.300048828125,3024.800048828125,3025.10009765625,37.0
2025-03-26 09:22:00+00:00,3025.10009765625,3025.39990234375,3024.89990234375,3024.89990234375,38.0
2025-03-26 09:23:00+00:00,3024.89990234375,3025.300048828125,3024.800048828125,3025.199951171875,33.0
2025-03-26 09:24:00+00:00,3024.800048828125,3024.89990234375,3024.5,3024.800048828125,52.0
2025-03-26 09:25:00+00:00,3024.800048828125,3025.10009765625,3024.699951171875,3024.800048828125,33.0
2025-03-26 09:26:00+00:00,3025.0,3025.0,3024.60009765625,3025.0,31.0
2025-03-26 09:27:00+00:00,3024.699951171875,3025.0,3024.699951171875,3025.0,18.0
2025-03-26 09:28:00+00:00,3024.5,3025.10009765625,3024.5,3024.60009765625,48.0
2025-03-26 09:29:00+00:00,3024.39990234375,3024.699951171875,3024.39990234375,3024.699951171875,38.0
2025-03-26 09:30:00+00:00,3024.800048828125,3024.800048828125,3024.60009765625,3024.60009765625,7.0
2025-03-26 09:40:00+00:00,3023.699951171875,3023.89990234375,3023.10009765625,3023.60009765625,1490.0
2025-03-26 09:41:00+00:00,3023.199951171875,3023.800048828125,3022.89990234375,3023.5,97.0
2025-03-26 09:42:00+00:00,3023.39990234375,3023.60009765625,3022.800048828125,3023.199951171875,108.0
2025-03-26 09:43:00+00:00,3024.10009765625,3024.199951171875,3023.300048828125,3023.39990234375,101.0
2025-03-26 09:44:00+00:00,3024.39990234375,3024.5,3023.89990234375,3024.0,80.0
2025-03-26 09:45:00+00:00,3024.0,3024.699951171875,3023.89990234375,3024.300048828125,311.0
2025-03-26 09:46:00+00:00,3024.199951171875,3024.300048828125,3023.699951171875,3024.10009765625,466.0
2025-03-26 09:47:00+00:00,3023.199951171875,3024.300048828125,3023.10009765625,3024.300048828125,65.0
2025-03-26 09:48:00+00:00,3023.10009765625,3023.699951171875,3022.800048828125,3023.10009765625,170.0
2025-03-26 09:49:00+00:00,3024.199951171875,3024.300048828125,3023.199951171875,3023.300048828125,95.0
2025-03-26 09:50:00+00:00,3024.5,3024.5,3024.10009765625,3024.199951171875,70.0
2025-03-26 09:51:00+00:00,3024.300048828125,3024.39990234375,3024.10009765625,3024.39990234375,50.0
2025-03-26 09:52:00+00:00,3024.89990234375,3025.199951171875,3024.0,3024.39990234375,146.0
2025-03-26 09:53:00+00:00,3025.0,3025.0,3024.5,3024.699951171875,79.0
2025-03-26 09:54:00+00:00,3024.800048828125,3025.0,3024.39990234375,3025.0,86.0
2025-03-26 09:55:00+00:00,3025.300048828125,3025.300048828125,3024.800048828125,3024.89990234375,71.0
2025-03-26 09:56:00+00:00,3024.699951171875,3025.5,3024.39990234375,3025.300048828125,174.0
2025-03-26 09:57:00+00:00,3024.800048828125,3024.800048828125,3024.39990234375,3024.60009765625,54.0
2025-03-26 09:58:00+00:00,3024.800048828125,3024.89990234375,3024.39990234375,3024.800048828125,62.0
2025-03-26 09:59:00+00:00,3023.89990234375,3024.800048828125,3023.800048828125,3024.699951171875,134.0
2025-03-26 10:00:00+00:00,3023.199951171875,3023.800048828125,3022.89990234375,3023.800048828125,150.0
2025-03-26 10:01:00+00:00,3022.89990234375,3023.39990234375,3022.89990234375,3023.300048828125,63.0
2025-03-26 10:02:00+00:00,3023.39990234375,3023.39990234375,3023.0,3023.0,147.0
2025-03-26 10:03:00+00:00,3023.800048828125,3023.89990234375,3023.300048828125,3023.5,116.0
2025-03-26 10:04:00+00:00,3024.199951171875,3024.5,3023.800048828125,3023.800048828125,68.0
2025-03-26 10:05:00+00:00,3025.199951171875,3025.300048828125,3024.199951171875,3024.5,159.0
2025-03-26 10:06:00+00:00,3025.300048828125,3025.699951171875,3025.0,3025.10009765625,68.0
2025-03-26 10:07:00+00:00,3024.300048828125,3025.199951171875,3024.10009765625,3025.199951171875,84.0
2025-03-26 10:08:00+00:00,3024.10009765625,3024.800048828125,3024.10009765625,3024.39990234375,92.0
2025-03-26 10:09:00+00:00,3024.0,3024.39990234375,3023.800048828125,3024.10009765625,103.0
2025-03-26 10:10:00+00:00,3023.5,3023.89990234375,3023.300048828125,3023.89990234375,37.0
2025-03-26 10:11:00+00:00,3023.699951171875,3024.199951171875,3023.39990234375,3023.5,102.0
2025-03-26 10:12:00+00:00,3022.800048828125,3023.60009765625,3022.699951171875,3023.60009765625,65.0
2025-03-26 10:13:00+00:00,3022.699951171875,3022.89990234375,3022.300048828125,3022.89990234375,60.0
2025-03-26 10:14:00+00:00,3023.60009765625,3023.60009765625,3022.800048828125,3022.89990234375,57.0
2025-03-26 10:15:00+00:00,3024.39990234375,3024.39990234375,3023.5,3023.5,56.0
2025-03-26 10:16:00+00:00,3025.10009765625,3025.199951171875,3024.5,3024.5,87.0
2025-03-26 10:17:00+00:00,3025.39990234375,3025.39990234375,3025.10009765625,3025.10009765625,40.0
2025-03-26 10:18:00+00:00,3025.5,3025.89990234375,3025.39990234375,3025.39990234375,144.0
2025-03-26 10:19:00+00:00,3026.300048828125,3026.39990234375,3025.39990234375,3025.39990234375,58.0
2025-03-26 10:20:00+00:00,3027.60009765625,3027.60009765625,3026.10009765625,3026.39990234375,98.0
2025-03-26 10:21:00+00:00,3027.5,3027.60009765625,3027.10009765625,3027.300048828125,152.0
2025-03-26 10:22:00+00:00,3027.5,3027.60009765625,3027.10009765625,3027.5,84.0
2025-03-26 10:23:00+00:00,3027.699951171875,3028.199951171875,3027.300048828125,3027.39990234375,713.0
2025-03-26 10:24:00+00:00,3028.0,3028.10009765625,3027.199951171875,3027.699951171875,131.0
2025-03-26 10:25:00+00:00,3028.0,3028.199951171875,3027.89990234375,3028.10009765625,54.0
2025-03-26 10:26:00+00:00,3028.39990234375,3028.39990234375,3028.0,3028.10009765625,129.0
2025-03-26 10:27:00+00:00,3029.0,3029.10009765625,3028.199951171875,3028.300048828125,245.0
2025-03-26 10:28:00+00:00,3028.5,3029.0,3028.39990234375,3028.89990234375,99.0
2025-03-26 10:29:00+00:00,3028.199951171875,3028.89990234375,3028.199951171875,3028.5,87.0
2025-03-26 10:30:00+00:00,3027.199951171875,3028.300048828125,3027.199951171875,3028.10009765625,1726.0
2025-03-26 10:31:00+00:00,3027.699951171875,3027.800048828125,3027.0,3027.300048828125,175.0
2025-03-26 10:32:00+00:00,3027.60009765625,3028.0,3027.5,3027.699951171875,359.0
2025-03-26 10:33:00+00:00,3027.800048828125,3028.10009765625,3027.60009765625,3027.60009765625,74.0
2025-03-26 10:34:00+00:00,3027.39990234375,3027.89990234375,3027.39990234375,3027.800048828125,37.0
2025-03-26 10:35:00+00:00,3027.199951171875,3027.60009765625,3027.0,3027.300048828125,119.0
2025-03-26 10:36:00+00:00,3027.199951171875,3027.39990234375,3027.10009765625,3027.300048828125,65.0
2025-03-26 10:37:00+00:00,3027.10009765625,3027.300048828125,3026.800048828125,3027.300048828125,41.0
2025-03-26 10:38:00+00:00,3027.199951171875,3027.39990234375,3027.10009765625,3027.10009765625,21.0
2025-03-26 10:39:00+00:00,3028.39990234375,3028.39990234375,3027.300048828125,3027.39990234375,65.0
2025-03-26 10:40:00+00:00,3028.89990234375,3029.0,3028.10009765625,3028.300048828125,169.0
2025-03-26 10:41:00+00:00,3029.800048828125,3029.800048828125,3028.699951171875,3028.699951171875,129.0
2025-03-26 10:42:00+00:00,3029.199951171875,3029.89990234375,3029.0,3029.60009765625,63.0
2025-03-26 10:43:00+00:00,3028.89990234375,3029.300048828125,3028.699951171875,3029.300048828125,123.0
2025-03-26 10:44:00+00:00,3028.39990234375,3029.0,3028.300048828125,3028.89990234375,931.0
2025-03-26 10:45:00+00:00,3028.39990234375,3028.800048828125,3028.10009765625,3028.300048828125,117.0
2025-03-26 10:46:00+00:00,3027.89990234375,3028.60009765625,3027.699951171875,3028.39990234375,81.0
2025-03-26 10:47:00+00:00,3027.800048828125,3028.10009765625,3027.699951171875,3028.0,76.0
2025-03-26 10:48:00+00:00,3027.800048828125,3027.800048828125,3027.60009765625,3027.800048828125,88.0
2025-03-26 10:49:00+00:00,3027.10009765625,3027.60009765625,3027.0,3027.60009765625,57.0
2025-03-26 10:50:00+00:00,3026.89990234375,3026.89990234375,3026.5,3026.89990234375,65.0
2025-03-26 10:51:00+00:00,3028.5,3028.5,3026.800048828125,3026.800048828125,192.0
2025-03-26 10:52:00+00:00,3029.39990234375,3029.89990234375,3028.60009765625,3028.699951171875,131.0
2025-03-26 10:53:00+00:00,3029.199951171875,3029.60009765625,3029.10009765625,3029.300048828125,39.0
2025-03-26 10:54:00+00:00,3029.5,3029.699951171875,3029.199951171875,3029.199951171875,541.0
2025-03-26 10:55:00+00:00,3029.300048828125,3029.60009765625,3029.300048828125,3029.39990234375,24.0
2025-03-26 10:56:00+00:00,3029.800048828125,3030.199951171875,3029.199951171875,3029.199951171875,41.0
2025-03-26 10:57:00+00:00,3030.0,3030.0,3029.39990234375,3029.800048828125,94.0
2025-03-26 10:58:00+00:00,3030.10009765625,3030.699951171875,3030.0,3030.0,221.0
2025-03-26 10:59:00+00:00,3029.10009765625,3030.10009765625,3029.10009765625,3030.10009765625,69.0
2025-03-26 11:00:00+00:00,3029.60009765625,3029.699951171875,3028.89990234375,3029.10009765625,137.0
2025-03-26 11:01:00+00:00,3029.39990234375,3029.89990234375,3029.300048828125,3029.800048828125,29.0
2025-03-26 11:02:00+00:00,3029.199951171875,3029.60009765625,3029.199951171875,3029.60009765625,85.0
2025-03-26 11:03:00+00:00,3029.10009765625,3029.199951171875,3029.10009765625,3029.199951171875,32.0
2025-03-26 11:04:00+00:00,3029.5,3029.5,3029.300048828125,3029.300048828125,70.0
2025-03-26 11:05:00+00:00,3030.0,3030.39990234375,3029.699951171875,3029.699951171875,54.0
2025-03-26 11:06:00+00:00,3029.800048828125,3030.39990234375,3029.699951171875,3030.199951171875,179.0
2025-03-26 11:07:00+00:00,3030.199951171875,3030.199951171875,3029.89990234375,3029.89990234375,46.0
2025-03-26 11:08:00+00:00,3029.89990234375,3030.199951171875,3029.800048828125,3030.10009765625,27.0
2025-03-26 11:09:00+00:00,3030.300048828125,3030.39990234375,3029.800048828125,3029.800048828125,255.0
2025-03-26 11:10:00+00:00,3030.89990234375,3031.10009765625,3030.300048828125,3030.39990234375,94.0
2025-03-26 11:11:00+00:00,3031.0,3031.199951171875,3030.60009765625,3031.10009765625,133.0
2025-03-26 11:12:00+00:00,3030.89990234375,3031.199951171875,3030.5,3030.89990234375,288.0
2025-03-26 11:13:00+00:00,3031.300048828125,3031.39990234375,3030.699951171875,3030.89990234375,81.0
2025-03-26 11:14:00+00:00,3031.60009765625,3031.60009765625,3031.300048828125,3031.39990234375,75.0
2025-03-26 11:15:00+00:00,3031.39990234375,3031.60009765625,3031.199951171875,3031.60009765625,95.0
2025-03-26 11:16:00+00:00,3031.5,3031.699951171875,3031.300048828125,3031.5,84.0
2025-03-26 11:17:00+00:00,3031.60009765625,3031.60009765625,3031.300048828125,3031.60009765625,113.0
2025-03-26 11:18:00+00:00,3031.699951171875,3031.699951171875,3031.39990234375,3031.5,95.0
2025-03-26 11:19:00+00:00,3031.699951171875,3032.10009765625,3031.60009765625,3031.800048828125,97.0
2025-03-26 11:20:00+00:00,3032.0,3032.10009765625,3031.800048828125,3031.89990234375,21.0
2025-03-26 11:21:00+00:00,3032.300048828125,3032.300048828125,3031.89990234375,3031.89990234375,86.0
2025-03-26 11:22:00+00:00,3032.699951171875,3032.800048828125,3032.199951171875,3032.39990234375,204.0
2025-03-26 11:23:00+00:00,3033.89990234375,3034.0,3032.60009765625,3032.800048828125,178.0
2025-03-26 11:24:00+00:00,3033.10009765625,3033.89990234375,3033.0,3033.89990234375,99.0
2025-03-26 11:25:00+00:00,3033.89990234375,3034.0,3033.300048828125,3033.300048828125,56.0
2025-03-26 11:26:00+00:00,3032.60009765625,3034.10009765625,3032.60009765625,3034.10009765625,127.0
2025-03-26 11:27:00+00:00,3034.39990234375,3034.39990234375,3032.0,3032.699951171875,546.0
2025-03-26 11:28:00+00:00,3033.5,3034.39990234375,3033.5,3034.39990234375,351.0
2025-03-26 11:29:00+00:00,3034.0,3034.10009765625,3033.39990234375,3033.60009765625,84.0
2025-03-26 11:30:00+00:00,3033.39990234375,3034.10009765625,3033.39990234375,3033.89990234375,64.0
2025-03-26 11:31:00+00:00,3034.300048828125,3034.300048828125,3033.5,3033.5,67.0
2025-03-26 11:32:00+00:00,3034.5,3034.60009765625,3034.10009765625,3034.199951171875,106.0
2025-03-26 11:33:00+00:00,3033.699951171875,3034.60009765625,3033.699951171875,3034.300048828125,93.0
2025-03-26 11:34:00+00:00,3034.10009765625,3034.10009765625,3033.39990234375,3033.699951171875,97.0
2025-03-26 11:35:00+00:00,3034.5,3034.5,3033.89990234375,3034.0,80.0
2025-03-26 11:36:00+00:00,3034.300048828125,3034.5,3034.10009765625,3034.300048828125,72.0
2025-03-26 11:37:00+00:00,3034.60009765625,3035.199951171875,3034.300048828125,3034.39990234375,255.0
2025-03-26 11:38:00+00:00,3035.699951171875,3035.699951171875,3034.5,3034.5,638.0
2025-03-26 11:39:00+00:00,3034.89990234375,3035.800048828125,3034.800048828125,3035.699951171875,181.0
2025-03-26 11:40:00+00:00,3035.60009765625,3035.89990234375,3035.0,3035.10009765625,119.0
2025-03-26 11:41:00+00:00,3034.89990234375,3035.89990234375,3034.89990234375,3035.699951171875,124.0
2025-03-26 11:42:00+00:00,3034.39990234375,3035.0,3034.199951171875,3034.800048828125,91.0
2025-03-26 11:43:00+00:00,3035.0,3035.0,3034.60009765625,3034.60009765625,52.0
2025-03-26 11:44:00+00:00,3035.0,3035.0,3034.5,3035.0,79.0
2025-03-26 11:45:00+00:00,3035.60009765625,3035.60009765625,3035.10009765625,3035.10009765625,46.0
2025-03-26 11:46:00+00:00,3034.89990234375,3035.60009765625,3034.60009765625,3035.60009765625,100.0
2025-03-26 11:47:00+00:00,3034.800048828125,3035.199951171875,3034.300048828125,3035.0,197.0
2025-03-26 11:48:00+00:00,3033.800048828125,3035.0,3033.800048828125,3034.699951171875,143.0
2025-03-26 11:49:00+00:00,3033.89990234375,3034.10009765625,3033.5,3033.89990234375,105.0
2025-03-26 11:50:00+00:00,3034.39990234375,3034.60009765625,3033.800048828125,3033.89990234375,225.0
2025-03-26 11:51:00+00:00,3034.199951171875,3034.300048828125,3033.60009765625,3034.10009765625,1171.0
2025-03-26 11:52:00+00:00,3034.39990234375,3034.800048828125,3034.199951171875,3034.199951171875,935.0
2025-03-26 11:53:00+00:00,3034.199951171875,3034.60009765625,3034.10009765625,3034.300048828125,645.0
2025-03-26 11:54:00+00:00,3033.800048828125,3034.10009765625,3033.699951171875,3034.0,40.0
2025-03-26 11:55:00+00:00,3032.800048828125,3033.89990234375,3032.699951171875,3033.699951171875,109.0
2025-03-26 11:56:00+00:00,3032.800048828125,3032.89990234375,3032.199951171875,3032.800048828125,121.0
2025-03-26 11:57:00+00:00,3033.800048828125,3034.0,3032.5,3032.699951171875,211.0
2025-03-26 11:58:00+00:00,3032.800048828125,3034.0,3032.699951171875,3033.89990234375,141.0
2025-03-26 11:59:00+00:00,3032.800048828125,3032.89990234375,3032.60009765625,3032.699951171875,70.0
2025-03-26 12:00:00+00:00,3032.5,3033.0,3031.699951171875,3032.89990234375,176.0
2025-03-26 12:01:00+00:00,3032.800048828125,3033.10009765625,3032.10009765625,3032.60009765625,103.0
2025-03-26 12:02:00+00:00,3033.60009765625,3033.699951171875,3032.800048828125,3033.0,101.0
2025-03-26 12:03:00+00:00,3033.300048828125,3033.699951171875,3033.300048828125,3033.60009765625,351.0
2025-03-26 12:04:00+00:00,3033.199951171875,3033.5,3033.10009765625,3033.300048828125,60.0
2025-03-26 12:05:00+00:00,3033.0,3033.300048828125,3032.89990234375,3033.0,112.0
2025-03-26 12:06:00+00:00,3032.5,3033.0,3032.39990234375,3032.89990234375,95.0
2025-03-26 12:07:00+00:00,3032.5,3032.800048828125,3031.89990234375,3032.60009765625,153.0
2025-03-26 12:08:00+00:00,3031.10009765625,3032.199951171875,3030.89990234375,3032.199951171875,334.0
2025-03-26 12:09:00+00:00,3030.699951171875,3031.5,3030.199951171875,3031.199951171875,170.0
2025-03-26 12:10:00+00:00,3030.699951171875,3031.300048828125,3030.300048828125,3030.800048828125,458.0
2025-03-26 12:11:00+00:00,3030.800048828125,3030.800048828125,3030.10009765625,3030.699951171875,104.0
2025-03-26 12:12:00+00:00,3031.89990234375,3032.0,3030.800048828125,3030.800048828125,132.0
2025-03-26 12:13:00+00:00,3032.199951171875,3032.39990234375,3031.89990234375,3031.89990234375,31.0
2025-03-26 12:14:00+00:00,3032.300048828125,3032.800048828125,3032.199951171875,3032.39990234375,440.0
2025-03-26 12:15:00+00:00,3032.199951171875,3032.5,3032.0,3032.10009765625,61.0
2025-03-26 12:16:00+00:00,3032.60009765625,3033.0,3031.800048828125,3032.10009765625,112.0
2025-03-26 12:17:00+00:00,3032.39990234375,3032.60009765625,3032.0,3032.39990234375,47.0
2025-03-26 12:18:00+00:00,3031.800048828125,3032.300048828125,3031.800048828125,3032.199951171875,26.0
2025-03-26 12:19:00+00:00,3032.5,3032.5,3031.89990234375,3031.89990234375,63.0
2025-03-26 12:20:00+00:00,3032.300048828125,3032.800048828125,3032.0,3032.5,104.0
2025-03-26 12:21:00+00:00,3031.0,3032.10009765625,3030.800048828125,3032.10009765625,42.0
2025-03-26 12:22:00+00:00,3031.39990234375,3031.39990234375,3030.5,3030.60009765625,638.0
2025-03-26 12:23:00+00:00,3031.60009765625,3031.60009765625,3031.10009765625,3031.39990234375,154.0
2025-03-26 12:24:00+00:00,3031.800048828125,3031.89990234375,3031.199951171875,3031.39990234375,179.0
2025-03-26 12:25:00+00:00,3032.60009765625,3032.60009765625,3031.60009765625,3032.0,342.0
2025-03-26 12:26:00+00:00,3032.699951171875,3032.89990234375,3032.39990234375,3032.60009765625,87.0
2025-03-26 12:27:00+00:00,3031.800048828125,3032.60009765625,3031.699951171875,3032.60009765625,43.0
2025-03-26 12:28:00+00:00,3032.10009765625,3032.5,3031.800048828125,3031.89990234375,64.0
2025-03-26 12:29:00+00:00,3031.60009765625,3032.300048828125,3031.60009765625,3032.199951171875,88.0
2025-03-26 12:30:00+00:00,3031.89990234375,3032.300048828125,3030.800048828125,3031.5,165.0
2025-03-26 12:31:00+00:00,3032.199951171875,3032.39990234375,3031.39990234375,3031.89990234375,92.0
2025-03-26 12:32:00+00:00,3032.800048828125,3033.0,3031.89990234375,3032.199951171875,114.0
2025-03-26 12:33:00+00:00,3033.5,3033.699951171875,3032.300048828125,3032.89990234375,162.0
2025-03-26 12:34:00+00:00,3033.0,3033.5,3032.89990234375,3033.39990234375,124.0
2025-03-26 12:35:00+00:00,3033.39990234375,3033.699951171875,3032.800048828125,3033.0,567.0
2025-03-26 12:36:00+00:00,3031.800048828125,3033.5,3031.699951171875,3033.300048828125,79.0
2025-03-26 12:37:00+00:00,3031.89990234375,3032.0,3031.60009765625,3031.89990234375,51.0
2025-03-26 12:38:00+00:00,3031.199951171875,3031.800048828125,3031.0,3031.800048828125,116.0
2025-03-26 12:39:00+00:00,3032.0,3032.199951171875,3030.89990234375,3031.0,65.0
2025-03-26 12:40:00+00:00,3032.199951171875,3033.199951171875,3032.10009765625,3032.199951171875,157.0
2025-03-26 12:41:00+00:00,3032.300048828125,3033.0,3032.10009765625,3032.199951171875,58.0
2025-03-26 12:42:00+00:00,3032.0,3032.5,3032.0,3032.300048828125,131.0
2025-03-26 12:43:00+00:00,3033.60009765625,3033.60009765625,3032.0,3032.0,70.0
2025-03-26 12:44:00+00:00,3034.60009765625,3034.800048828125,3033.5,3033.5,768.0
2025-03-26 12:45:00+00:00,3035.89990234375,3036.0,3034.199951171875,3034.699951171875,317.0
2025-03-26 12:46:00+00:00,3035.199951171875,3036.0,3035.0,3035.89990234375,1427.0
2025-03-26 12:47:00+00:00,3034.39990234375,3035.199951171875,3034.300048828125,3035.199951171875,135.0
2025-03-26 12:48:00+00:00,3034.39990234375,3034.89990234375,3034.300048828125,3034.5,55.0
2025-03-26 12:49:00+00:00,3035.0,3035.300048828125,3034.39990234375,3034.60009765625,106.0
2025-03-26 12:50:00+00:00,3033.39990234375,3035.199951171875,3033.39990234375,3035.0,229.0
2025-03-26 12:51:00+00:00,3033.5,3033.800048828125,3032.800048828125,3033.39990234375,160.0
2025-03-26 12:52:00+00:00,3033.89990234375,3034.0,3033.5,3033.5,38.0
2025-03-26 12:53:00+00:00,3034.300048828125,3034.60009765625,3034.0,3034.0,74.0
2025-03-26 12:54:00+00:00,3034.199951171875,3034.5,3033.89990234375,3034.300048828125,44.0
2025-03-26 12:55:00+00:00,3033.89990234375,3034.199951171875,3033.699951171875,3033.89990234375,31.0
2025-03-26 12:56:00+00:00,3033.89990234375,3034.300048828125,3033.60009765625,3033.699951171875,157.0
2025-03-26 12:57:00+00:00,3032.89990234375,3033.89990234375,3032.60009765625,3033.699951171875,176.0
2025-03-26 12:58:00+00:00,3032.699951171875,3032.89990234375,3032.39990234375,3032.800048828125,74.0
2025-03-26 12:59:00+00:00,3033.0,3033.0,3032.5,3033.0,72.0
2025-03-26 13:00:00+00:00,3031.60009765625,3033.39990234375,3031.60009765625,3033.0,177.0
2025-03-26 13:01:00+00:00,3031.300048828125,3032.0,3031.199951171875,3031.60009765625,231.0
2025-03-26 13:02:00+00:00,3030.800048828125,3031.39990234375,3029.5,3031.39990234375,186.0
2025-03-26 13:03:00+00:00,3030.10009765625,3031.300048828125,3030.0,3030.699951171875,227.0
2025-03-26 13:04:00+00:00,3030.699951171875,3031.0,3030.0,3030.10009765625,151.0
2025-03-26 13:05:00+00:00,3030.39990234375,3030.5,3030.10009765625,3030.5,90.0
2025-03-26 13:06:00+00:00,3030.300048828125,3030.60009765625,3029.699951171875,3030.39990234375,170.0
2025-03-26 13:07:00+00:00,3031.199951171875,3031.39990234375,3030.39990234375,3030.699951171875,788.0
2025-03-26 13:08:00+00:00,3030.800048828125,3031.39990234375,3030.60009765625,3031.300048828125,1983.0
2025-03-26 13:09:00+00:00,3030.39990234375,3030.800048828125,3030.39990234375,3030.699951171875,229.0
2025-03-26 13:10:00+00:00,3029.89990234375,3030.800048828125,3029.699951171875,3030.39990234375,74.0
2025-03-26 13:11:00+00:00,3030.39990234375,3030.39990234375,3030.10009765625,3030.10009765625,30.0
2025-03-26 13:12:00+00:00,3030.5,3030.89990234375,3030.199951171875,3030.5,97.0
2025-03-26 13:13:00+00:00,3030.699951171875,3031.10009765625,3030.199951171875,3030.199951171875,54.0
2025-03-26 13:14:00+00:00,3031.39990234375,3031.39990234375,3030.39990234375,3030.5,41.0
2025-03-26 13:15:00+00:00,3031.0,3031.800048828125,3031.0,3031.39990234375,165.0
2025-03-26 13:16:00+00:00,3030.60009765625,3030.89990234375,3030.0,3030.89990234375,139.0
2025-03-26 13:17:00+00:00,3031.0,3031.199951171875,3030.300048828125,3030.300048828125,454.0
2025-03-26 13:18:00+00:00,3029.199951171875,3031.0,3029.199951171875,3030.89990234375,434.0
2025-03-26 13:19:00+00:00,3028.89990234375,3029.300048828125,3028.0,3029.300048828125,314.0
2025-03-26 13:20:00+00:00,3028.699951171875,3029.60009765625,3028.0,3028.800048828125,225.0
2025-03-26 13:21:00+00:00,3027.800048828125,3028.89990234375,3027.10009765625,3028.800048828125,272.0
2025-03-26 13:22:00+00:00,3029.5,3029.800048828125,3027.60009765625,3027.699951171875,352.0
2025-03-26 13:23:00+00:00,3028.89990234375,3029.699951171875,3028.300048828125,3029.5,159.0
2025-03-26 13:24:00+00:00,3029.300048828125,3029.5,3028.60009765625,3028.89990234375,90.0
2025-03-26 13:25:00+00:00,3029.89990234375,3030.10009765625,3029.199951171875,3029.199951171875,69.0
2025-03-26 13:26:00+00:00,3030.89990234375,3031.10009765625,3030.0,3030.0,313.0
2025-03-26 13:27:00+00:00,3031.0,3031.199951171875,3030.5,3030.800048828125,93.0
2025-03-26 13:28:00+00:00,3031.39990234375,3031.800048828125,3031.0,3031.0,608.0
2025-03-26 13:29:00+00:00,3030.800048828125,3031.39990234375,3030.5,3031.300048828125,96.0
2025-03-26 13:30:00+00:00,3030.89990234375,3031.39990234375,3029.800048828125,3030.800048828125,103.0
2025-03-26 13:31:00+00:00,3031.0,3031.800048828125,3030.800048828125,3030.800048828125,95.0
2025-03-26 13:32:00+00:00,3031.0,3031.699951171875,3030.800048828125,3031.10009765625,59.0
2025-03-26 13:33:00+00:00,3030.39990234375,3031.199951171875,3030.10009765625,3031.199951171875,94.0
2025-03-26 13:34:00+00:00,3029.10009765625,3030.60009765625,3028.89990234375,3030.5,147.0
2025-03-26 13:35:00+00:00,3028.0,3029.199951171875,3027.60009765625,3029.10009765625,214.0
2025-03-26 13:36:00+00:00,3028.800048828125,3029.199951171875,3027.89990234375,3028.0,941.0
2025-03-26 13:37:00+00:00,3029.0,3029.0,3027.39990234375,3028.89990234375,333.0
2025-03-26 13:38:00+00:00,3027.60009765625,3029.699951171875,3027.300048828125,3029.0,445.0
2025-03-26 13:39:00+00:00,3027.0,3028.300048828125,3027.0,3027.699951171875,301.0
2025-03-26 13:40:00+00:00,3026.39990234375,3027.800048828125,3025.800048828125,3027.199951171875,342.0
2025-03-26 13:41:00+00:00,3027.800048828125,3028.199951171875,3026.300048828125,3026.39990234375,206.0
2025-03-26 13:42:00+00:00,3027.699951171875,3028.89990234375,3027.5,3027.89990234375,258.0
2025-03-26 13:43:00+00:00,3027.800048828125,3028.60009765625,3027.60009765625,3027.89990234375,123.0
2025-03-26 13:44:00+00:00,3028.0,3028.39990234375,3027.10009765625,3028.0,130.0
2025-03-26 13:45:00+00:00,3026.699951171875,3028.300048828125,3026.699951171875,3027.800048828125,210.0
2025-03-26 13:46:00+00:00,3026.199951171875,3027.5,3025.699951171875,3026.800048828125,192.0
2025-03-26 13:47:00+00:00,3026.10009765625,3027.5,3025.800048828125,3026.199951171875,260.0
2025-03-26 13:48:00+00:00,3025.39990234375,3026.199951171875,3025.39990234375,3026.10009765625,225.0
2025-03-26 13:49:00+00:00,3025.10009765625,3026.10009765625,3025.10009765625,3025.300048828125,179.0
2025-03-26 13:50:00+00:00,3023.89990234375,3025.300048828125,3023.5,3025.0,429.0
2025-03-26 13:51:00+00:00,3024.39990234375,3025.60009765625,3024.0,3024.0,241.0
2025-03-26 13:52:00+00:00,3024.699951171875,3025.10009765625,3023.89990234375,3024.300048828125,660.0
2025-03-26 13:53:00+00:00,3025.10009765625,3025.39990234375,3024.300048828125,3024.800048828125,115.0
2025-03-26 13:54:00+00:00,3025.89990234375,3026.10009765625,3024.89990234375,3025.0,157.0
2025-03-26 13:55:00+00:00,3023.800048828125,3025.699951171875,3023.800048828125,3025.60009765625,253.0
2025-03-26 13:56:00+00:00,3023.10009765625,3024.10009765625,3022.800048828125,3023.800048828125,512.0
2025-03-26 13:57:00+00:00,3023.0,3023.5,3021.800048828125,3023.199951171875,524.0
2025-03-26 13:58:00+00:00,3023.699951171875,3023.699951171875,3022.0,3023.10009765625,278.0
2025-03-26 13:59:00+00:00,3022.60009765625,3023.60009765625,3022.5,3023.60009765625,117.0
2025-03-26 14:00:00+00:00,3021.89990234375,3022.800048828125,3021.39990234375,3022.300048828125,301.0
2025-03-26 14:01:00+00:00,3023.800048828125,3023.89990234375,3021.60009765625,3021.89990234375,273.0
2025-03-26 14:02:00+00:00,3021.699951171875,3024.10009765625,3021.60009765625,3023.800048828125,281.0
2025-03-26 14:03:00+00:00,3021.0,3021.800048828125,3020.89990234375,3021.699951171875,5252.0
2025-03-26 14:04:00+00:00,3022.10009765625,3022.39990234375,3020.699951171875,3021.300048828125,167.0
2025-03-26 14:05:00+00:00,3023.199951171875,3023.5,3021.300048828125,3022.10009765625,219.0
2025-03-26 14:06:00+00:00,3024.10009765625,3024.5,3022.699951171875,3023.199951171875,826.0
2025-03-26 14:07:00+00:00,3025.0,3025.300048828125,3024.199951171875,3024.199951171875,466.0
2025-03-26 14:08:00+00:00,3025.699951171875,3025.699951171875,3024.699951171875,3025.300048828125,721.0
2025-03-26 14:09:00+00:00,3024.699951171875,3026.0,3024.199951171875,3025.60009765625,176.0
2025-03-26 14:10:00+00:00,3024.89990234375,3025.300048828125,3024.0,3024.5,260.0
2025-03-26 14:11:00+00:00,3025.0,3025.199951171875,3024.39990234375,3024.89990234375,140.0
2025-03-26 14:12:00+00:00,3025.10009765625,3025.60009765625,3024.5,3024.800048828125,250.0
2025-03-26 14:13:00+00:00,3024.800048828125,3025.5,3024.800048828125,3024.89990234375,648.0
2025-03-26 14:14:00+00:00,3024.39990234375,3024.800048828125,3023.89990234375,3024.699951171875,153.0
2025-03-26 14:15:00+00:00,3024.199951171875,3024.60009765625,3023.699951171875,3024.60009765625,121.0
2025-03-26 14:16:00+00:00,3023.60009765625,3025.0,3023.5,3024.5,158.0
2025-03-26 14:17:00+00:00,3024.199951171875,3024.39990234375,3023.5,3023.60009765625,72.0
2025-03-26 14:18:00+00:00,3023.10009765625,3024.199951171875,3022.800048828125,3024.199951171875,119.0
2025-03-26 14:19:00+00:00,3022.800048828125,3023.199951171875,3022.199951171875,3023.0,246.0
2025-03-26 14:20:00+00:00,3022.199951171875,3022.89990234375,3021.60009765625,3022.60009765625,191.0
2025-03-26 14:21:00+00:00,3022.89990234375,3023.300048828125,3022.0,3022.10009765625,314.0
2025-03-26 14:22:00+00:00,3023.10009765625,3023.199951171875,3022.60009765625,3022.800048828125,82.0
2025-03-26 14:23:00+00:00,3022.10009765625,3023.39990234375,3022.10009765625,3023.199951171875,177.0
2025-03-26 14:24:00+00:00,3022.800048828125,3022.800048828125,3021.89990234375,3022.0,263.0
2025-03-26 14:25:00+00:00,3022.300048828125,3023.5,3022.300048828125,3022.800048828125,133.0
2025-03-26 14:26:00+00:00,3021.5,3022.300048828125,3021.300048828125,3022.300048828125,206.0
2025-03-26 14:27:00+00:00,3022.10009765625,3022.199951171875,3021.5,3021.5,52.0
2025-03-26 14:28:00+00:00,3021.199951171875,3022.0,3020.89990234375,3022.0,144.0
2025-03-26 14:29:00+00:00,3021.60009765625,3022.0,3020.89990234375,3021.10009765625,128.0
2025-03-26 14:30:00+00:00,3022.5,3022.5,3021.10009765625,3021.60009765625,213.0
2025-03-26 14:31:00+00:00,3023.300048828125,3023.39990234375,3021.89990234375,3022.39990234375,1052.0
2025-03-26 14:32:00+00:00,3022.800048828125,3023.5,3022.5,3023.199951171875,110.0
2025-03-26 14:33:00+00:00,3022.5,3023.10009765625,3022.300048828125,3022.800048828125,120.0
2025-03-26 14:34:00+00:00,3022.800048828125,3022.89990234375,3022.300048828125,3022.5,137.0
2025-03-26 14:35:00+00:00,3022.89990234375,3023.5,3022.89990234375,3023.0,152.0
2025-03-26 14:36:00+00:00,3023.10009765625,3023.699951171875,3023.10009765625,3023.10009765625,98.0
2025-03-26 14:37:00+00:00,3024.39990234375,3024.39990234375,3023.0,3023.10009765625,473.0
2025-03-26 14:38:00+00:00,3025.0,3025.39990234375,3024.0,3024.5,163.0
2025-03-26 14:39:00+00:00,3024.89990234375,3025.10009765625,3024.10009765625,3024.89990234375,1047.0
2025-03-26 14:40:00+00:00,3025.39990234375,3025.699951171875,3024.699951171875,3024.89990234375,771.0
2025-03-26 14:41:00+00:00,3025.10009765625,3025.699951171875,3025.0,3025.699951171875,146.0
2025-03-26 14:42:00+00:00,3025.699951171875,3026.0,3025.0,3025.0,461.0
2025-03-26 14:43:00+00:00,3025.699951171875,3025.699951171875,3025.10009765625,3025.39990234375,91.0
2025-03-26 14:44:00+00:00,3025.39990234375,3025.800048828125,3025.0,3025.60009765625,80.0
2025-03-26 14:45:00+00:00,3025.699951171875,3025.800048828125,3025.10009765625,3025.199951171875,347.0
2025-03-26 14:46:00+00:00,3026.39990234375,3026.800048828125,3025.60009765625,3025.699951171875,156.0
2025-03-26 14:47:00+00:00,3026.89990234375,3027.300048828125,3026.300048828125,3026.300048828125,782.0
2025-03-26 14:48:00+00:00,3027.300048828125,3027.800048828125,3027.0,3027.0,134.0
2025-03-26 14:49:00+00:00,3025.699951171875,3027.39990234375,3025.300048828125,3027.199951171875,320.0
2025-03-26 14:50:00+00:00,3024.699951171875,3025.800048828125,3024.5,3025.60009765625,194.0
2025-03-26 14:51:00+00:00,3023.300048828125,3024.5,3023.300048828125,3024.5,146.0
2025-03-26 14:52:00+00:00,3023.699951171875,3023.699951171875,3022.199951171875,3023.10009765625,208.0
2025-03-26 14:53:00+00:00,3023.39990234375,3024.0,3023.300048828125,3023.699951171875,1642.0
2025-03-26 14:54:00+00:00,3023.699951171875,3024.0,3023.300048828125,3023.39990234375,120.0
2025-03-26 14:55:00+00:00,3024.10009765625,3024.300048828125,3023.699951171875,3023.699951171875,118.0
2025-03-26 14:56:00+00:00,3024.5,3024.60009765625,3023.89990234375,3024.199951171875,110.0
2025-03-26 14:57:00+00:00,3024.800048828125,3025.10009765625,3024.60009765625,3024.699951171875,78.0
2025-03-26 14:58:00+00:00,3024.300048828125,3024.699951171875,3024.0,3024.699951171875,115.0
2025-03-26 14:59:00+00:00,3023.0,3024.199951171875,3023.0,3024.199951171875,161.0
2025-03-26 15:00:00+00:00,3021.199951171875,3023.199951171875,3020.300048828125,3022.89990234375,1048.0
2025-03-26 15:01:00+00:00,3020.199951171875,3021.300048828125,3019.10009765625,3021.10009765625,760.0
2025-03-26 15:02:00+00:00,3018.89990234375,3020.39990234375,3018.0,3020.0,506.0
2025-03-26 15:03:00+00:00,3018.89990234375,3020.300048828125,3018.5,3019.10009765625,511.0
2025-03-26 15:04:00+00:00,3019.39990234375,3019.60009765625,3018.5,3019.10009765625,291.0
2025-03-26 15:05:00+00:00,3019.89990234375,3020.0,3018.5,3019.39990234375,155.0
2025-03-26 15:06:00+00:00,3021.5,3021.5,3019.39990234375,3019.89990234375,330.0
2025-03-26 15:07:00+00:00,3021.699951171875,3022.60009765625,3021.0,3021.60009765625,263.0
2025-03-26 15:08:00+00:00,3022.0,3022.199951171875,3020.800048828125,3021.5,242.0
2025-03-26 15:09:00+00:00,3022.39990234375,3022.89990234375,3022.10009765625,3022.10009765625,145.0
2025-03-26 15:10:00+00:00,3022.699951171875,3022.89990234375,3022.199951171875,3022.300048828125,245.0
2025-03-26 15:11:00+00:00,3023.0,3023.199951171875,3022.0,3022.60009765625,145.0
2025-03-26 15:12:00+00:00,3023.199951171875,3023.699951171875,3022.800048828125,3023.199951171875,148.0
2025-03-26 15:13:00+00:00,3023.5,3023.699951171875,3023.0,3023.5,131.0
2025-03-26 15:14:00+00:00,3023.5,3023.800048828125,3023.0,3023.5,125.0
2025-03-26 15:15:00+00:00,3025.10009765625,3025.10009765625,3023.199951171875,3023.5,276.0
2025-03-26 15:16:00+00:00,3023.89990234375,3025.10009765625,3023.60009765625,3025.0,161.0
2025-03-26 15:17:00+00:00,3024.10009765625,3024.5,3023.60009765625,3023.89990234375,197.0
2025-03-26 15:18:00+00:00,3022.60009765625,3024.300048828125,3022.60009765625,3023.89990234375,139.0
2025-03-26 15:19:00+00:00,3022.800048828125,3022.89990234375,3022.10009765625,3022.699951171875,128.0
2025-03-26 15:20:00+00:00,3022.89990234375,3023.60009765625,3022.699951171875,3022.800048828125,105.0
2025-03-26 15:21:00+00:00,3023.39990234375,3023.800048828125,3022.89990234375,3022.89990234375,1063.0
2025-03-26 15:22:00+00:00,3022.5,3023.5,3022.5,3023.39990234375,45.0
2025-03-26 15:23:00+00:00,3022.300048828125,3022.39990234375,3021.60009765625,3022.199951171875,128.0
2025-03-26 15:24:00+00:00,3021.300048828125,3022.199951171875,3021.10009765625,3022.199951171875,308.0
2025-03-26 15:25:00+00:00,3021.60009765625,3021.800048828125,3020.89990234375,3021.0,80.0
2025-03-26 15:26:00+00:00,3022.300048828125,3022.5,3021.39990234375,3021.5,112.0
2025-03-26 15:27:00+00:00,3022.300048828125,3022.800048828125,3022.0,3022.300048828125,122.0
2025-03-26 15:28:00+00:00,3022.5,3022.800048828125,3021.89990234375,3022.199951171875,70.0
2025-03-26 15:29:00+00:00,3022.0,3022.89990234375,3022.0,3022.39990234375,52.0
2025-03-26 15:30:00+00:00,3022.5,3022.60009765625,3021.800048828125,3022.10009765625,53.0
2025-03-26 15:31:00+00:00,3022.89990234375,3023.199951171875,3022.39990234375,3022.39990234375,66.0
2025-03-26 15:32:00+00:00,3023.199951171875,3023.60009765625,3022.699951171875,3022.699951171875,76.0
2025-03-26 15:33:00+00:00,3023.199951171875,3023.699951171875,3023.10009765625,3023.39990234375,76.0
2025-03-26 15:34:00+00:00,3022.89990234375,3023.199951171875,3022.800048828125,3023.10009765625,57.0
2025-03-26 15:35:00+00:00,3023.300048828125,3023.89990234375,3022.89990234375,3022.89990234375,117.0
2025-03-26 15:36:00+00:00,3024.39990234375,3024.699951171875,3023.39990234375,3023.39990234375,2486.0
2025-03-26 15:37:00+00:00,3024.199951171875,3024.699951171875,3024.0,3024.5,3178.0
2025-03-26 15:38:00+00:00,3023.5,3024.300048828125,3023.300048828125,3024.300048828125,167.0
2025-03-26 15:39:00+00:00,3023.699951171875,3024.0,3023.39990234375,3023.699951171875,685.0
2025-03-26 15:40:00+00:00,3022.89990234375,3023.89990234375,3022.89990234375,3023.60009765625,257.0
2025-03-26 15:41:00+00:00,3022.5,3023.199951171875,3022.199951171875,3023.10009765625,99.0
2025-03-26 15:42:00+00:00,3022.60009765625,3022.699951171875,3022.199951171875,3022.39990234375,89.0
2025-03-26 15:43:00+00:00,3022.199951171875,3022.5,3021.60009765625,3022.5,130.0
2025-03-26 15:44:00+00:00,3022.199951171875,3022.699951171875,3022.0,3022.10009765625,1491.0
2025-03-26 15:45:00+00:00,3022.39990234375,3022.60009765625,3022.10009765625,3022.10009765625,183.0
2025-03-26 15:46:00+00:00,3022.800048828125,3023.300048828125,3022.199951171875,3022.39990234375,154.0
2025-03-26 15:47:00+00:00,3022.89990234375,3023.10009765625,3022.699951171875,3022.800048828125,111.0
2025-03-26 15:48:00+00:00,3023.60009765625,3023.699951171875,3022.5,3022.699951171875,84.0
2025-03-26 15:49:00+00:00,3023.199951171875,3023.60009765625,3022.89990234375,3023.5,46.0
2025-03-26 15:50:00+00:00,3022.89990234375,3023.199951171875,3022.39990234375,3023.199951171875,179.0
2025-03-26 15:51:00+00:00,3022.699951171875,3023.199951171875,3022.5,3022.800048828125,59.0
2025-03-26 15:52:00+00:00,3021.60009765625,3022.5,3021.60009765625,3022.5,85.0
2025-03-26 15:53:00+00:00,3021.39990234375,3021.89990234375,3021.300048828125,3021.60009765625,92.0
2025-03-26 15:54:00+00:00,3021.5,3021.89990234375,3021.39990234375,3021.5,151.0
2025-03-26 15:55:00+00:00,3020.800048828125,3021.5,3020.60009765625,3021.5,218.0
2025-03-26 15:56:00+00:00,3021.0,3021.39990234375,3020.699951171875,3021.0,256.0
2025-03-26 15:57:00+00:00,3021.39990234375,3021.39990234375,3020.89990234375,3020.89990234375,93.0
2025-03-26 15:58:00+00:00,3021.60009765625,3021.89990234375,3021.300048828125,3021.39990234375,110.0
2025-03-26 15:59:00+00:00,3021.699951171875,3021.89990234375,3021.39990234375,3021.699951171875,32.0
2025-03-26 16:00:00+00:00,3022.199951171875,3022.300048828125,3021.5,3021.699951171875,312.0
2025-03-26 16:01:00+00:00,3022.60009765625,3022.800048828125,3022.0,3022.199951171875,438.0
2025-03-26 16:02:00+00:00,3021.89990234375,3023.0,3021.60009765625,3022.5,180.0
2025-03-26 16:03:00+00:00,3022.60009765625,3022.60009765625,3021.89990234375,3022.0,44.0
2025-03-26 16:04:00+00:00,3022.800048828125,3023.10009765625,3022.5,3022.5,226.0
2025-03-26 16:05:00+00:00,3023.199951171875,3023.39990234375,3022.5,3022.89990234375,99.0
2025-03-26 16:06:00+00:00,3022.300048828125,3022.800048828125,3022.300048828125,3022.800048828125,27.0
2025-03-26 16:07:00+00:00,3021.699951171875,3022.300048828125,3021.199951171875,3022.300048828125,101.0
2025-03-26 16:08:00+00:00,3021.60009765625,3021.800048828125,3021.5,3021.60009765625,35.0
2025-03-26 16:09:00+00:00,3022.199951171875,3022.199951171875,3021.39990234375,3021.5,57.0
2025-03-26 16:10:00+00:00,3021.800048828125,3022.0,3021.60009765625,3021.89990234375,42.0
2025-03-26 16:11:00+00:00,3022.60009765625,3022.60009765625,3022.10009765625,3022.10009765625,70.0
2025-03-26 16:12:00+00:00,3022.300048828125,3022.89990234375,3022.199951171875,3022.699951171875,79.0
2025-03-26 16:13:00+00:00,3022.60009765625,3022.800048828125,3022.39990234375,3022.39990234375,47.0
2025-03-26 16:14:00+00:00,3023.39990234375,3023.39990234375,3022.39990234375,3022.699951171875,241.0
2025-03-26 16:15:00+00:00,3024.0,3024.10009765625,3023.5,3023.5,110.0
2025-03-26 16:16:00+00:00,3024.300048828125,3024.60009765625,3023.699951171875,3023.800048828125,65.0
2025-03-26 16:17:00+00:00,3023.5,3024.39990234375,3023.39990234375,3024.39990234375,68.0
2025-03-26 16:18:00+00:00,3023.89990234375,3024.10009765625,3023.300048828125,3023.5,42.0
2025-03-26 16:19:00+00:00,3024.199951171875,3024.5,3024.0,3024.199951171875,77.0
2025-03-26 16:20:00+00:00,3023.300048828125,3024.300048828125,3023.0,3024.300048828125,163.0
2025-03-26 16:21:00+00:00,3023.699951171875,3023.699951171875,3023.39990234375,3023.5,48.0
2025-03-26 16:22:00+00:00,3023.800048828125,3024.10009765625,3023.10009765625,3023.60009765625,71.0
2025-03-26 16:23:00+00:00,3024.5,3024.800048828125,3023.800048828125,3023.89990234375,115.0
2025-03-26 16:24:00+00:00,3025.300048828125,3025.39990234375,3024.699951171875,3024.800048828125,130.0
2025-03-26 16:25:00+00:00,3025.10009765625,3025.800048828125,3025.10009765625,3025.199951171875,120.0
2025-03-26 16:26:00+00:00,3025.0,3025.699951171875,3025.0,3025.199951171875,65.0
2025-03-26 16:27:00+00:00,3024.800048828125,3025.199951171875,3024.800048828125,3024.89990234375,767.0
2025-03-26 16:28:00+00:00,3025.10009765625,3025.199951171875,3024.800048828125,3024.89990234375,312.0
2025-03-26 16:29:00+00:00,3025.0,3025.10009765625,3024.800048828125,3025.10009765625,67.0
2025-03-26 16:30:00+00:00,3025.0,3025.0,3024.699951171875,3024.89990234375,61.0
2025-03-26 16:31:00+00:00,3025.60009765625,3025.60009765625,3025.10009765625,3025.10009765625,159.0
2025-03-26 16:32:00+00:00,3024.89990234375,3025.300048828125,3024.699951171875,3025.300048828125,194.0
2025-03-26 16:33:00+00:00,3024.300048828125,3024.89990234375,3024.199951171875,3024.800048828125,982.0
2025-03-26 16:34:00+00:00,3024.199951171875,3024.300048828125,3023.800048828125,3024.300048828125,75.0
2025-03-26 16:35:00+00:00,3024.60009765625,3024.89990234375,3024.199951171875,3024.199951171875,77.0
2025-03-26 16:36:00+00:00,3024.199951171875,3024.699951171875,3024.0,3024.60009765625,232.0
2025-03-26 16:37:00+00:00,3023.800048828125,3024.199951171875,3023.800048828125,3024.10009765625,71.0
2025-03-26 16:38:00+00:00,3023.60009765625,3024.300048828125,3023.60009765625,3023.89990234375,106.0
2025-03-26 16:39:00+00:00,3023.0,3023.800048828125,3022.89990234375,3023.39990234375,130.0
2025-03-26 16:40:00+00:00,3022.60009765625,3023.300048828125,3022.60009765625,3023.0,351.0
2025-03-26 16:41:00+00:00,3023.0,3023.60009765625,3022.800048828125,3022.800048828125,73.0
2025-03-26 16:42:00+00:00,3022.89990234375,3023.199951171875,3022.60009765625,3023.199951171875,93.0
2025-03-26 16:43:00+00:00,3021.800048828125,3022.60009765625,3021.699951171875,3022.60009765625,172.0
2025-03-26 16:44:00+00:00,3021.699951171875,3021.800048828125,3021.300048828125,3021.60009765625,94.0
2025-03-26 16:45:00+00:00,3022.39990234375,3022.39990234375,3021.39990234375,3021.60009765625,74.0
2025-03-26 16:46:00+00:00,3022.39990234375,3022.800048828125,3022.199951171875,3022.199951171875,54.0
2025-03-26 16:47:00+00:00,3022.199951171875,3023.10009765625,3022.199951171875,3022.5,78.0
2025-03-26 16:48:00+00:00,3023.10009765625,3023.10009765625,3022.199951171875,3022.199951171875,71.0
2025-03-26 16:49:00+00:00,3022.39990234375,3023.10009765625,3022.39990234375,3023.0,199.0
2025-03-26 16:50:00+00:00,3022.60009765625,3022.699951171875,3022.199951171875,3022.5,57.0
2025-03-26 16:51:00+00:00,3022.800048828125,3022.89990234375,3022.39990234375,3022.5,68.0
2025-03-26 16:52:00+00:00,3023.300048828125,3023.39990234375,3022.800048828125,3022.89990234375,127.0
2025-03-26 16:53:00+00:00,3022.699951171875,3023.39990234375,3022.699951171875,3023.39990234375,151.0
2025-03-26 16:54:00+00:00,3022.5,3022.800048828125,3022.5,3022.60009765625,44.0
2025-03-26 16:55:00+00:00,3022.39990234375,3022.60009765625,3021.89990234375,3022.60009765625,97.0
2025-03-26 16:56:00+00:00,3021.699951171875,3022.60009765625,3021.699951171875,3022.60009765625,65.0
2025-03-26 16:57:00+00:00,3021.300048828125,3021.60009765625,3021.199951171875,3021.60009765625,48.0
2025-03-26 16:58:00+00:00,3021.5,3021.60009765625,3021.10009765625,3021.5,157.0
2025-03-26 16:59:00+00:00,3021.5,3021.699951171875,3021.300048828125,3021.300048828125,117.0
2025-03-26 17:00:00+00:00,3021.5,3021.800048828125,3021.300048828125,3021.699951171875,67.0
2025-03-26 17:01:00+00:00,3021.800048828125,3021.800048828125,3021.39990234375,3021.39990234375,36.0
2025-03-26 17:02:00+00:00,3021.89990234375,3022.0,3021.39990234375,3021.699951171875,68.0
2025-03-26 17:03:00+00:00,3021.699951171875,3022.0,3021.60009765625,3022.0,61.0
2025-03-26 17:04:00+00:00,3021.199951171875,3021.800048828125,3021.199951171875,3021.60009765625,217.0
2025-03-26 17:05:00+00:00,3021.300048828125,3021.39990234375,3021.199951171875,3021.199951171875,172.0
2025-03-26 17:06:00+00:00,3021.5,3021.699951171875,3021.199951171875,3021.199951171875,62.0
2025-03-26 17:07:00+00:00,3021.60009765625,3021.800048828125,3021.199951171875,3021.60009765625,82.0
2025-03-26 17:08:00+00:00,3022.0,3022.10009765625,3021.5,3021.60009765625,55.0
2025-03-26 17:09:00+00:00,3021.89990234375,3022.10009765625,3021.89990234375,3022.0,91.0
2025-03-26 17:10:00+00:00,3022.300048828125,3022.300048828125,3021.699951171875,3021.89990234375,53.0
2025-03-26 17:11:00+00:00,3022.60009765625,3022.60009765625,3022.199951171875,3022.39990234375,70.0
2025-03-26 17:12:00+00:00,3022.0,3022.199951171875,3022.0,3022.199951171875,118.0
2025-03-26 17:13:00+00:00,3022.300048828125,3022.699951171875,3022.199951171875,3022.199951171875,84.0
2025-03-26 17:14:00+00:00,3022.5,3022.60009765625,3022.199951171875,3022.39990234375,330.0
2025-03-26 17:15:00+00:00,3022.0,3022.699951171875,3022.0,3022.699951171875,1006.0
2025-03-26 17:16:00+00:00,3023.0,3023.10009765625,3021.89990234375,3021.89990234375,120.0
2025-03-26 17:17:00+00:00,3022.800048828125,3023.0,3022.60009765625,3022.89990234375,554.0
2025-03-26 17:18:00+00:00,3022.699951171875,3023.5,3022.5,3023.0,94.0
2025-03-26 17:19:00+00:00,3022.5,3023.0,3022.39990234375,3022.699951171875,90.0
2025-03-26 17:20:00+00:00,3022.800048828125,3023.300048828125,3022.60009765625,3022.60009765625,98.0
2025-03-26 17:21:00+00:00,3022.89990234375,3023.300048828125,3022.699951171875,3022.89990234375,179.0
2025-03-26 17:22:00+00:00,3022.800048828125,3023.10009765625,3022.699951171875,3022.89990234375,45.0
2025-03-26 17:23:00+00:00,3023.39990234375,3023.5,3022.699951171875,3022.699951171875,168.0
2025-03-26 17:24:00+00:00,3023.800048828125,3023.800048828125,3023.0,3023.199951171875,360.0
2025-03-26 17:25:00+00:00,3023.39990234375,3023.800048828125,3023.300048828125,3023.800048828125,1362.0
2025-03-26 17:26:00+00:00,3023.199951171875,3023.39990234375,3023.0,3023.300048828125,168.0
2025-03-26 17:27:00+00:00,3023.199951171875,3023.39990234375,3022.89990234375,3023.10009765625,81.0
2025-03-26 17:28:00+00:00,3022.89990234375,3023.199951171875,3022.60009765625,3023.10009765625,209.0
2025-03-26 17:29:00+00:00,3022.39990234375,3023.0,3022.300048828125,3023.0,1223.0
2025-03-26 17:30:00+00:00,3022.300048828125,3022.60009765625,3022.10009765625,3022.5,270.0
2025-03-26 17:31:00+00:00,3021.5,3022.300048828125,3021.39990234375,3022.199951171875,326.0
2025-03-26 17:32:00+00:00,3021.5,3021.5,3021.199951171875,3021.39990234375,134.0
2025-03-26 17:33:00+00:00,3021.89990234375,3022.0,3021.5,3021.5,354.0
2025-03-26 17:34:00+00:00,3022.199951171875,3022.199951171875,3021.60009765625,3021.699951171875,132.0
2025-03-26 17:35:00+00:00,3022.39990234375,3022.5,3021.89990234375,3022.199951171875,84.0
2025-03-26 17:36:00+00:00,3023.39990234375,3023.5,3022.300048828125,3022.300048828125,162.0
2025-03-26 17:37:00+00:00,3023.89990234375,3023.89990234375,3023.39990234375,3023.60009765625,123.0
2025-03-26 17:38:00+00:00,3024.5,3024.5,3023.800048828125,3024.0,100.0
2025-03-26 17:39:00+00:00,3024.60009765625,3024.89990234375,3024.199951171875,3024.60009765625,404.0
2025-03-26 17:40:00+00:00,3024.300048828125,3024.800048828125,3023.800048828125,3024.39990234375,274.0
2025-03-26 17:41:00+00:00,3024.60009765625,3024.89990234375,3024.300048828125,3024.300048828125,144.0
2025-03-26 17:42:00+00:00,3024.800048828125,3025.0,3024.5,3024.60009765625,172.0
2025-03-26 17:43:00+00:00,3024.10009765625,3025.0,3024.10009765625,3024.699951171875,131.0
2025-03-26 17:44:00+00:00,3023.89990234375,3024.10009765625,3023.60009765625,3024.0,120.0
2025-03-26 17:45:00+00:00,3023.5,3024.0,3023.39990234375,3024.0,755.0
2025-03-26 17:46:00+00:00,3023.300048828125,3023.89990234375,3023.199951171875,3023.800048828125,86.0
2025-03-26 17:47:00+00:00,3022.699951171875,3023.5,3022.5,3023.39990234375,129.0
2025-03-26 17:48:00+00:00,3022.800048828125,3022.800048828125,3022.60009765625,3022.60009765625,23.0
2025-03-26 17:49:00+00:00,3022.800048828125,3023.0,3022.5,3022.699951171875,235.0
2025-03-26 17:50:00+00:00,3022.89990234375,3023.199951171875,3022.39990234375,3023.0,72.0
2025-03-26 17:51:00+00:00,3023.10009765625,3023.199951171875,3022.60009765625,3022.800048828125,31.0
2025-03-26 17:52:00+00:00,3022.89990234375,3023.0,3022.800048828125,3023.0,81.0
2025-03-26 17:53:00+00:00,3022.800048828125,3023.10009765625,3022.699951171875,3022.89990234375,149.0
2025-03-26 17:54:00+00:00,3023.10009765625,3023.39990234375,3022.800048828125,3022.89990234375,154.0
2025-03-26 17:55:00+00:00,3023.300048828125,3023.5,3023.0,3023.199951171875,79.0
2025-03-26 17:56:00+00:00,3024.0,3024.0,3023.300048828125,3023.300048828125,103.0
2025-03-26 17:57:00+00:00,3024.0,3024.0,3023.89990234375,3024.0,152.0
2025-03-26 17:58:00+00:00,3024.10009765625,3024.39990234375,3023.800048828125,3024.0,242.0
2025-03-26 17:59:00+00:00,3024.60009765625,3024.60009765625,3024.10009765625,3024.10009765625,198.0
2025-03-26 18:00:00+00:00,3025.10009765625,3025.199951171875,3024.5,3024.60009765625,90.0
2025-03-26 18:01:00+00:00,3025.10009765625,3025.300048828125,3024.89990234375,3025.10009765625,56.0
2025-03-26 18:02:00+00:00,3025.39990234375,3025.5,3024.699951171875,3025.10009765625,103.0
2025-03-26 18:03:00+00:00,3025.800048828125,3025.800048828125,3025.10009765625,3025.39990234375,115.0
2025-03-26 18:04:00+00:00,3025.800048828125,3026.0,3024.800048828125,3025.800048828125,278.0
2025-03-26 18:05:00+00:00,3026.0,3026.0,3025.699951171875,3025.89990234375,76.0
2025-03-26 18:06:00+00:00,3026.10009765625,3026.199951171875,3025.800048828125,3025.89990234375,205.0
2025-03-26 18:07:00+00:00,3025.699951171875,3026.10009765625,3025.300048828125,3025.89990234375,142.0
2025-03-26 18:08:00+00:00,3026.10009765625,3027.199951171875,3025.199951171875,3025.60009765625,319.0
2025-03-26 18:09:00+00:00,3026.39990234375,3027.0,3026.300048828125,3026.300048828125,94.0
2025-03-26 18:10:00+00:00,3026.199951171875,3026.300048828125,3026.10009765625,3026.199951171875,23.0
2025-03-26 18:11:00+00:00,3026.10009765625,3026.199951171875,3025.800048828125,3026.199951171875,47.0
2025-03-26 18:12:00+00:00,3025.800048828125,3025.89990234375,3025.60009765625,3025.800048828125,50.0
2025-03-26 18:13:00+00:00,3025.5,3025.699951171875,3025.300048828125,3025.60009765625,88.0
2025-03-26 18:14:00+00:00,3025.800048828125,3026.0,3025.5,3025.60009765625,52.0
2025-03-26 18:15:00+00:00,3025.699951171875,3025.800048828125,3025.300048828125,3025.699951171875,55.0
2025-03-26 18:16:00+00:00,3025.60009765625,3025.60009765625,3025.39990234375,3025.60009765625,33.0
2025-03-26 18:17:00+00:00,3025.89990234375,3026.0,3025.5,3025.699951171875,35.0
2025-03-26 18:18:00+00:00,3026.300048828125,3026.300048828125,3026.199951171875,3026.199951171875,17.0
2025-03-26 18:19:00+00:00,3025.89990234375,3026.5,3025.699951171875,3026.39990234375,63.0
2025-03-26 18:20:00+00:00,3025.800048828125,3025.89990234375,3025.39990234375,3025.89990234375,73.0
2025-03-26 18:21:00+00:00,3026.10009765625,3026.10009765625,3025.5,3025.800048828125,61.0
2025-03-26 18:22:00+00:00,3026.10009765625,3026.199951171875,3025.800048828125,3026.10009765625,82.0
2025-03-26 18:23:00+00:00,3026.199951171875,3026.300048828125,3025.89990234375,3026.300048828125,25.0
2025-03-26 18:24:00+00:00,3026.10009765625,3026.300048828125,3026.0,3026.10009765625,54.0
2025-03-26 18:25:00+00:00,3026.0,3026.10009765625,3025.89990234375,3026.0,53.0
2025-03-26 18:26:00+00:00,3026.39990234375,3026.60009765625,3026.10009765625,3026.199951171875,96.0
2025-03-26 18:27:00+00:00,3026.300048828125,3026.39990234375,3026.199951171875,3026.39990234375,28.0
2025-03-26 18:28:00+00:00,3026.300048828125,3026.300048828125,3026.199951171875,3026.300048828125,17.0
2025-03-26 18:29:00+00:00,3026.199951171875,3026.5,3026.10009765625,3026.300048828125,31.0
2025-03-26 18:30:00+00:00,3026.199951171875,3026.39990234375,3026.0,3026.39990234375,190.0
2025-03-26 18:31:00+00:00,3026.199951171875,3026.5,3026.10009765625,3026.300048828125,27.0
2025-03-26 18:32:00+00:00,3025.39990234375,3026.0,3025.39990234375,3026.0,31.0
2025-03-26 18:33:00+00:00,3024.89990234375,3025.300048828125,3024.800048828125,3025.300048828125,81.0
2025-03-26 18:34:00+00:00,3024.800048828125,3025.0,3024.699951171875,3024.89990234375,67.0
2025-03-26 18:35:00+00:00,3024.699951171875,3024.699951171875,3024.5,3024.699951171875,50.0
2025-03-26 18:36:00+00:00,3025.0,3025.0,3024.5,3024.5,41.0
2025-03-26 18:37:00+00:00,3024.89990234375,3025.0,3024.800048828125,3025.0,23.0
2025-03-26 18:38:00+00:00,3024.89990234375,3025.0,3024.699951171875,3024.699951171875,33.0
2025-03-26 18:39:00+00:00,3024.300048828125,3024.89990234375,3024.300048828125,3024.89990234375,31.0
2025-03-26 18:40:00+00:00,3025.10009765625,3025.10009765625,3024.39990234375,3024.39990234375,60.0
2025-03-26 18:41:00+00:00,3025.5,3025.5,3024.89990234375,3025.10009765625,40.0
2025-03-26 18:42:00+00:00,3025.39990234375,3025.699951171875,3025.39990234375,3025.5,33.0
2025-03-26 18:43:00+00:00,3025.10009765625,3025.300048828125,3025.10009765625,3025.300048828125,35.0
2025-03-26 18:44:00+00:00,3025.699951171875,3025.699951171875,3025.10009765625,3025.10009765625,51.0
2025-03-26 18:45:00+00:00,3025.5,3025.800048828125,3025.5,3025.699951171875,28.0
2025-03-26 18:46:00+00:00,3025.5,3025.699951171875,3025.39990234375,3025.60009765625,36.0
2025-03-26 18:47:00+00:00,3025.39990234375,3025.5,3025.300048828125,3025.39990234375,336.0
2025-03-26 18:48:00+00:00,3025.0,3025.39990234375,3024.89990234375,3025.300048828125,66.0
2025-03-26 18:49:00+00:00,3024.699951171875,3024.89990234375,3024.5,3024.89990234375,205.0
2025-03-26 18:50:00+00:00,3024.10009765625,3024.5,3024.10009765625,3024.5,71.0
2025-03-26 18:51:00+00:00,3024.10009765625,3024.300048828125,3024.0,3024.0,36.0
2025-03-26 18:52:00+00:00,3024.300048828125,3024.300048828125,3024.10009765625,3024.10009765625,9.0
2025-03-26 18:53:00+00:00,3023.89990234375,3024.10009765625,3023.39990234375,3024.10009765625,105.0
2025-03-26 18:54:00+00:00,3024.60009765625,3024.800048828125,3023.800048828125,3023.800048828125,243.0
2025-03-26 18:55:00+00:00,3023.89990234375,3024.699951171875,3023.89990234375,3024.60009765625,50.0
2025-03-26 18:56:00+00:00,3024.0,3024.0,3023.800048828125,3023.800048828125,21.0
2025-03-26 18:57:00+00:00,3024.199951171875,3024.300048828125,3024.0,3024.10009765625,60.0
2025-03-26 18:58:00+00:00,3023.699951171875,3024.0,3023.60009765625,3024.0,74.0
2025-03-26 18:59:00+00:00,3023.60009765625,3023.800048828125,3023.5,3023.60009765625,25.0
2025-03-26 19:00:00+00:00,3023.800048828125,3024.300048828125,3023.5,3023.699951171875,74.0
2025-03-26 19:01:00+00:00,3023.300048828125,3023.39990234375,3023.0,3023.39990234375,267.0
2025-03-26 19:02:00+00:00,3022.89990234375,3023.39990234375,3022.800048828125,3023.300048828125,147.0
2025-03-26 19:03:00+00:00,3023.0,3023.199951171875,3022.89990234375,3022.89990234375,50.0
2025-03-26 19:04:00+00:00,3023.0,3023.199951171875,3022.89990234375,3023.10009765625,26.0
2025-03-26 19:05:00+00:00,3022.5,3022.89990234375,3022.39990234375,3022.89990234375,44.0
2025-03-26 19:06:00+00:00,3022.199951171875,3022.60009765625,3022.0,3022.5,38.0
2025-03-26 19:07:00+00:00,3022.300048828125,3022.39990234375,3022.10009765625,3022.10009765625,36.0
2025-03-26 19:08:00+00:00,3022.5,3022.5,3022.300048828125,3022.5,57.0
2025-03-26 19:09:00+00:00,3022.300048828125,3022.800048828125,3022.0,3022.60009765625,204.0
2025-03-26 19:10:00+00:00,3021.800048828125,3022.300048828125,3021.699951171875,3022.300048828125,28.0
2025-03-26 19:11:00+00:00,3021.0,3021.800048828125,3021.0,3021.800048828125,71.0
2025-03-26 19:12:00+00:00,3021.0,3021.300048828125,3020.699951171875,3021.199951171875,165.0
2025-03-26 19:13:00+00:00,3021.0,3021.5,3020.800048828125,3021.0,63.0
2025-03-26 19:14:00+00:00,3021.89990234375,3021.89990234375,3021.0,3021.0,94.0
2025-03-26 19:15:00+00:00,3021.699951171875,3022.0,3021.5,3022.0,39.0
2025-03-26 19:16:00+00:00,3021.60009765625,3022.199951171875,3021.60009765625,3021.800048828125,33.0
2025-03-26 19:17:00+00:00,3021.39990234375,3021.800048828125,3021.39990234375,3021.699951171875,32.0
2025-03-26 19:18:00+00:00,3021.699951171875,3021.699951171875,3021.39990234375,3021.39990234375,31.0
2025-03-26 19:19:00+00:00,3021.800048828125,3021.89990234375,3021.699951171875,3021.800048828125,9.0
2025-03-26 19:20:00+00:00,3022.199951171875,3022.199951171875,3021.89990234375,3021.89990234375,47.0
2025-03-26 19:21:00+00:00,3022.39990234375,3022.60009765625,3022.10009765625,3022.10009765625,98.0
2025-03-26 19:22:00+00:00,3022.699951171875,3022.699951171875,3022.300048828125,3022.39990234375,24.0
2025-03-26 19:23:00+00:00,3023.199951171875,3023.39990234375,3022.699951171875,3022.699951171875,106.0
2025-03-26 19:24:00+00:00,3022.60009765625,3023.39990234375,3022.60009765625,3023.199951171875,104.0
2025-03-26 19:25:00+00:00,3022.89990234375,3022.89990234375,3022.5,3022.5,32.0
2025-03-26 19:26:00+00:00,3022.60009765625,3022.800048828125,3022.5,3022.699951171875,30.0
2025-03-26 19:27:00+00:00,3022.800048828125,3023.0,3022.39990234375,3022.5,75.0
2025-03-26 19:28:00+00:00,3022.60009765625,3022.89990234375,3022.5,3022.800048828125,37.0
2025-03-26 19:29:00+00:00,3022.89990234375,3023.0,3022.5,3022.60009765625,46.0
2025-03-26 19:30:00+00:00,3023.0,3023.199951171875,3022.89990234375,3022.89990234375,38.0
2025-03-26 19:31:00+00:00,3022.10009765625,3022.60009765625,3022.0,3022.60009765625,21.0
2025-03-26 19:32:00+00:00,3022.300048828125,3022.39990234375,3021.89990234375,3022.0,22.0
2025-03-26 19:33:00+00:00,3022.300048828125,3022.5,3022.10009765625,3022.10009765625,51.0
2025-03-26 19:34:00+00:00,3022.5,3022.60009765625,3022.39990234375,3022.39990234375,54.0
2025-03-26 19:35:00+00:00,3023.0,3023.0,3022.5,3022.5,12.0
2025-03-26 19:36:00+00:00,3021.60009765625,3022.89990234375,3021.39990234375,3022.89990234375,149.0
2025-03-26 19:37:00+00:00,3021.89990234375,3022.10009765625,3021.699951171875,3021.699951171875,22.0
2025-03-26 19:38:00+00:00,3021.800048828125,3022.0,3021.699951171875,3022.0,10.0
2025-03-26 19:39:00+00:00,3021.39990234375,3021.89990234375,3021.39990234375,3021.89990234375,19.0
2025-03-26 19:40:00+00:00,3021.39990234375,3021.5,3021.39990234375,3021.5,19.0
2025-03-26 19:41:00+00:00,3021.5,3021.699951171875,3021.5,3021.5,23.0
2025-03-26 19:42:00+00:00,3021.39990234375,3021.5,3021.10009765625,3021.5,58.0
2025-03-26 19:43:00+00:00,3021.89990234375,3022.0,3021.39990234375,3021.5,102.0
2025-03-26 19:44:00+00:00,3021.800048828125,3022.10009765625,3021.699951171875,3021.89990234375,41.0
2025-03-26 19:45:00+00:00,3022.10009765625,3022.10009765625,3021.89990234375,3021.89990234375,10.0
2025-03-26 19:46:00+00:00,3022.10009765625,3022.300048828125,3022.0,3022.199951171875,42.0
2025-03-26 19:47:00+00:00,3022.300048828125,3022.300048828125,3022.0,3022.199951171875,16.0
2025-03-26 19:48:00+00:00,3022.199951171875,3022.5,3022.199951171875,3022.300048828125,36.0
2025-03-26 19:49:00+00:00,3022.300048828125,3022.39990234375,3022.10009765625,3022.39990234375,25.0
2025-03-26 19:50:00+00:00,3022.0,3022.60009765625,3022.0,3022.39990234375,51.0
2025-03-26 19:51:00+00:00,3022.199951171875,3022.199951171875,3021.699951171875,3021.89990234375,43.0
2025-03-26 19:52:00+00:00,3022.800048828125,3022.800048828125,3022.10009765625,3022.10009765625,76.0
2025-03-26 19:53:00+00:00,3023.10009765625,3023.10009765625,3022.699951171875,3022.800048828125,38.0
2025-03-26 19:54:00+00:00,3023.300048828125,3023.39990234375,3022.89990234375,3023.0,63.0
2025-03-26 19:55:00+00:00,3023.0,3023.300048828125,3022.699951171875,3023.199951171875,63.0
2025-03-26 19:56:00+00:00,3023.0,3023.10009765625,3022.89990234375,3023.10009765625,42.0
2025-03-26 19:57:00+00:00,3023.5,3023.60009765625,3023.0,3023.0,223.0
2025-03-26 19:58:00+00:00,3023.10009765625,3023.5,3023.10009765625,3023.5,109.0
2025-03-26 19:59:00+00:00,3023.10009765625,3023.199951171875,3023.0,3023.199951171875,238.0
2025-03-26 20:00:00+00:00,3023.39990234375,3023.39990234375,3023.0,3023.10009765625,66.0
2025-03-26 20:01:00+00:00,3023.89990234375,3024.0,3023.300048828125,3023.300048828125,93.0
2025-03-26 20:02:00+00:00,3024.199951171875,3024.5,3023.89990234375,3024.0,78.0
2025-03-26 20:03:00+00:00,3023.699951171875,3024.199951171875,3023.699951171875,3024.199951171875,59.0
2025-03-26 20:04:00+00:00,3024.0,3024.10009765625,3023.60009765625,3023.800048828125,104.0
2025-03-26 20:05:00+00:00,3024.300048828125,3024.300048828125,3024.0,3024.0,705.0
2025-03-26 20:06:00+00:00,3024.10009765625,3024.300048828125,3024.10009765625,3024.199951171875,26.0
2025-03-26 20:07:00+00:00,3024.0,3024.300048828125,3024.0,3024.300048828125,33.0
2025-03-26 20:08:00+00:00,3024.0,3024.199951171875,3024.0,3024.0,23.0
2025-03-26 20:09:00+00:00,3024.0,3024.199951171875,3024.0,3024.10009765625,34.0
2025-03-26 20:10:00+00:00,3024.199951171875,3024.199951171875,3023.800048828125,3024.10009765625,37.0
2025-03-26 20:11:00+00:00,3025.10009765625,3025.10009765625,3024.0,3024.300048828125,114.0
2025-03-26 20:12:00+00:00,3025.300048828125,3025.5,3025.10009765625,3025.10009765625,61.0
2025-03-26 20:13:00+00:00,3025.800048828125,3025.800048828125,3025.199951171875,3025.199951171875,35.0
2025-03-26 20:14:00+00:00,3025.5,3025.699951171875,3025.5,3025.699951171875,27.0
2025-03-26 20:15:00+00:00,3025.800048828125,3025.800048828125,3025.5,3025.60009765625,17.0
2025-03-26 20:16:00+00:00,3025.800048828125,3025.89990234375,3025.699951171875,3025.800048828125,19.0
2025-03-26 20:17:00+00:00,3025.5,3026.10009765625,3025.5,3025.699951171875,59.0
2025-03-26 20:18:00+00:00,3025.39990234375,3025.60009765625,3025.39990234375,3025.60009765625,21.0
2025-03-26 20:19:00+00:00,3025.39990234375,3025.5,3025.10009765625,3025.39990234375,72.0
2025-03-26 20:20:00+00:00,3025.60009765625,3025.800048828125,3025.300048828125,3025.39990234375,56.0
2025-03-26 20:21:00+00:00,3025.800048828125,3025.800048828125,3025.39990234375,3025.39990234375,14.0
2025-03-26 20:22:00+00:00,3025.300048828125,3026.10009765625,3025.10009765625,3025.699951171875,118.0
2025-03-26 20:23:00+00:00,3025.39990234375,3025.39990234375,3025.0,3025.300048828125,28.0
2025-03-26 20:24:00+00:00,3025.10009765625,3025.39990234375,3025.10009765625,3025.39990234375,15.0
2025-03-26 20:25:00+00:00,3025.199951171875,3025.5,3025.0,3025.10009765625,59.0
2025-03-26 20:26:00+00:00,3025.199951171875,3025.39990234375,3025.199951171875,3025.300048828125,98.0
2025-03-26 20:27:00+00:00,3025.5,3025.5,3025.199951171875,3025.199951171875,43.0
2025-03-26 20:28:00+00:00,3025.39990234375,3025.800048828125,3025.300048828125,3025.60009765625,84.0
2025-03-26 20:29:00+00:00,3025.300048828125,3025.5,3025.300048828125,3025.5,3.0
2025-03-26 20:30:00+00:00,3025.39990234375,3025.699951171875,3025.300048828125,3025.300048828125,38.0
2025-03-26 20:31:00+00:00,3025.300048828125,3025.39990234375,3025.300048828125,3025.39990234375,83.0
2025-03-26 20:32:00+00:00,3025.5,3025.5,3025.39990234375,3025.39990234375,22.0
2025-03-26 20:33:00+00:00,3025.300048828125,3025.5,3025.300048828125,3025.5,156.0
2025-03-26 20:34:00+00:00,3025.5,3025.5,3025.300048828125,3025.39990234375,133.0
2025-03-26 20:35:00+00:00,3025.60009765625,3025.60009765625,3025.39990234375,3025.39990234375,4.0
2025-03-26 20:36:00+00:00,3026.10009765625,3026.10009765625,3024.800048828125,3025.5,394.0
2025-03-26 20:37:00+00:00,3027.800048828125,3027.800048828125,3026.10009765625,3026.10009765625,337.0
2025-03-26 20:38:00+00:00,3027.300048828125,3027.800048828125,3027.199951171875,3027.800048828125,97.0
2025-03-26 20:39:00+00:00,3027.5,3027.800048828125,3027.0,3027.39990234375,131.0
2025-03-26 20:40:00+00:00,3028.0,3028.199951171875,3027.60009765625,3027.60009765625,76.0
2025-03-26 20:41:00+00:00,3028.0,3028.199951171875,3027.60009765625,3028.0,211.0
2025-03-26 20:42:00+00:00,3027.0,3028.0,3026.800048828125,3028.0,105.0
2025-03-26 20:43:00+00:00,3027.0,3027.0,3026.800048828125,3026.89990234375,23.0
2025-03-26 20:44:00+00:00,3027.0,3027.0,3026.699951171875,3026.89990234375,16.0
2025-03-26 20:45:00+00:00,3027.39990234375,3027.699951171875,3026.699951171875,3026.800048828125,58.0
2025-03-26 20:46:00+00:00,3027.5,3027.60009765625,3027.5,3027.60009765625,35.0
2025-03-26 20:47:00+00:00,3026.89990234375,3027.60009765625,3026.89990234375,3027.60009765625,29.0
2025-03-26 20:49:00+00:00,3026.699951171875,3026.89990234375,3026.699951171875,3026.699951171875,9.0
2025-03-26 20:50:00+00:00,3026.800048828125,3027.0,3026.300048828125,3026.89990234375,22.0
2025-03-26 20:51:00+00:00,3026.800048828125,3027.199951171875,3026.5,3026.800048828125,43.0
2025-03-26 20:52:00+00:00,3026.39990234375,3027.0,3026.39990234375,3026.800048828125,30.0
2025-03-26 20:53:00+00:00,3026.300048828125,3026.39990234375,3026.199951171875,3026.39990234375,13.0
2025-03-26 20:54:00+00:00,3026.199951171875,3026.39990234375,3026.10009765625,3026.199951171875,12.0
2025-03-26 20:55:00+00:00,3026.199951171875,3026.60009765625,3026.199951171875,3026.199951171875,24.0
2025-03-26 20:56:00+00:00,3026.0,3026.5,3026.0,3026.199951171875,27.0
2025-03-26 20:57:00+00:00,3025.800048828125,3026.10009765625,3025.800048828125,3025.89990234375,14.0
2025-03-26 20:58:00+00:00,3025.89990234375,3026.10009765625,3025.89990234375,3025.89990234375,0.0
