Datetime,Close,High,Low,Open,Volume
2025-03-02 23:00:00+00:00,103.4375,103.46484375,103.43359375,103.46484375,0.0
2025-03-02 23:01:00+00:00,103.4375,103.44140625,103.43359375,103.44140625,953.0
2025-03-02 23:02:00+00:00,103.43359375,103.4375,103.4296875,103.4375,685.0
2025-03-02 23:03:00+00:00,103.4375,103.4375,103.43359375,103.43359375,342.0
2025-03-02 23:04:00+00:00,103.4375,103.4375,103.4375,103.4375,68.0
2025-03-02 23:05:00+00:00,103.43359375,103.4375,103.43359375,103.4375,383.0
2025-03-02 23:06:00+00:00,103.4375,103.4375,103.43359375,103.43359375,146.0
2025-03-02 23:07:00+00:00,103.4296875,103.43359375,103.42578125,103.43359375,1008.0
2025-03-02 23:08:00+00:00,103.42578125,103.42578125,103.42578125,103.42578125,226.0
2025-03-02 23:09:00+00:00,103.4296875,103.4296875,103.42578125,103.42578125,738.0
2025-03-02 23:10:00+00:00,103.421875,103.4296875,103.17578125,103.17578125,2058.0
2025-03-02 23:11:00+00:00,103.41796875,103.41796875,103.41796875,103.41796875,363.0
2025-03-02 23:12:00+00:00,103.42578125,103.42578125,103.421875,103.421875,491.0
2025-03-02 23:13:00+00:00,103.421875,103.421875,103.421875,103.421875,149.0
2025-03-02 23:14:00+00:00,103.41796875,103.421875,103.41796875,103.421875,49.0
2025-03-02 23:15:00+00:00,103.41796875,103.41796875,103.41796875,103.41796875,103.0
2025-03-02 23:16:00+00:00,103.1640625,103.1640625,103.1640625,103.1640625,0.0
2025-03-02 23:17:00+00:00,103.4296875,103.4296875,103.41796875,103.41796875,11838.0
2025-03-02 23:18:00+00:00,103.43359375,103.43359375,103.4296875,103.4296875,158.0
2025-03-02 23:19:00+00:00,103.43359375,103.43359375,103.43359375,103.43359375,72.0
2025-03-02 23:20:00+00:00,103.43359375,103.43359375,103.43359375,103.43359375,2.0
2025-03-02 23:21:00+00:00,103.4296875,103.43359375,103.4296875,103.43359375,15.0
2025-03-02 23:22:00+00:00,103.43359375,103.43359375,103.18359375,103.4296875,202.0
2025-03-02 23:23:00+00:00,103.43359375,103.43359375,103.43359375,103.43359375,34.0
2025-03-02 23:24:00+00:00,103.43359375,103.43359375,103.43359375,103.43359375,8.0
2025-03-02 23:26:00+00:00,103.4296875,103.43359375,103.4296875,103.43359375,83.0
2025-03-02 23:27:00+00:00,103.43359375,103.43359375,103.43359375,103.43359375,76.0
2025-03-02 23:28:00+00:00,103.4296875,103.43359375,103.1796875,103.43359375,961.0
2025-03-02 23:29:00+00:00,103.4296875,103.4296875,103.4296875,103.4296875,121.0
2025-03-02 23:30:00+00:00,103.4296875,103.4296875,103.4296875,103.4296875,67.0
2025-03-02 23:33:00+00:00,103.43359375,103.43359375,103.18359375,103.43359375,512.0
2025-03-02 23:34:00+00:00,103.43359375,103.43359375,103.43359375,103.43359375,20.0
2025-03-02 23:36:00+00:00,103.43359375,103.43359375,103.43359375,103.43359375,248.0
2025-03-02 23:38:00+00:00,103.4296875,103.4375,103.4296875,103.43359375,165.0
2025-03-02 23:39:00+00:00,103.43359375,103.43359375,103.43359375,103.43359375,542.0
2025-03-02 23:43:00+00:00,103.43359375,103.43359375,103.43359375,103.43359375,129.0
2025-03-02 23:45:00+00:00,103.43359375,103.43359375,103.43359375,103.43359375,10.0
2025-03-02 23:47:00+00:00,103.42578125,103.4296875,103.17578125,103.4296875,2587.0
2025-03-02 23:48:00+00:00,103.42578125,103.42578125,103.421875,103.421875,213.0
2025-03-02 23:49:00+00:00,103.421875,103.421875,103.421875,103.421875,339.0
2025-03-02 23:50:00+00:00,103.41796875,103.421875,103.41796875,103.421875,214.0
2025-03-02 23:51:00+00:00,103.421875,103.421875,103.421875,103.421875,162.0
2025-03-02 23:52:00+00:00,103.42578125,103.42578125,103.42578125,103.42578125,1.0
2025-03-02 23:53:00+00:00,103.421875,103.421875,103.421875,103.421875,10.0
2025-03-02 23:54:00+00:00,103.421875,103.421875,103.421875,103.421875,344.0
2025-03-02 23:55:00+00:00,103.42578125,103.42578125,103.42578125,103.42578125,3.0
2025-03-02 23:57:00+00:00,103.42578125,103.42578125,103.42578125,103.42578125,266.0
2025-03-02 23:58:00+00:00,103.4296875,103.4296875,103.42578125,103.42578125,10.0
2025-03-02 23:59:00+00:00,103.42578125,103.42578125,103.42578125,103.42578125,216.0
2025-03-03 00:00:00+00:00,103.42578125,103.42578125,103.42578125,103.42578125,31.0
2025-03-03 00:01:00+00:00,103.42578125,103.4296875,103.42578125,103.42578125,489.0
2025-03-03 00:02:00+00:00,103.4296875,103.4296875,103.4296875,103.4296875,130.0
2025-03-03 00:03:00+00:00,103.43359375,103.43359375,103.4296875,103.43359375,144.0
2025-03-03 00:04:00+00:00,103.43359375,103.43359375,103.43359375,103.43359375,71.0
2025-03-03 00:05:00+00:00,103.43359375,103.43359375,103.4296875,103.43359375,1263.0
2025-03-03 00:07:00+00:00,103.43359375,103.43359375,103.43359375,103.43359375,50.0
2025-03-03 00:08:00+00:00,103.43359375,103.43359375,103.43359375,103.43359375,4.0
2025-03-03 00:09:00+00:00,103.4296875,103.4296875,103.4296875,103.4296875,252.0
2025-03-03 00:10:00+00:00,103.4296875,103.4296875,103.18359375,103.4296875,19.0
2025-03-03 00:12:00+00:00,103.4296875,103.4296875,103.4296875,103.4296875,103.0
2025-03-03 00:13:00+00:00,103.4296875,103.43359375,103.4296875,103.43359375,108.0
2025-03-03 00:14:00+00:00,103.4296875,103.4296875,103.4296875,103.4296875,13.0
2025-03-03 00:15:00+00:00,103.43359375,103.43359375,103.43359375,103.43359375,9.0
2025-03-03 00:17:00+00:00,103.4375,103.4375,103.43359375,103.43359375,433.0
2025-03-03 00:18:00+00:00,103.4375,103.4375,103.4375,103.4375,4.0
2025-03-03 00:19:00+00:00,103.4296875,103.4375,103.18359375,103.4375,1054.0
2025-03-03 00:20:00+00:00,103.42578125,103.4296875,103.42578125,103.4296875,406.0
2025-03-03 00:21:00+00:00,103.421875,103.42578125,103.41796875,103.42578125,581.0
2025-03-03 00:22:00+00:00,103.42578125,103.42578125,103.42578125,103.42578125,492.0
2025-03-03 00:23:00+00:00,103.421875,103.42578125,103.421875,103.42578125,191.0
2025-03-03 00:24:00+00:00,103.42578125,103.4296875,103.42578125,103.42578125,216.0
2025-03-03 00:25:00+00:00,103.42578125,103.42578125,103.42578125,103.42578125,1338.0
2025-03-03 00:26:00+00:00,103.421875,103.4296875,103.421875,103.42578125,1042.0
2025-03-03 00:27:00+00:00,103.421875,103.421875,103.41796875,103.421875,763.0
2025-03-03 00:28:00+00:00,103.42578125,103.42578125,103.421875,103.421875,142.0
2025-03-03 00:29:00+00:00,103.42578125,103.42578125,103.421875,103.421875,57.0
2025-03-03 00:30:00+00:00,103.43359375,103.43359375,103.4296875,103.4296875,1189.0
2025-03-03 00:31:00+00:00,103.43359375,103.43359375,103.4296875,103.43359375,387.0
2025-03-03 00:32:00+00:00,103.4296875,103.43359375,103.4296875,103.43359375,88.0
2025-03-03 00:33:00+00:00,103.4296875,103.43359375,103.4296875,103.43359375,190.0
2025-03-03 00:34:00+00:00,103.4296875,103.4296875,103.4296875,103.4296875,239.0
2025-03-03 00:35:00+00:00,103.4296875,103.4296875,103.4296875,103.4296875,161.0
2025-03-03 00:36:00+00:00,103.4296875,103.4296875,103.4296875,103.4296875,202.0
2025-03-03 00:37:00+00:00,103.4296875,103.4296875,103.4296875,103.4296875,60.0
2025-03-03 00:38:00+00:00,103.42578125,103.42578125,103.42578125,103.42578125,256.0
2025-03-03 00:39:00+00:00,103.42578125,103.42578125,103.42578125,103.42578125,81.0
2025-03-03 00:40:00+00:00,103.421875,103.42578125,103.421875,103.42578125,218.0
2025-03-03 00:41:00+00:00,103.421875,103.421875,103.171875,103.171875,211.0
2025-03-03 00:42:00+00:00,103.42578125,103.42578125,103.17578125,103.421875,422.0
2025-03-03 00:43:00+00:00,103.4296875,103.4296875,103.1796875,103.4296875,255.0
2025-03-03 00:44:00+00:00,103.4296875,103.4296875,103.4296875,103.4296875,22.0
2025-03-03 00:45:00+00:00,103.4296875,103.4296875,103.4296875,103.4296875,1.0
2025-03-03 00:46:00+00:00,103.4296875,103.4296875,103.4296875,103.4296875,42.0
2025-03-03 00:47:00+00:00,103.4296875,103.4296875,103.4296875,103.4296875,19.0
2025-03-03 00:48:00+00:00,103.42578125,103.4296875,103.42578125,103.4296875,8.0
2025-03-03 00:49:00+00:00,103.42578125,103.4296875,103.42578125,103.42578125,7.0
2025-03-03 00:50:00+00:00,103.42578125,103.42578125,103.42578125,103.42578125,384.0
2025-03-03 00:51:00+00:00,103.42578125,103.42578125,103.42578125,103.42578125,298.0
2025-03-03 00:52:00+00:00,103.42578125,103.42578125,103.42578125,103.42578125,9.0
2025-03-03 00:53:00+00:00,103.42578125,103.42578125,103.42578125,103.42578125,98.0
2025-03-03 00:54:00+00:00,103.42578125,103.42578125,103.42578125,103.42578125,82.0
2025-03-03 00:58:00+00:00,103.42578125,103.42578125,103.42578125,103.42578125,100.0
2025-03-03 00:59:00+00:00,103.4296875,103.4296875,103.4296875,103.4296875,8.0
2025-03-03 01:00:00+00:00,103.43359375,103.43359375,103.4296875,103.4296875,970.0
2025-03-03 01:01:00+00:00,103.4296875,103.43359375,103.4296875,103.4296875,132.0
2025-03-03 01:02:00+00:00,103.4296875,103.4296875,103.42578125,103.42578125,592.0
2025-03-03 01:03:00+00:00,103.421875,103.42578125,103.421875,103.42578125,119.0
2025-03-03 01:04:00+00:00,103.42578125,103.42578125,103.42578125,103.42578125,79.0
2025-03-03 01:05:00+00:00,103.42578125,103.42578125,103.42578125,103.42578125,241.0
2025-03-03 01:07:00+00:00,103.41796875,103.42578125,103.171875,103.42578125,759.0
2025-03-03 01:08:00+00:00,103.421875,103.421875,103.41796875,103.41796875,1575.0
2025-03-03 01:09:00+00:00,103.42578125,103.42578125,103.421875,103.421875,369.0
2025-03-03 01:10:00+00:00,103.42578125,103.42578125,103.42578125,103.42578125,76.0
2025-03-03 01:11:00+00:00,103.421875,103.42578125,103.41796875,103.421875,406.0
2025-03-03 01:12:00+00:00,103.421875,103.421875,103.421875,103.421875,95.0
2025-03-03 01:13:00+00:00,103.421875,103.421875,103.41796875,103.41796875,59.0
2025-03-03 01:14:00+00:00,103.421875,103.421875,103.421875,103.421875,61.0
2025-03-03 01:15:00+00:00,103.42578125,103.42578125,103.421875,103.421875,31.0
2025-03-03 01:16:00+00:00,103.421875,103.421875,103.421875,103.421875,44.0
2025-03-03 01:18:00+00:00,103.421875,103.421875,103.421875,103.421875,97.0
2025-03-03 01:19:00+00:00,103.42578125,103.42578125,103.421875,103.421875,25.0
2025-03-03 01:20:00+00:00,103.421875,103.421875,103.421875,103.421875,588.0
2025-03-03 01:21:00+00:00,103.421875,103.42578125,103.421875,103.421875,1003.0
2025-03-03 01:22:00+00:00,103.421875,103.421875,103.421875,103.421875,98.0
2025-03-03 01:23:00+00:00,103.421875,103.421875,103.41796875,103.41796875,18.0
2025-03-03 01:24:00+00:00,103.421875,103.421875,103.421875,103.421875,121.0
2025-03-03 01:26:00+00:00,103.421875,103.421875,103.421875,103.421875,18.0
2025-03-03 01:27:00+00:00,103.421875,103.421875,103.41796875,103.41796875,422.0
2025-03-03 01:28:00+00:00,103.421875,103.421875,103.421875,103.421875,3.0
2025-03-03 01:29:00+00:00,103.421875,103.421875,103.421875,103.421875,91.0
2025-03-03 01:30:00+00:00,103.421875,103.421875,103.41796875,103.421875,131.0
2025-03-03 01:32:00+00:00,103.421875,103.421875,103.421875,103.421875,151.0
2025-03-03 01:33:00+00:00,103.421875,103.421875,103.421875,103.421875,173.0
2025-03-03 01:34:00+00:00,103.421875,103.421875,103.421875,103.421875,165.0
2025-03-03 01:36:00+00:00,103.42578125,103.42578125,103.421875,103.421875,645.0
2025-03-03 01:39:00+00:00,103.42578125,103.42578125,103.42578125,103.42578125,63.0
2025-03-03 01:40:00+00:00,103.42578125,103.42578125,103.42578125,103.42578125,420.0
2025-03-03 01:41:00+00:00,103.42578125,103.42578125,103.42578125,103.42578125,86.0
2025-03-03 01:44:00+00:00,103.4296875,103.4296875,103.42578125,103.4296875,83.0
2025-03-03 01:45:00+00:00,103.4296875,103.4296875,103.4296875,103.4296875,226.0
2025-03-03 01:46:00+00:00,103.42578125,103.4296875,103.42578125,103.4296875,678.0
2025-03-03 01:47:00+00:00,103.42578125,103.42578125,103.42578125,103.42578125,54.0
2025-03-03 01:50:00+00:00,103.4296875,103.4296875,103.4296875,103.4296875,9.0
2025-03-03 01:51:00+00:00,103.42578125,103.42578125,103.42578125,103.42578125,53.0
2025-03-03 01:52:00+00:00,103.42578125,103.42578125,103.42578125,103.42578125,313.0
2025-03-03 01:53:00+00:00,103.42578125,103.42578125,103.42578125,103.42578125,15.0
2025-03-03 01:54:00+00:00,103.42578125,103.42578125,103.42578125,103.42578125,2.0
2025-03-03 01:55:00+00:00,103.42578125,103.42578125,103.42578125,103.42578125,10.0
2025-03-03 01:58:00+00:00,103.42578125,103.42578125,103.42578125,103.42578125,151.0
2025-03-03 01:59:00+00:00,103.42578125,103.42578125,103.42578125,103.42578125,602.0
2025-03-03 02:00:00+00:00,103.42578125,103.42578125,103.42578125,103.42578125,146.0
2025-03-03 02:01:00+00:00,103.421875,103.421875,103.421875,103.421875,1.0
2025-03-03 02:04:00+00:00,103.421875,103.42578125,103.421875,103.42578125,13.0
2025-03-03 02:05:00+00:00,103.421875,103.421875,103.421875,103.421875,2.0
2025-03-03 02:06:00+00:00,103.421875,103.421875,103.421875,103.421875,23.0
2025-03-03 02:07:00+00:00,103.421875,103.421875,103.421875,103.421875,166.0
2025-03-03 02:08:00+00:00,103.42578125,103.42578125,103.17578125,103.421875,1190.0
2025-03-03 02:09:00+00:00,103.42578125,103.42578125,103.42578125,103.42578125,4.0
2025-03-03 02:10:00+00:00,103.42578125,103.42578125,103.42578125,103.42578125,88.0
2025-03-03 02:11:00+00:00,103.42578125,103.42578125,103.42578125,103.42578125,42.0
2025-03-03 02:12:00+00:00,103.421875,103.421875,103.421875,103.421875,8.0
2025-03-03 02:13:00+00:00,103.42578125,103.42578125,103.42578125,103.42578125,34.0
2025-03-03 02:16:00+00:00,103.42578125,103.42578125,103.42578125,103.42578125,120.0
2025-03-03 02:17:00+00:00,103.42578125,103.42578125,103.42578125,103.42578125,252.0
2025-03-03 02:18:00+00:00,103.4296875,103.4296875,103.42578125,103.42578125,29.0
2025-03-03 02:19:00+00:00,103.42578125,103.42578125,103.42578125,103.42578125,253.0
2025-03-03 02:20:00+00:00,103.42578125,103.42578125,103.42578125,103.42578125,5.0
2025-03-03 02:21:00+00:00,103.4296875,103.4296875,103.42578125,103.42578125,5.0
2025-03-03 02:25:00+00:00,103.4296875,103.4296875,103.4296875,103.4296875,39.0
2025-03-03 02:28:00+00:00,103.4296875,103.4296875,103.4296875,103.4296875,12.0
2025-03-03 02:30:00+00:00,103.4296875,103.4296875,103.4296875,103.4296875,50.0
2025-03-03 02:31:00+00:00,103.42578125,103.4296875,103.42578125,103.4296875,14.0
2025-03-03 02:32:00+00:00,103.4296875,103.4296875,103.4296875,103.4296875,450.0
2025-03-03 02:35:00+00:00,103.4296875,103.4296875,103.4296875,103.4296875,351.0
2025-03-03 02:36:00+00:00,103.4296875,103.4296875,103.4296875,103.4296875,75.0
2025-03-03 02:37:00+00:00,103.18359375,103.18359375,103.18359375,103.18359375,0.0
2025-03-03 02:38:00+00:00,103.43359375,103.43359375,103.43359375,103.43359375,49575.0
2025-03-03 02:39:00+00:00,103.43359375,103.43359375,103.43359375,103.43359375,271.0
2025-03-03 02:40:00+00:00,103.43359375,103.43359375,103.43359375,103.43359375,41.0
2025-03-03 02:41:00+00:00,103.43359375,103.43359375,103.1875,103.43359375,392.0
2025-03-03 02:42:00+00:00,103.43359375,103.4375,103.43359375,103.43359375,738.0
2025-03-03 02:43:00+00:00,103.43359375,103.43359375,103.43359375,103.43359375,42.0
2025-03-03 02:48:00+00:00,103.4375,103.4375,103.4375,103.4375,34.0
2025-03-03 02:49:00+00:00,103.43359375,103.43359375,103.43359375,103.43359375,1.0
2025-03-03 02:51:00+00:00,103.43359375,103.43359375,103.43359375,103.43359375,170.0
2025-03-03 02:55:00+00:00,103.4375,103.4375,103.4375,103.4375,9.0
2025-03-03 02:56:00+00:00,103.43359375,103.43359375,103.43359375,103.43359375,30.0
2025-03-03 02:57:00+00:00,103.4375,103.4375,103.4375,103.4375,694.0
2025-03-03 02:58:00+00:00,103.44140625,103.44140625,103.44140625,103.44140625,51.0
2025-03-03 03:00:00+00:00,103.44140625,103.44140625,103.44140625,103.44140625,50.0
2025-03-03 03:01:00+00:00,103.4375,103.4375,103.1875,103.1875,5.0
2025-03-03 03:02:00+00:00,103.44140625,103.44140625,103.44140625,103.44140625,9.0
2025-03-03 03:03:00+00:00,103.44140625,103.44140625,103.44140625,103.44140625,732.0
2025-03-03 03:04:00+00:00,103.4453125,103.4453125,103.19140625,103.44140625,451.0
2025-03-03 03:05:00+00:00,103.44921875,103.44921875,103.44921875,103.44921875,99.0
2025-03-03 03:06:00+00:00,103.44921875,103.44921875,103.44921875,103.44921875,6.0
2025-03-03 03:07:00+00:00,103.4453125,103.4453125,103.4453125,103.4453125,91.0
2025-03-03 03:08:00+00:00,103.1953125,103.4453125,103.1953125,103.4453125,0.0
2025-03-03 03:09:00+00:00,103.4453125,103.4453125,103.4453125,103.4453125,53541.0
2025-03-03 03:10:00+00:00,103.44140625,103.44140625,103.44140625,103.44140625,20.0
2025-03-03 03:12:00+00:00,103.4453125,103.4453125,103.4453125,103.4453125,53756.0
2025-03-03 03:13:00+00:00,103.4453125,103.4453125,103.4453125,103.4453125,18.0
2025-03-03 03:14:00+00:00,103.44140625,103.44140625,103.44140625,103.44140625,2.0
2025-03-03 03:16:00+00:00,103.4453125,103.4453125,103.44140625,103.4453125,14.0
2025-03-03 03:17:00+00:00,103.4453125,103.4453125,103.4453125,103.4453125,70.0
2025-03-03 03:18:00+00:00,103.4453125,103.4453125,103.4453125,103.4453125,1.0
2025-03-03 03:19:00+00:00,103.44921875,103.44921875,103.4453125,103.44921875,86.0
2025-03-03 03:20:00+00:00,103.44921875,103.44921875,103.44921875,103.44921875,370.0
2025-03-03 03:21:00+00:00,103.44921875,103.44921875,103.44921875,103.44921875,88.0
2025-03-03 03:22:00+00:00,103.44921875,103.44921875,103.44921875,103.44921875,12.0
2025-03-03 03:23:00+00:00,103.44921875,103.44921875,103.44921875,103.44921875,11.0
2025-03-03 03:24:00+00:00,103.44921875,103.44921875,103.44921875,103.44921875,79.0
2025-03-03 03:26:00+00:00,103.44921875,103.44921875,103.44921875,103.44921875,22.0
2025-03-03 03:27:00+00:00,103.453125,103.453125,103.44921875,103.44921875,36.0
2025-03-03 03:29:00+00:00,103.453125,103.453125,103.453125,103.453125,8.0
2025-03-03 03:31:00+00:00,103.44921875,103.44921875,103.44921875,103.44921875,181.0
2025-03-03 03:32:00+00:00,103.44921875,103.44921875,103.44921875,103.44921875,75.0
2025-03-03 03:35:00+00:00,103.4453125,103.4453125,103.4453125,103.4453125,2.0
2025-03-03 03:36:00+00:00,103.4453125,103.44921875,103.4453125,103.44921875,287.0
2025-03-03 03:38:00+00:00,103.4453125,103.4453125,103.4453125,103.4453125,297.0
2025-03-03 03:40:00+00:00,103.44921875,103.44921875,103.4453125,103.4453125,4.0
2025-03-03 03:42:00+00:00,103.4453125,103.4453125,103.4453125,103.4453125,7.0
2025-03-03 03:43:00+00:00,103.44921875,103.44921875,103.44921875,103.44921875,9.0
2025-03-03 03:45:00+00:00,103.4453125,103.44921875,103.4453125,103.44921875,13.0
2025-03-03 03:46:00+00:00,103.44921875,103.44921875,103.4453125,103.4453125,13.0
2025-03-03 03:47:00+00:00,103.44921875,103.44921875,103.44921875,103.44921875,2.0
2025-03-03 03:53:00+00:00,103.44921875,103.44921875,103.44921875,103.44921875,64.0
2025-03-03 03:54:00+00:00,103.44921875,103.44921875,103.44921875,103.44921875,1.0
2025-03-03 03:55:00+00:00,103.44921875,103.44921875,103.44921875,103.44921875,729.0
2025-03-03 03:56:00+00:00,103.44921875,103.44921875,103.44921875,103.44921875,52.0
2025-03-03 03:58:00+00:00,103.44921875,103.44921875,103.44921875,103.44921875,474.0
2025-03-03 04:00:00+00:00,103.44921875,103.44921875,103.44921875,103.44921875,59.0
2025-03-03 04:01:00+00:00,103.44921875,103.44921875,103.44921875,103.44921875,95.0
2025-03-03 04:05:00+00:00,103.44921875,103.44921875,103.44921875,103.44921875,17.0
2025-03-03 04:09:00+00:00,103.44921875,103.44921875,103.44921875,103.44921875,326.0
2025-03-03 04:10:00+00:00,103.44921875,103.44921875,103.44921875,103.44921875,184.0
2025-03-03 04:11:00+00:00,103.44921875,103.44921875,103.44921875,103.44921875,387.0
2025-03-03 04:12:00+00:00,103.44921875,103.44921875,103.44921875,103.44921875,138.0
2025-03-03 04:17:00+00:00,103.44921875,103.453125,103.44921875,103.44921875,222.0
2025-03-03 04:18:00+00:00,103.44921875,103.44921875,103.4453125,103.44921875,107.0
2025-03-03 04:21:00+00:00,103.44921875,103.44921875,103.44921875,103.44921875,45.0
2025-03-03 04:22:00+00:00,103.44921875,103.44921875,103.44921875,103.44921875,16.0
2025-03-03 04:23:00+00:00,103.44921875,103.44921875,103.44921875,103.44921875,10.0
2025-03-03 04:24:00+00:00,103.44921875,103.44921875,103.44921875,103.44921875,67.0
2025-03-03 04:28:00+00:00,103.44921875,103.44921875,103.44921875,103.44921875,105.0
2025-03-03 04:29:00+00:00,103.4453125,103.44921875,103.4453125,103.44921875,318.0
2025-03-03 04:30:00+00:00,103.44921875,103.44921875,103.4453125,103.4453125,90.0
2025-03-03 04:33:00+00:00,103.44921875,103.44921875,103.44921875,103.44921875,225.0
2025-03-03 04:35:00+00:00,103.44921875,103.44921875,103.44921875,103.44921875,7.0
2025-03-03 04:36:00+00:00,103.44921875,103.44921875,103.44921875,103.44921875,137.0
2025-03-03 04:39:00+00:00,103.44921875,103.44921875,103.44921875,103.44921875,342.0
2025-03-03 04:41:00+00:00,103.44921875,103.44921875,103.44921875,103.44921875,583.0
2025-03-03 04:42:00+00:00,103.44921875,103.44921875,103.44921875,103.44921875,5.0
2025-03-03 04:44:00+00:00,103.44921875,103.453125,103.44921875,103.453125,10.0
2025-03-03 04:45:00+00:00,103.453125,103.453125,103.453125,103.453125,3.0
2025-03-03 04:46:00+00:00,103.44921875,103.44921875,103.44921875,103.44921875,125.0
2025-03-03 04:48:00+00:00,103.44921875,103.44921875,103.44921875,103.44921875,211.0
2025-03-03 04:49:00+00:00,103.453125,103.453125,103.453125,103.453125,29.0
2025-03-03 04:51:00+00:00,103.453125,103.453125,103.453125,103.453125,9.0
2025-03-03 04:52:00+00:00,103.453125,103.453125,103.453125,103.453125,7.0
2025-03-03 04:53:00+00:00,103.453125,103.453125,103.453125,103.453125,207.0
2025-03-03 04:54:00+00:00,103.45703125,103.45703125,103.453125,103.453125,14.0
2025-03-03 04:55:00+00:00,103.45703125,103.45703125,103.453125,103.45703125,27.0
2025-03-03 04:56:00+00:00,103.45703125,103.45703125,103.45703125,103.45703125,1.0
2025-03-03 04:57:00+00:00,103.45703125,103.45703125,103.45703125,103.45703125,5.0
2025-03-03 04:58:00+00:00,103.45703125,103.45703125,103.45703125,103.45703125,45.0
2025-03-03 05:00:00+00:00,103.453125,103.453125,103.44921875,103.453125,1084.0
2025-03-03 05:03:00+00:00,103.44921875,103.44921875,103.44921875,103.44921875,121.0
2025-03-03 05:04:00+00:00,103.453125,103.453125,103.453125,103.453125,2.0
2025-03-03 05:06:00+00:00,103.453125,103.453125,103.453125,103.453125,1.0
2025-03-03 05:08:00+00:00,103.453125,103.453125,103.453125,103.453125,386.0
2025-03-03 05:09:00+00:00,103.453125,103.453125,103.453125,103.453125,155.0
2025-03-03 05:12:00+00:00,103.453125,103.453125,103.453125,103.453125,260.0
2025-03-03 05:16:00+00:00,103.453125,103.453125,103.453125,103.453125,195.0
2025-03-03 05:20:00+00:00,103.453125,103.453125,103.453125,103.453125,100.0
2025-03-03 05:22:00+00:00,103.453125,103.453125,103.453125,103.453125,76.0
2025-03-03 05:23:00+00:00,103.453125,103.45703125,103.453125,103.45703125,10.0
2025-03-03 05:24:00+00:00,103.453125,103.453125,103.453125,103.453125,16.0
2025-03-03 05:33:00+00:00,103.453125,103.453125,103.453125,103.453125,278.0
2025-03-03 05:39:00+00:00,103.453125,103.453125,103.453125,103.453125,118.0
2025-03-03 05:40:00+00:00,103.453125,103.453125,103.453125,103.453125,193.0
2025-03-03 05:41:00+00:00,103.453125,103.453125,103.453125,103.453125,43.0
2025-03-03 05:42:00+00:00,103.453125,103.453125,103.453125,103.453125,67.0
2025-03-03 05:47:00+00:00,103.453125,103.453125,103.453125,103.453125,95.0
2025-03-03 05:48:00+00:00,103.453125,103.453125,103.453125,103.453125,30.0
2025-03-03 05:53:00+00:00,103.453125,103.453125,103.453125,103.453125,36.0
2025-03-03 05:56:00+00:00,103.453125,103.453125,103.453125,103.453125,132.0
2025-03-03 06:00:00+00:00,103.453125,103.453125,103.453125,103.453125,74.0
2025-03-03 06:01:00+00:00,103.44921875,103.453125,103.44921875,103.453125,102.0
2025-03-03 06:02:00+00:00,103.453125,103.453125,103.453125,103.453125,68.0
2025-03-03 06:03:00+00:00,103.44921875,103.44921875,103.44921875,103.44921875,50.0
2025-03-03 06:05:00+00:00,103.44921875,103.44921875,103.19921875,103.19921875,1.0
2025-03-03 06:06:00+00:00,103.44921875,103.453125,103.44921875,103.453125,7.0
2025-03-03 06:10:00+00:00,103.453125,103.453125,103.453125,103.453125,749.0
2025-03-03 06:11:00+00:00,103.453125,103.453125,103.453125,103.453125,4.0
2025-03-03 06:13:00+00:00,103.45703125,103.45703125,103.45703125,103.45703125,220.0
2025-03-03 06:14:00+00:00,103.45703125,103.45703125,103.453125,103.45703125,35.0
2025-03-03 06:16:00+00:00,103.45703125,103.45703125,103.45703125,103.45703125,11.0
2025-03-03 06:20:00+00:00,103.453125,103.453125,103.453125,103.453125,116.0
2025-03-03 06:21:00+00:00,103.203125,103.45703125,103.203125,103.203125,0.0
2025-03-03 06:22:00+00:00,103.45703125,103.45703125,103.453125,103.453125,66201.0
2025-03-03 06:24:00+00:00,103.20703125,103.20703125,103.20703125,103.20703125,0.0
2025-03-03 06:25:00+00:00,103.45703125,103.45703125,103.45703125,103.45703125,66206.0
2025-03-03 06:26:00+00:00,103.45703125,103.45703125,103.45703125,103.45703125,3.0
2025-03-03 06:27:00+00:00,103.45703125,103.45703125,103.45703125,103.45703125,2.0
2025-03-03 06:28:00+00:00,103.4609375,103.4609375,103.4609375,103.4609375,484.0
2025-03-03 06:29:00+00:00,103.4609375,103.4609375,103.4609375,103.4609375,11.0
2025-03-03 06:30:00+00:00,103.453125,103.4609375,103.20703125,103.4609375,777.0
2025-03-03 06:34:00+00:00,103.45703125,103.45703125,103.45703125,103.45703125,26.0
2025-03-03 06:43:00+00:00,103.453125,103.453125,103.453125,103.453125,19.0
2025-03-03 06:44:00+00:00,103.453125,103.453125,103.453125,103.453125,56.0
2025-03-03 06:46:00+00:00,103.45703125,103.45703125,103.45703125,103.45703125,657.0
2025-03-03 06:47:00+00:00,103.45703125,103.45703125,103.45703125,103.45703125,39.0
2025-03-03 06:48:00+00:00,103.45703125,103.45703125,103.45703125,103.45703125,17.0
2025-03-03 06:49:00+00:00,103.45703125,103.45703125,103.45703125,103.45703125,129.0
2025-03-03 06:51:00+00:00,103.453125,103.453125,103.453125,103.453125,309.0
2025-03-03 06:52:00+00:00,103.453125,103.453125,103.453125,103.453125,191.0
2025-03-03 06:53:00+00:00,103.453125,103.453125,103.453125,103.453125,28.0
2025-03-03 06:55:00+00:00,103.44921875,103.44921875,103.44921875,103.44921875,233.0
2025-03-03 06:56:00+00:00,103.4453125,103.453125,103.4453125,103.453125,4035.0
2025-03-03 06:57:00+00:00,103.44140625,103.4453125,103.44140625,103.4453125,489.0
2025-03-03 06:58:00+00:00,103.44140625,103.44140625,103.44140625,103.44140625,314.0
2025-03-03 07:00:00+00:00,103.44921875,103.44921875,103.1953125,103.4453125,797.0
2025-03-03 07:01:00+00:00,103.453125,103.453125,103.44921875,103.44921875,5.0
2025-03-03 07:02:00+00:00,103.44921875,103.44921875,103.4453125,103.44921875,686.0
2025-03-03 07:03:00+00:00,103.44921875,103.44921875,103.4453125,103.44921875,208.0
2025-03-03 07:04:00+00:00,103.4453125,103.4453125,103.4453125,103.4453125,126.0
2025-03-03 07:05:00+00:00,103.4453125,103.44921875,103.4453125,103.4453125,225.0
2025-03-03 07:06:00+00:00,103.4453125,103.4453125,103.4453125,103.4453125,8.0
2025-03-03 07:07:00+00:00,103.44921875,103.44921875,103.4453125,103.4453125,15.0
2025-03-03 07:08:00+00:00,103.44921875,103.44921875,103.44921875,103.44921875,165.0
2025-03-03 07:09:00+00:00,103.44921875,103.44921875,103.4453125,103.4453125,48.0
2025-03-03 07:10:00+00:00,103.44921875,103.44921875,103.44921875,103.44921875,316.0
2025-03-03 07:11:00+00:00,103.44921875,103.453125,103.44921875,103.44921875,5.0
2025-03-03 07:12:00+00:00,103.44921875,103.44921875,103.44921875,103.44921875,266.0
2025-03-03 07:13:00+00:00,103.4453125,103.4453125,103.4453125,103.4453125,1727.0
2025-03-03 07:14:00+00:00,103.4453125,103.4453125,103.4453125,103.4453125,221.0
2025-03-03 07:15:00+00:00,103.44140625,103.4453125,103.44140625,103.4453125,88.0
2025-03-03 07:16:00+00:00,103.44140625,103.44140625,103.44140625,103.44140625,37.0
2025-03-03 07:17:00+00:00,103.44140625,103.4453125,103.44140625,103.4453125,2.0
2025-03-03 07:18:00+00:00,103.44140625,103.44140625,103.44140625,103.44140625,381.0
2025-03-03 07:20:00+00:00,103.4453125,103.4453125,103.44140625,103.44140625,196.0
2025-03-03 07:21:00+00:00,103.44140625,103.44140625,103.44140625,103.44140625,10.0
2025-03-03 07:22:00+00:00,103.4453125,103.4453125,103.44140625,103.44140625,390.0
2025-03-03 07:24:00+00:00,103.4453125,103.4453125,103.4453125,103.4453125,10.0
2025-03-03 07:25:00+00:00,103.4453125,103.4453125,103.44140625,103.4453125,1338.0
2025-03-03 07:26:00+00:00,103.4453125,103.4453125,103.44140625,103.4453125,10.0
2025-03-03 07:27:00+00:00,103.4453125,103.4453125,103.44140625,103.4453125,125.0
2025-03-03 07:28:00+00:00,103.44921875,103.44921875,103.4453125,103.4453125,946.0
2025-03-03 07:29:00+00:00,103.44921875,103.44921875,103.44921875,103.44921875,153.0
2025-03-03 07:30:00+00:00,103.453125,103.453125,103.44921875,103.44921875,15.0
2025-03-03 07:31:00+00:00,103.4453125,103.44921875,103.4453125,103.44921875,149.0
2025-03-03 07:32:00+00:00,103.4453125,103.44921875,103.4453125,103.44921875,319.0
2025-03-03 07:33:00+00:00,103.4453125,103.4453125,103.4453125,103.4453125,183.0
2025-03-03 07:34:00+00:00,103.44140625,103.4453125,103.44140625,103.4453125,155.0
2025-03-03 07:35:00+00:00,103.44140625,103.44140625,103.44140625,103.44140625,48.0
2025-03-03 07:36:00+00:00,103.44140625,103.44140625,103.4375,103.4375,66.0
2025-03-03 07:37:00+00:00,103.4375,103.44140625,103.43359375,103.44140625,566.0
2025-03-03 07:38:00+00:00,103.4375,103.4375,103.4375,103.4375,147.0
2025-03-03 07:39:00+00:00,103.43359375,103.4375,103.4296875,103.4375,552.0
2025-03-03 07:40:00+00:00,103.43359375,103.43359375,103.43359375,103.43359375,122.0
2025-03-03 07:41:00+00:00,103.43359375,103.4375,103.43359375,103.4375,212.0
2025-03-03 07:42:00+00:00,103.4296875,103.43359375,103.4296875,103.43359375,117.0
2025-03-03 07:43:00+00:00,103.4296875,103.43359375,103.4296875,103.43359375,31.0
2025-03-03 07:44:00+00:00,103.4296875,103.4296875,103.4296875,103.4296875,43.0
2025-03-03 07:45:00+00:00,103.4296875,103.43359375,103.4296875,103.43359375,26.0
2025-03-03 07:47:00+00:00,103.4296875,103.4296875,103.4296875,103.4296875,396.0
2025-03-03 07:48:00+00:00,103.4296875,103.4296875,103.1796875,103.4296875,148.0
2025-03-03 07:49:00+00:00,103.4296875,103.4296875,103.4296875,103.4296875,135.0
2025-03-03 07:50:00+00:00,103.4296875,103.43359375,103.4296875,103.4296875,306.0
2025-03-03 07:51:00+00:00,103.43359375,103.43359375,103.4296875,103.4296875,241.0
2025-03-03 07:52:00+00:00,103.43359375,103.43359375,103.43359375,103.43359375,545.0
2025-03-03 07:53:00+00:00,103.43359375,103.43359375,103.43359375,103.43359375,99.0
2025-03-03 07:54:00+00:00,103.43359375,103.43359375,103.43359375,103.43359375,111.0
2025-03-03 07:55:00+00:00,103.43359375,103.4375,103.43359375,103.4375,4.0
2025-03-03 07:56:00+00:00,103.43359375,103.4375,103.43359375,103.4375,2.0
2025-03-03 07:57:00+00:00,103.4375,103.4375,103.43359375,103.43359375,2.0
2025-03-03 08:00:00+00:00,103.4453125,103.4453125,103.43359375,103.4375,880.0
2025-03-03 08:01:00+00:00,103.4453125,103.4453125,103.4453125,103.4453125,110.0
2025-03-03 08:02:00+00:00,103.4453125,103.4453125,103.1953125,103.4453125,289.0
2025-03-03 08:04:00+00:00,103.4453125,103.4453125,103.4453125,103.4453125,88902.0
2025-03-03 08:05:00+00:00,103.4375,103.44921875,103.1953125,103.44921875,644.0
2025-03-03 08:06:00+00:00,103.4375,103.44140625,103.4375,103.44140625,59.0
2025-03-03 08:07:00+00:00,103.43359375,103.44140625,103.43359375,103.44140625,237.0
2025-03-03 08:08:00+00:00,103.4375,103.4375,103.43359375,103.4375,196.0
2025-03-03 08:09:00+00:00,103.43359375,103.4375,103.43359375,103.4375,127.0
2025-03-03 08:10:00+00:00,103.4375,103.4375,103.43359375,103.4375,217.0
2025-03-03 08:11:00+00:00,103.43359375,103.4375,103.43359375,103.4375,36.0
2025-03-03 08:12:00+00:00,103.4375,103.4375,103.4375,103.4375,7.0
2025-03-03 08:13:00+00:00,103.44140625,103.44140625,103.4375,103.4375,336.0
2025-03-03 08:14:00+00:00,103.4375,103.44140625,103.4375,103.4375,303.0
2025-03-03 08:15:00+00:00,103.44140625,103.44140625,103.44140625,103.44140625,71.0
2025-03-03 08:16:00+00:00,103.4453125,103.4453125,103.44140625,103.44140625,378.0
2025-03-03 08:17:00+00:00,103.44921875,103.44921875,103.4453125,103.4453125,1193.0
2025-03-03 08:18:00+00:00,103.4453125,103.44921875,103.44140625,103.44921875,163.0
2025-03-03 08:19:00+00:00,103.4453125,103.4453125,103.4453125,103.4453125,44.0
2025-03-03 08:20:00+00:00,103.4453125,103.4453125,103.4453125,103.4453125,3.0
2025-03-03 08:21:00+00:00,103.4453125,103.4453125,103.4453125,103.4453125,163.0
2025-03-03 08:22:00+00:00,103.4453125,103.4453125,103.44140625,103.44140625,8.0
2025-03-03 08:23:00+00:00,103.4453125,103.4453125,103.4453125,103.4453125,197.0
2025-03-03 08:24:00+00:00,103.4453125,103.4453125,103.4453125,103.4453125,173.0
2025-03-03 08:25:00+00:00,103.44921875,103.44921875,103.4453125,103.4453125,72.0
2025-03-03 08:27:00+00:00,103.4453125,103.44921875,103.4453125,103.44921875,4.0
2025-03-03 08:28:00+00:00,103.4453125,103.4453125,103.4453125,103.4453125,276.0
2025-03-03 08:29:00+00:00,103.4453125,103.4453125,103.1953125,103.4453125,154.0
2025-03-03 08:30:00+00:00,103.4453125,103.44921875,103.4453125,103.4453125,65.0
2025-03-03 08:31:00+00:00,103.4453125,103.44921875,103.4453125,103.4453125,229.0
2025-03-03 08:32:00+00:00,103.4453125,103.4453125,103.4453125,103.4453125,95.0
2025-03-03 08:33:00+00:00,103.44921875,103.44921875,103.44921875,103.44921875,401.0
2025-03-03 08:34:00+00:00,103.44921875,103.44921875,103.44921875,103.44921875,279.0
2025-03-03 08:35:00+00:00,103.44921875,103.44921875,103.4453125,103.44921875,44.0
2025-03-03 08:36:00+00:00,103.1953125,103.44921875,103.1953125,103.44921875,0.0
2025-03-03 08:37:00+00:00,103.44921875,103.44921875,103.4453125,103.4453125,95142.0
2025-03-03 08:38:00+00:00,103.44921875,103.44921875,103.19921875,103.44921875,687.0
2025-03-03 08:40:00+00:00,103.453125,103.453125,103.453125,103.453125,700.0
2025-03-03 08:41:00+00:00,103.44921875,103.44921875,103.44921875,103.44921875,337.0
2025-03-03 08:43:00+00:00,103.44921875,103.44921875,103.4453125,103.44921875,38.0
2025-03-03 08:45:00+00:00,103.44140625,103.4453125,103.44140625,103.4453125,625.0
2025-03-03 08:46:00+00:00,103.4453125,103.4453125,103.44140625,103.44140625,254.0
2025-03-03 08:48:00+00:00,103.4453125,103.4453125,103.4453125,103.4453125,29.0
2025-03-03 08:49:00+00:00,103.44921875,103.44921875,103.4453125,103.4453125,109.0
2025-03-03 08:50:00+00:00,103.4453125,103.4453125,103.4453125,103.4453125,5.0
2025-03-03 08:51:00+00:00,103.4453125,103.44921875,103.44140625,103.4453125,448.0
2025-03-03 08:53:00+00:00,103.44921875,103.44921875,103.44921875,103.44921875,502.0
2025-03-03 08:54:00+00:00,103.4453125,103.44921875,103.4453125,103.44921875,25.0
2025-03-03 08:55:00+00:00,103.4453125,103.4453125,103.4453125,103.4453125,497.0
2025-03-03 08:56:00+00:00,103.4375,103.44140625,103.4375,103.44140625,463.0
2025-03-03 08:57:00+00:00,103.4453125,103.44921875,103.44140625,103.44140625,144.0
2025-03-03 08:58:00+00:00,103.44921875,103.44921875,103.44921875,103.44921875,179.0
2025-03-03 08:59:00+00:00,103.44921875,103.44921875,103.44921875,103.44921875,41.0
2025-03-03 09:00:00+00:00,103.453125,103.453125,103.44921875,103.44921875,281.0
2025-03-03 09:01:00+00:00,103.453125,103.45703125,103.453125,103.45703125,105.0
2025-03-03 09:02:00+00:00,103.45703125,103.45703125,103.453125,103.45703125,515.0
2025-03-03 09:04:00+00:00,103.45703125,103.45703125,103.45703125,103.45703125,1398.0
2025-03-03 09:06:00+00:00,103.45703125,103.4609375,103.45703125,103.4609375,26.0
2025-03-03 09:07:00+00:00,103.45703125,103.45703125,103.45703125,103.45703125,8.0
2025-03-03 09:08:00+00:00,103.453125,103.45703125,103.453125,103.45703125,649.0
2025-03-03 09:09:00+00:00,103.453125,103.45703125,103.453125,103.453125,73.0
2025-03-03 09:19:00+00:00,103.4453125,103.453125,103.19921875,103.44499969482422,3568.0
2025-03-03 09:20:00+00:00,103.44921875,103.44921875,103.4453125,103.44921875,17.0
2025-03-03 09:21:00+00:00,103.44921875,103.44921875,103.19921875,103.44921875,267.0
2025-03-03 09:22:00+00:00,103.44921875,103.44921875,103.44921875,103.44921875,81.0
2025-03-03 09:24:00+00:00,103.4453125,103.4453125,103.4453125,103.4453125,23.0
2025-03-03 09:25:00+00:00,103.44921875,103.44921875,103.4453125,103.4453125,64.0
2025-03-03 09:26:00+00:00,103.44921875,103.44921875,103.4453125,103.44921875,298.0
2025-03-03 09:27:00+00:00,103.453125,103.453125,103.453125,103.453125,204.0
2025-03-03 09:28:00+00:00,103.44921875,103.44921875,103.44921875,103.44921875,571.0
2025-03-03 09:29:00+00:00,103.44921875,103.44921875,103.44921875,103.44921875,132.0
2025-03-03 09:30:00+00:00,103.4453125,103.453125,103.4453125,103.453125,999.0
2025-03-03 09:31:00+00:00,103.4453125,103.4453125,103.44140625,103.4453125,726.0
2025-03-03 09:32:00+00:00,103.4453125,103.44921875,103.4453125,103.4453125,108.0
2025-03-03 09:34:00+00:00,103.4453125,103.4453125,103.4453125,103.4453125,158.0
2025-03-03 09:35:00+00:00,103.4375,103.4453125,103.4375,103.4453125,312.0
2025-03-03 09:36:00+00:00,103.4375,103.4375,103.4375,103.4375,80.0
2025-03-03 09:37:00+00:00,103.4375,103.4375,103.4375,103.4375,114.0
2025-03-03 09:38:00+00:00,103.4375,103.44140625,103.4375,103.4375,88.0
2025-03-03 09:39:00+00:00,103.43359375,103.4375,103.1875,103.4375,507.0
2025-03-03 09:40:00+00:00,103.43359375,103.4375,103.43359375,103.4375,382.0
2025-03-03 09:41:00+00:00,103.4375,103.44140625,103.43359375,103.4375,1295.0
2025-03-03 09:42:00+00:00,103.4375,103.44140625,103.4375,103.44140625,60.0
2025-03-03 09:43:00+00:00,103.4375,103.4375,103.4375,103.4375,151.0
2025-03-03 09:44:00+00:00,103.4375,103.4375,103.4375,103.4375,236.0
2025-03-03 09:45:00+00:00,103.43359375,103.4375,103.43359375,103.4375,227.0
2025-03-03 09:46:00+00:00,103.4296875,103.43359375,103.4296875,103.43359375,103.0
2025-03-03 09:47:00+00:00,103.4296875,103.4296875,103.4296875,103.4296875,158.0
2025-03-03 09:48:00+00:00,103.4296875,103.4296875,103.4296875,103.4296875,70.0
2025-03-03 09:49:00+00:00,103.4296875,103.43359375,103.4296875,103.4296875,86.0
2025-03-03 09:50:00+00:00,103.42578125,103.4296875,103.42578125,103.4296875,332.0
2025-03-03 09:52:00+00:00,103.4296875,103.4296875,103.42578125,103.42578125,861.0
2025-03-03 09:53:00+00:00,103.4296875,103.4296875,103.4296875,103.4296875,454.0
2025-03-03 09:54:00+00:00,103.4296875,103.4296875,103.42578125,103.42578125,157.0
2025-03-03 09:55:00+00:00,103.4296875,103.43359375,103.4296875,103.43359375,21.0
2025-03-03 09:56:00+00:00,103.4296875,103.4296875,103.4296875,103.4296875,18.0
2025-03-03 09:58:00+00:00,103.4296875,103.4296875,103.4296875,103.4296875,83.0
2025-03-03 09:59:00+00:00,103.43359375,103.43359375,103.43359375,103.43359375,138.0
2025-03-03 10:00:00+00:00,103.42578125,103.4296875,103.42578125,103.4296875,119.0
2025-03-03 10:01:00+00:00,103.4296875,103.4296875,103.42578125,103.42578125,293.0
2025-03-03 10:02:00+00:00,103.42578125,103.42578125,103.42578125,103.42578125,909.0
2025-03-03 10:03:00+00:00,103.42578125,103.42578125,103.421875,103.42578125,28.0
2025-03-03 10:04:00+00:00,103.42578125,103.42578125,103.42578125,103.42578125,162.0
2025-03-03 10:05:00+00:00,103.42578125,103.42578125,103.42578125,103.42578125,184.0
2025-03-03 10:06:00+00:00,103.42578125,103.4296875,103.42578125,103.4296875,132.0
2025-03-03 10:08:00+00:00,103.42578125,103.42578125,103.42578125,103.42578125,7.0
2025-03-03 10:09:00+00:00,103.42578125,103.42578125,103.42578125,103.42578125,356.0
2025-03-03 10:10:00+00:00,103.42578125,103.42578125,103.42578125,103.42578125,174.0
2025-03-03 10:11:00+00:00,103.42578125,103.42578125,103.42578125,103.42578125,288.0
2025-03-03 10:17:00+00:00,103.171875,103.421875,103.171875,103.421875,598.0
2025-03-03 10:18:00+00:00,103.41796875,103.41796875,103.41796875,103.41796875,1680.0
2025-03-03 10:19:00+00:00,103.41796875,103.421875,103.41796875,103.41796875,40.0
2025-03-03 10:20:00+00:00,103.41796875,103.41796875,103.41796875,103.41796875,104.0
2025-03-03 10:21:00+00:00,103.41796875,103.41796875,103.41796875,103.41796875,120.0
2025-03-03 10:23:00+00:00,103.41796875,103.421875,103.41796875,103.421875,50.0
2025-03-03 10:24:00+00:00,103.41796875,103.41796875,103.41796875,103.41796875,74.0
2025-03-03 10:25:00+00:00,103.4140625,103.41796875,103.4140625,103.41796875,514.0
2025-03-03 10:27:00+00:00,103.4140625,103.41796875,103.4140625,103.4140625,554.0
2025-03-03 10:28:00+00:00,103.4140625,103.4140625,103.4140625,103.4140625,1.0
2025-03-03 10:29:00+00:00,103.4140625,103.4140625,103.4140625,103.4140625,214.0
2025-03-03 10:30:00+00:00,103.4140625,103.41796875,103.4140625,103.41796875,74.0
2025-03-03 10:31:00+00:00,103.4140625,103.4140625,103.4140625,103.4140625,444.0
2025-03-03 10:32:00+00:00,103.41796875,103.41796875,103.16796875,103.41796875,1083.0
2025-03-03 10:33:00+00:00,103.41796875,103.41796875,103.41796875,103.41796875,24.0
2025-03-03 10:34:00+00:00,103.41796875,103.41796875,103.4140625,103.41796875,229.0
2025-03-03 10:35:00+00:00,103.41015625,103.4140625,103.41015625,103.4140625,537.0
2025-03-03 10:36:00+00:00,103.41015625,103.41015625,103.41015625,103.41015625,298.0
2025-03-03 10:37:00+00:00,103.40625,103.41015625,103.40625,103.41015625,1627.0
2025-03-03 10:38:00+00:00,103.41015625,103.41015625,103.40625,103.40625,94.0
2025-03-03 10:39:00+00:00,103.40234375,103.40625,103.16015625,103.40625,1195.0
2025-03-03 10:40:00+00:00,103.41015625,103.41015625,103.16015625,103.40625,125.0
2025-03-03 10:41:00+00:00,103.41015625,103.4140625,103.40625,103.40625,824.0
2025-03-03 10:42:00+00:00,103.4140625,103.4140625,103.41015625,103.41015625,1128.0
2025-03-03 10:43:00+00:00,103.40625,103.41015625,103.40234375,103.41015625,1295.0
2025-03-03 10:44:00+00:00,103.40234375,103.40625,103.40234375,103.40625,206.0
2025-03-03 10:45:00+00:00,103.40625,103.40625,103.40625,103.40625,125.0
2025-03-03 10:46:00+00:00,103.40625,103.40625,103.40625,103.40625,101.0
2025-03-03 10:47:00+00:00,103.40234375,103.40234375,103.40234375,103.40234375,1.0
2025-03-03 10:48:00+00:00,103.40625,103.40625,103.40234375,103.40625,32.0
2025-03-03 10:51:00+00:00,103.40234375,103.40625,103.40234375,103.40625,553.0
2025-03-03 10:52:00+00:00,103.40234375,103.40625,103.40234375,103.40625,805.0
2025-03-03 10:53:00+00:00,103.40625,103.40625,103.40625,103.40625,85.0
2025-03-03 10:54:00+00:00,103.40625,103.40625,103.40625,103.40625,62.0
2025-03-03 10:55:00+00:00,103.16015625,103.41015625,103.16015625,103.41015625,62.0
2025-03-03 10:56:00+00:00,103.40625,103.41015625,103.40625,103.41015625,292.0
2025-03-03 10:57:00+00:00,103.40625,103.41015625,103.40625,103.41015625,94.0
2025-03-03 10:58:00+00:00,103.40625,103.41015625,103.40625,103.41015625,5.0
2025-03-03 10:59:00+00:00,103.40625,103.40625,103.40625,103.40625,2.0
2025-03-03 11:00:00+00:00,103.4140625,103.4140625,103.16015625,103.16015625,300.0
2025-03-03 11:01:00+00:00,103.41015625,103.41015625,103.41015625,103.41015625,484.0
2025-03-03 11:02:00+00:00,103.41015625,103.41015625,103.41015625,103.41015625,4.0
2025-03-03 11:03:00+00:00,103.40625,103.40625,103.16015625,103.40625,1015.0
2025-03-03 11:04:00+00:00,103.40625,103.40625,103.40625,103.40625,549.0
2025-03-03 11:05:00+00:00,103.40625,103.40625,103.40625,103.40625,763.0
2025-03-03 11:06:00+00:00,103.40234375,103.40625,103.40234375,103.40625,2088.0
2025-03-03 11:07:00+00:00,103.40625,103.40625,103.40625,103.40625,54.0
2025-03-03 11:08:00+00:00,103.40625,103.40625,103.40625,103.40625,21.0
2025-03-03 11:18:00+00:00,103.40234375,103.40234375,103.3984375,103.4020004272461,3575.0
2025-03-03 11:19:00+00:00,103.40234375,103.40625,103.3984375,103.40234375,235.0
2025-03-03 11:20:00+00:00,103.40625,103.40625,103.40234375,103.40234375,9.0
2025-03-03 11:21:00+00:00,103.40625,103.40625,103.40625,103.40625,391.0
2025-03-03 11:22:00+00:00,103.40625,103.40625,103.40625,103.40625,32.0
2025-03-03 11:23:00+00:00,103.40234375,103.40234375,103.40234375,103.40234375,2.0
2025-03-03 11:24:00+00:00,103.40234375,103.40234375,103.3984375,103.40234375,1052.0
2025-03-03 11:25:00+00:00,103.40234375,103.40234375,103.40234375,103.40234375,97.0
2025-03-03 11:26:00+00:00,103.40234375,103.40234375,103.40234375,103.40234375,89.0
2025-03-03 11:27:00+00:00,103.3984375,103.40234375,103.3984375,103.40234375,47.0
2025-03-03 11:28:00+00:00,103.40234375,103.40234375,103.40234375,103.40234375,30.0
2025-03-03 11:29:00+00:00,103.40234375,103.40234375,103.3984375,103.3984375,17.0
2025-03-03 11:30:00+00:00,103.3984375,103.3984375,103.3984375,103.3984375,125.0
2025-03-03 11:31:00+00:00,103.3984375,103.3984375,103.3984375,103.3984375,1.0
2025-03-03 11:32:00+00:00,103.40234375,103.40234375,103.40234375,103.40234375,192.0
2025-03-03 11:33:00+00:00,103.40234375,103.40234375,103.40234375,103.40234375,819.0
2025-03-03 11:34:00+00:00,103.40234375,103.40234375,103.40234375,103.40234375,5.0
2025-03-03 11:36:00+00:00,103.40625,103.40625,103.40625,103.40625,238.0
2025-03-03 11:37:00+00:00,103.40625,103.40625,103.40625,103.40625,4.0
2025-03-03 11:38:00+00:00,103.40234375,103.40625,103.40234375,103.40625,734.0
2025-03-03 11:39:00+00:00,103.41015625,103.41015625,103.1640625,103.40625,2137.0
2025-03-03 11:40:00+00:00,103.41015625,103.41015625,103.41015625,103.41015625,23.0
2025-03-03 11:41:00+00:00,103.41015625,103.41015625,103.41015625,103.41015625,149.0
2025-03-03 11:42:00+00:00,103.4140625,103.4140625,103.41015625,103.41015625,327.0
2025-03-03 11:44:00+00:00,103.4140625,103.4140625,103.41015625,103.4140625,378.0
2025-03-03 11:45:00+00:00,103.4140625,103.4140625,103.41015625,103.4140625,197.0
2025-03-03 11:46:00+00:00,103.4140625,103.4140625,103.4140625,103.4140625,67.0
2025-03-03 11:47:00+00:00,103.4140625,103.4140625,103.4140625,103.4140625,178.0
2025-03-03 11:48:00+00:00,103.4140625,103.4140625,103.41015625,103.4140625,48.0
2025-03-03 11:49:00+00:00,103.4140625,103.4140625,103.41015625,103.41015625,2222.0
2025-03-03 11:50:00+00:00,103.4140625,103.4140625,103.4140625,103.4140625,229.0
2025-03-03 11:51:00+00:00,103.4140625,103.4140625,103.4140625,103.4140625,673.0
2025-03-03 11:52:00+00:00,103.4140625,103.4140625,103.4140625,103.4140625,275.0
2025-03-03 11:53:00+00:00,103.4140625,103.4140625,103.4140625,103.4140625,220.0
2025-03-03 11:54:00+00:00,103.4140625,103.4140625,103.1640625,103.4140625,515.0
2025-03-03 11:55:00+00:00,103.4140625,103.4140625,103.16796875,103.4140625,375.0
2025-03-03 11:56:00+00:00,103.4140625,103.4140625,103.16796875,103.171875,273.0
2025-03-03 11:57:00+00:00,103.4140625,103.4140625,103.16796875,103.4140625,1006.0
2025-03-03 11:58:00+00:00,103.4140625,103.4140625,103.16796875,103.4140625,246.0
2025-03-03 12:00:00+00:00,103.4140625,103.41796875,103.4140625,103.4140625,1378.0
2025-03-03 12:01:00+00:00,103.41015625,103.4140625,103.41015625,103.4140625,1337.0
2025-03-03 12:02:00+00:00,103.4140625,103.4140625,103.1640625,103.40625,3363.0
2025-03-03 12:03:00+00:00,103.41015625,103.4140625,103.41015625,103.41015625,566.0
2025-03-03 12:04:00+00:00,103.4140625,103.4140625,103.4140625,103.4140625,290.0
2025-03-03 12:05:00+00:00,103.41015625,103.4140625,103.41015625,103.4140625,272.0
2025-03-03 12:06:00+00:00,103.41015625,103.41015625,103.1640625,103.41015625,55.0
2025-03-03 12:07:00+00:00,103.4140625,103.4140625,103.4140625,103.4140625,362.0
2025-03-03 12:08:00+00:00,103.4140625,103.4140625,103.41015625,103.41015625,58.0
2025-03-03 12:09:00+00:00,103.4140625,103.4140625,103.41015625,103.4140625,361.0
2025-03-03 12:10:00+00:00,103.41796875,103.421875,103.16796875,103.16796875,1278.0
2025-03-03 12:11:00+00:00,103.4140625,103.41796875,103.4140625,103.41796875,320.0
2025-03-03 12:12:00+00:00,103.4140625,103.4140625,103.4140625,103.4140625,443.0
2025-03-03 12:13:00+00:00,103.4140625,103.41796875,103.4140625,103.41796875,594.0
2025-03-03 12:14:00+00:00,103.41015625,103.4140625,103.16796875,103.16796875,1374.0
2025-03-03 12:15:00+00:00,103.4140625,103.4140625,103.41015625,103.41015625,438.0
2025-03-03 12:16:00+00:00,103.4140625,103.4140625,103.16796875,103.41015625,1326.0
2025-03-03 12:17:00+00:00,103.4140625,103.4140625,103.4140625,103.4140625,47.0
2025-03-03 12:18:00+00:00,103.4140625,103.4140625,103.1640625,103.1640625,342.0
2025-03-03 12:19:00+00:00,103.4140625,103.4140625,103.41015625,103.4140625,150.0
2025-03-03 12:20:00+00:00,103.4140625,103.4140625,103.41015625,103.4140625,503.0
2025-03-03 12:21:00+00:00,103.4140625,103.4140625,103.41015625,103.4140625,3017.0
2025-03-03 12:22:00+00:00,103.4140625,103.4140625,103.41015625,103.4140625,377.0
2025-03-03 12:23:00+00:00,103.41796875,103.41796875,103.4140625,103.4140625,511.0
2025-03-03 12:24:00+00:00,103.4140625,103.41796875,103.4140625,103.41796875,36.0
2025-03-03 12:25:00+00:00,103.4140625,103.41796875,103.4140625,103.4140625,22.0
2025-03-03 12:26:00+00:00,103.4140625,103.4140625,103.4140625,103.4140625,1002.0
2025-03-03 12:27:00+00:00,103.4140625,103.4140625,103.4140625,103.4140625,23.0
2025-03-03 12:28:00+00:00,103.4140625,103.41796875,103.4140625,103.4140625,79.0
2025-03-03 12:29:00+00:00,103.4140625,103.4140625,103.4140625,103.4140625,24.0
2025-03-03 12:30:00+00:00,103.4140625,103.4140625,103.4140625,103.4140625,769.0
2025-03-03 12:31:00+00:00,103.41015625,103.4140625,103.16015625,103.41015625,977.0
2025-03-03 12:32:00+00:00,103.41015625,103.41015625,103.40625,103.41015625,54.0
2025-03-03 12:33:00+00:00,103.40625,103.41015625,103.16015625,103.41015625,185.0
2025-03-03 12:34:00+00:00,103.41015625,103.41015625,103.40625,103.40625,291.0
2025-03-03 12:35:00+00:00,103.41015625,103.4140625,103.40625,103.4140625,1862.0
2025-03-03 12:36:00+00:00,103.41015625,103.4140625,103.41015625,103.41015625,281.0
2025-03-03 12:37:00+00:00,103.4140625,103.4140625,103.41015625,103.41015625,122.0
2025-03-03 12:38:00+00:00,103.4140625,103.4140625,103.4140625,103.4140625,50.0
2025-03-03 12:39:00+00:00,103.41015625,103.4140625,103.41015625,103.4140625,323.0
2025-03-03 12:40:00+00:00,103.40625,103.41015625,103.40625,103.41015625,224.0
2025-03-03 12:41:00+00:00,103.41015625,103.41015625,103.40625,103.41015625,439.0
2025-03-03 12:42:00+00:00,103.4140625,103.4140625,103.41015625,103.41015625,441.0
2025-03-03 12:43:00+00:00,103.41015625,103.41796875,103.41015625,103.4140625,378.0
2025-03-03 12:44:00+00:00,103.41015625,103.4140625,103.41015625,103.41015625,44.0
2025-03-03 12:45:00+00:00,103.41015625,103.4140625,103.41015625,103.4140625,445.0
2025-03-03 12:46:00+00:00,103.41015625,103.41015625,103.41015625,103.41015625,1.0
2025-03-03 12:47:00+00:00,103.41015625,103.41015625,103.1640625,103.41015625,317.0
2025-03-03 12:48:00+00:00,103.41015625,103.41015625,103.41015625,103.41015625,91.0
2025-03-03 12:49:00+00:00,103.41015625,103.41015625,103.40625,103.41015625,239.0
2025-03-03 12:50:00+00:00,103.40625,103.41015625,103.40625,103.41015625,184.0
2025-03-03 12:52:00+00:00,103.41015625,103.41015625,103.41015625,103.41015625,657.0
2025-03-03 12:53:00+00:00,103.421875,103.42578125,103.16796875,103.41015625,10972.0
2025-03-03 12:54:00+00:00,103.42578125,103.42578125,103.421875,103.421875,321.0
2025-03-03 12:55:00+00:00,103.4296875,103.4296875,103.421875,103.421875,1599.0
2025-03-03 12:56:00+00:00,103.42578125,103.4296875,103.42578125,103.4296875,1019.0
2025-03-03 12:57:00+00:00,103.41796875,103.4296875,103.171875,103.42578125,1539.0
2025-03-03 12:58:00+00:00,103.421875,103.421875,103.16796875,103.421875,2083.0
2025-03-03 12:59:00+00:00,103.421875,103.421875,103.421875,103.421875,593.0
2025-03-03 13:00:00+00:00,103.4140625,103.421875,103.4140625,103.421875,1624.0
2025-03-03 13:01:00+00:00,103.41015625,103.4140625,103.1640625,103.4140625,1255.0
2025-03-03 13:02:00+00:00,103.41796875,103.41796875,103.4140625,103.4140625,2593.0
2025-03-03 13:03:00+00:00,103.41015625,103.41796875,103.41015625,103.41796875,278.0
2025-03-03 13:04:00+00:00,103.4140625,103.4140625,103.1640625,103.41015625,1285.0
2025-03-03 13:05:00+00:00,103.41015625,103.4140625,103.41015625,103.4140625,583.0
2025-03-03 13:06:00+00:00,103.41015625,103.4140625,103.1640625,103.1640625,12.0
2025-03-03 13:07:00+00:00,103.40625,103.41015625,103.40625,103.41015625,1168.0
2025-03-03 13:08:00+00:00,103.40625,103.40625,103.40625,103.40625,421.0
2025-03-03 13:09:00+00:00,103.3984375,103.40625,103.3984375,103.40234375,1701.0
2025-03-03 13:10:00+00:00,103.40234375,103.40234375,103.3984375,103.3984375,617.0
2025-03-03 13:11:00+00:00,103.40234375,103.40234375,103.40234375,103.40234375,189.0
2025-03-03 13:12:00+00:00,103.3984375,103.40234375,103.3984375,103.40234375,802.0
2025-03-03 13:13:00+00:00,103.3984375,103.40234375,103.39453125,103.3984375,715.0
2025-03-03 13:14:00+00:00,103.39453125,103.3984375,103.39453125,103.3984375,831.0
2025-03-03 13:15:00+00:00,103.39453125,103.39453125,103.39453125,103.39453125,999.0
2025-03-03 13:16:00+00:00,103.390625,103.39453125,103.390625,103.39453125,608.0
2025-03-03 13:18:00+00:00,103.39453125,103.39453125,103.39453125,103.39453125,895.0
2025-03-03 13:19:00+00:00,103.3984375,103.3984375,103.39453125,103.39453125,619.0
2025-03-03 13:20:00+00:00,103.41015625,103.41015625,103.3984375,103.3984375,4291.0
2025-03-03 13:21:00+00:00,103.41015625,103.41015625,103.40625,103.40625,715.0
2025-03-03 13:22:00+00:00,103.40625,103.41015625,103.40234375,103.41015625,714.0
2025-03-03 13:23:00+00:00,103.40234375,103.41015625,103.40234375,103.41015625,563.0
2025-03-03 13:24:00+00:00,103.40625,103.40625,103.3984375,103.40234375,987.0
2025-03-03 13:25:00+00:00,103.40625,103.40625,103.40234375,103.40625,262.0
2025-03-03 13:26:00+00:00,103.40625,103.40625,103.40234375,103.40625,1759.0
2025-03-03 13:27:00+00:00,103.40625,103.41015625,103.40234375,103.40625,1498.0
2025-03-03 13:28:00+00:00,103.41015625,103.41015625,103.1640625,103.40625,689.0
2025-03-03 13:29:00+00:00,103.41015625,103.4140625,103.40625,103.41015625,650.0
2025-03-03 13:30:00+00:00,103.41796875,103.421875,103.1640625,103.41015625,1617.0
2025-03-03 13:31:00+00:00,103.41796875,103.421875,103.4140625,103.41796875,1768.0
2025-03-03 13:32:00+00:00,103.4140625,103.41796875,103.4140625,103.41796875,531.0
2025-03-03 13:33:00+00:00,103.4140625,103.41796875,103.4140625,103.4140625,1134.0
2025-03-03 13:34:00+00:00,103.4140625,103.41796875,103.4140625,103.4140625,937.0
2025-03-03 13:35:00+00:00,103.41015625,103.41796875,103.41015625,103.41796875,1029.0
2025-03-03 13:36:00+00:00,103.40625,103.41015625,103.16015625,103.41015625,523.0
2025-03-03 13:37:00+00:00,103.40625,103.41015625,103.40234375,103.41015625,745.0
2025-03-03 13:38:00+00:00,103.41015625,103.41015625,103.40625,103.40625,161.0
2025-03-03 13:39:00+00:00,103.40625,103.41015625,103.40625,103.40625,79.0
2025-03-03 13:40:00+00:00,103.41015625,103.4140625,103.41015625,103.41015625,746.0
2025-03-03 13:41:00+00:00,103.41015625,103.41015625,103.16015625,103.40625,1214.0
2025-03-03 13:42:00+00:00,103.4140625,103.4140625,103.4140625,103.4140625,194.0
2025-03-03 13:43:00+00:00,103.41015625,103.4140625,103.40625,103.4140625,497.0
2025-03-03 13:44:00+00:00,103.41015625,103.41015625,103.41015625,103.41015625,390.0
2025-03-03 13:45:00+00:00,103.40625,103.41015625,103.40234375,103.41015625,560.0
2025-03-03 13:46:00+00:00,103.40625,103.41015625,103.16015625,103.40625,1323.0
2025-03-03 13:47:00+00:00,103.40625,103.40625,103.40234375,103.40625,494.0
2025-03-03 13:48:00+00:00,103.40625,103.41015625,103.40234375,103.40625,346.0
2025-03-03 13:49:00+00:00,103.41015625,103.4140625,103.40625,103.40625,362.0
2025-03-03 13:50:00+00:00,103.4140625,103.4140625,103.41015625,103.41015625,360.0
2025-03-03 13:51:00+00:00,103.4140625,103.41796875,103.1640625,103.4140625,4155.0
2025-03-03 13:52:00+00:00,103.41796875,103.421875,103.41796875,103.41796875,439.0
2025-03-03 13:53:00+00:00,103.421875,103.421875,103.41796875,103.421875,1277.0
2025-03-03 13:54:00+00:00,103.42578125,103.42578125,103.171875,103.171875,1259.0
2025-03-03 13:55:00+00:00,103.16796875,103.42578125,103.16796875,103.421875,0.0
2025-03-03 13:56:00+00:00,103.41796875,103.41796875,103.4140625,103.41796875,256247.0
2025-03-03 13:57:00+00:00,103.4140625,103.41796875,103.41015625,103.4140625,1162.0
2025-03-03 13:58:00+00:00,103.41796875,103.41796875,103.41796875,103.41796875,302.0
2025-03-03 13:59:00+00:00,103.421875,103.421875,103.41796875,103.41796875,917.0
2025-03-03 14:00:00+00:00,103.41796875,103.42578125,103.41796875,103.421875,1842.0
2025-03-03 14:01:00+00:00,103.4296875,103.4296875,103.41796875,103.41796875,2667.0
2025-03-03 14:02:00+00:00,103.42578125,103.42578125,103.1796875,103.42578125,2470.0
2025-03-03 14:03:00+00:00,103.42578125,103.4296875,103.42578125,103.4296875,904.0
2025-03-03 14:04:00+00:00,103.421875,103.42578125,103.171875,103.1796875,640.0
2025-03-03 14:05:00+00:00,103.42578125,103.42578125,103.41796875,103.41796875,267.0
2025-03-03 14:06:00+00:00,103.421875,103.421875,103.41796875,103.421875,108.0
2025-03-03 14:07:00+00:00,103.41796875,103.41796875,103.41796875,103.41796875,267.0
2025-03-03 14:08:00+00:00,103.4140625,103.421875,103.4140625,103.41796875,465.0
2025-03-03 14:09:00+00:00,103.41015625,103.4140625,103.1640625,103.4140625,1288.0
2025-03-03 14:10:00+00:00,103.41015625,103.41015625,103.41015625,103.41015625,115.0
2025-03-03 14:11:00+00:00,103.40625,103.41015625,103.40625,103.41015625,120.0
2025-03-03 14:12:00+00:00,103.40234375,103.41015625,103.15234375,103.40625,769.0
2025-03-03 14:13:00+00:00,103.40234375,103.40625,103.15625,103.15625,372.0
2025-03-03 14:14:00+00:00,103.4140625,103.4140625,103.1640625,103.40625,2296.0
2025-03-03 14:15:00+00:00,103.40625,103.4140625,103.40625,103.4140625,3040.0
2025-03-03 14:16:00+00:00,103.40625,103.41015625,103.15625,103.41015625,562.0
2025-03-03 14:17:00+00:00,103.41015625,103.41015625,103.40625,103.41015625,88.0
2025-03-03 14:18:00+00:00,103.41015625,103.41015625,103.40625,103.40625,462.0
2025-03-03 14:19:00+00:00,103.4140625,103.4140625,103.1640625,103.41015625,2350.0
2025-03-03 14:20:00+00:00,103.4140625,103.41796875,103.16796875,103.4140625,2062.0
2025-03-03 14:21:00+00:00,103.4140625,103.4140625,103.4140625,103.4140625,158.0
2025-03-03 14:22:00+00:00,103.41015625,103.4140625,103.1640625,103.4140625,960.0
2025-03-03 14:23:00+00:00,103.40234375,103.41015625,103.40234375,103.41015625,1937.0
2025-03-03 14:24:00+00:00,103.3984375,103.40234375,103.3984375,103.40234375,577.0
2025-03-03 14:25:00+00:00,103.3984375,103.3984375,103.15234375,103.3984375,2210.0
2025-03-03 14:26:00+00:00,103.3984375,103.3984375,103.3984375,103.3984375,530.0
2025-03-03 14:27:00+00:00,103.40625,103.40625,103.3984375,103.3984375,1045.0
2025-03-03 14:28:00+00:00,103.41015625,103.41015625,103.40625,103.41015625,387.0
2025-03-03 14:29:00+00:00,103.40625,103.41015625,103.40625,103.41015625,32.0
2025-03-03 14:30:00+00:00,103.40625,103.41015625,103.40625,103.41015625,660.0
2025-03-03 14:31:00+00:00,103.40625,103.41015625,103.40234375,103.41015625,794.0
2025-03-03 14:32:00+00:00,103.40625,103.40625,103.40234375,103.40625,530.0
2025-03-03 14:33:00+00:00,103.40625,103.40625,103.15625,103.40625,616.0
2025-03-03 14:34:00+00:00,103.40625,103.40625,103.40234375,103.40234375,290.0
2025-03-03 14:35:00+00:00,103.41015625,103.4140625,103.16015625,103.40625,1552.0
2025-03-03 14:36:00+00:00,103.41015625,103.4140625,103.41015625,103.4140625,161.0
2025-03-03 14:37:00+00:00,103.4140625,103.41796875,103.1640625,103.4140625,965.0
2025-03-03 14:38:00+00:00,103.41796875,103.41796875,103.16796875,103.4140625,1535.0
2025-03-03 14:39:00+00:00,103.42578125,103.42578125,103.421875,103.421875,512.0
2025-03-03 14:40:00+00:00,103.42578125,103.4296875,103.41796875,103.42578125,3577.0
2025-03-03 14:41:00+00:00,103.42578125,103.4296875,103.421875,103.42578125,2412.0
2025-03-03 14:42:00+00:00,103.4296875,103.4296875,103.421875,103.42578125,590.0
2025-03-03 14:43:00+00:00,103.43359375,103.43359375,103.4296875,103.4296875,1581.0
2025-03-03 14:44:00+00:00,103.43359375,103.4375,103.4296875,103.43359375,2807.0
2025-03-03 14:45:00+00:00,103.42578125,103.43359375,103.42578125,103.43359375,2830.0
2025-03-03 14:46:00+00:00,103.41796875,103.4296875,103.41796875,103.42578125,1300.0
2025-03-03 14:47:00+00:00,103.42578125,103.42578125,103.41796875,103.41796875,678.0
2025-03-03 14:48:00+00:00,103.4296875,103.43359375,103.4296875,103.4296875,859.0
2025-03-03 14:49:00+00:00,103.43359375,103.43359375,103.42578125,103.4296875,2191.0
2025-03-03 14:50:00+00:00,103.4296875,103.43359375,103.4296875,103.43359375,952.0
2025-03-03 14:51:00+00:00,103.4296875,103.43359375,103.4296875,103.4296875,1377.0
2025-03-03 14:52:00+00:00,103.43359375,103.4375,103.4296875,103.43359375,1299.0
2025-03-03 14:53:00+00:00,103.43359375,103.4375,103.4296875,103.43359375,1158.0
2025-03-03 14:54:00+00:00,103.4296875,103.43359375,103.4296875,103.4296875,442.0
2025-03-03 14:55:00+00:00,103.42578125,103.4296875,103.421875,103.4296875,5808.0
2025-03-03 14:56:00+00:00,103.4296875,103.4296875,103.42578125,103.42578125,2290.0
2025-03-03 14:57:00+00:00,103.43359375,103.43359375,103.4296875,103.4296875,1443.0
2025-03-03 14:58:00+00:00,103.4296875,103.4296875,103.42578125,103.4296875,3313.0
2025-03-03 14:59:00+00:00,103.4296875,103.4375,103.41796875,103.4296875,4085.0
2025-03-03 15:00:00+00:00,103.45703125,103.45703125,103.19921875,103.42578125,7391.0
2025-03-03 15:01:00+00:00,103.4609375,103.46875,103.20703125,103.45703125,11626.0
2025-03-03 15:02:00+00:00,103.47265625,103.4765625,103.21484375,103.4609375,6349.0
2025-03-03 15:03:00+00:00,103.4609375,103.47265625,103.20703125,103.47265625,10468.0
2025-03-03 15:04:00+00:00,103.45703125,103.46875,103.203125,103.4609375,9015.0
2025-03-03 15:05:00+00:00,103.453125,103.4609375,103.19921875,103.45703125,7071.0
2025-03-03 15:06:00+00:00,103.4609375,103.4609375,103.453125,103.453125,3935.0
2025-03-03 15:07:00+00:00,103.45703125,103.4609375,103.4453125,103.4609375,5604.0
2025-03-03 15:08:00+00:00,103.4609375,103.4609375,103.19921875,103.45703125,4308.0
2025-03-03 15:09:00+00:00,103.4609375,103.46484375,103.45703125,103.4609375,5222.0
2025-03-03 15:10:00+00:00,103.46875,103.46875,103.4609375,103.46484375,7076.0
2025-03-03 15:11:00+00:00,103.46484375,103.46875,103.20703125,103.46875,2393.0
2025-03-03 15:12:00+00:00,103.4765625,103.4765625,103.45703125,103.4609375,8330.0
2025-03-03 15:13:00+00:00,103.48046875,103.484375,103.22265625,103.4765625,5466.0
2025-03-03 15:14:00+00:00,103.4765625,103.484375,103.47265625,103.484375,4060.0
2025-03-03 15:15:00+00:00,103.48828125,103.48828125,103.4765625,103.4765625,3519.0
2025-03-03 15:16:00+00:00,103.484375,103.484375,103.48046875,103.484375,5685.0
2025-03-03 15:17:00+00:00,103.484375,103.484375,103.21875,103.484375,2390.0
2025-03-03 15:18:00+00:00,103.48046875,103.484375,103.21875,103.48046875,2235.0
2025-03-03 15:19:00+00:00,103.4765625,103.48046875,103.4765625,103.48046875,791.0
2025-03-03 15:20:00+00:00,103.4765625,103.4765625,103.21875,103.4765625,1475.0
2025-03-03 15:21:00+00:00,103.4765625,103.48046875,103.22265625,103.4765625,1067.0
2025-03-03 15:22:00+00:00,103.46875,103.4765625,103.21484375,103.21875,2348.0
2025-03-03 15:23:00+00:00,103.47265625,103.47265625,103.2109375,103.46875,1588.0
2025-03-03 15:24:00+00:00,103.4765625,103.48046875,103.4765625,103.4765625,1995.0
2025-03-03 15:25:00+00:00,103.4765625,103.4765625,103.47265625,103.4765625,435.0
2025-03-03 15:26:00+00:00,103.47265625,103.4765625,103.46875,103.4765625,2476.0
2025-03-03 15:27:00+00:00,103.46484375,103.4765625,103.46484375,103.47265625,2471.0
2025-03-03 15:28:00+00:00,103.46484375,103.46875,103.4609375,103.46484375,5242.0
2025-03-03 15:29:00+00:00,103.46875,103.47265625,103.20703125,103.46484375,2783.0
2025-03-03 15:30:00+00:00,103.46484375,103.47265625,103.20703125,103.46875,6460.0
2025-03-03 15:31:00+00:00,103.46484375,103.46484375,103.4609375,103.46484375,1771.0
2025-03-03 15:32:00+00:00,103.46484375,103.46484375,103.45703125,103.4609375,2123.0
2025-03-03 15:33:00+00:00,103.46484375,103.46875,103.4609375,103.4609375,1383.0
2025-03-03 15:34:00+00:00,103.45703125,103.46484375,103.453125,103.46484375,1928.0
2025-03-03 15:35:00+00:00,103.46484375,103.46484375,103.203125,103.45703125,1444.0
2025-03-03 15:36:00+00:00,103.46484375,103.46484375,103.4609375,103.46484375,505.0
2025-03-03 15:37:00+00:00,103.47265625,103.47265625,103.46484375,103.46484375,2566.0
2025-03-03 15:38:00+00:00,103.4765625,103.48046875,103.21875,103.46875,2106.0
2025-03-03 15:39:00+00:00,103.4765625,103.4765625,103.47265625,103.47265625,1101.0
2025-03-03 15:40:00+00:00,103.46875,103.4765625,103.46875,103.47265625,1636.0
2025-03-03 15:41:00+00:00,103.46484375,103.46875,103.46484375,103.46484375,1425.0
2025-03-03 15:42:00+00:00,103.46484375,103.46484375,103.46484375,103.46484375,925.0
2025-03-03 15:43:00+00:00,103.46875,103.47265625,103.46875,103.46875,966.0
2025-03-03 15:44:00+00:00,103.46484375,103.46875,103.46484375,103.46875,417.0
2025-03-03 15:45:00+00:00,103.4609375,103.46484375,103.4609375,103.46484375,1701.0
2025-03-03 15:46:00+00:00,103.4609375,103.46484375,103.4609375,103.4609375,4971.0
2025-03-03 15:47:00+00:00,103.46484375,103.46484375,103.4609375,103.46484375,6297.0
2025-03-03 15:48:00+00:00,103.46875,103.46875,103.46484375,103.46484375,1545.0
2025-03-03 15:49:00+00:00,103.46875,103.47265625,103.46875,103.46875,610.0
2025-03-03 15:50:00+00:00,103.46484375,103.47265625,103.4609375,103.46484375,6129.0
2025-03-03 15:51:00+00:00,103.4609375,103.46484375,103.4609375,103.46484375,1094.0
2025-03-03 15:52:00+00:00,103.4609375,103.46484375,103.19921875,103.203125,2257.0
2025-03-03 15:53:00+00:00,103.45703125,103.46484375,103.19140625,103.19921875,693.0
2025-03-03 15:54:00+00:00,103.453125,103.45703125,103.453125,103.453125,602.0
2025-03-03 15:55:00+00:00,103.45703125,103.45703125,103.453125,103.453125,1364.0
2025-03-03 15:56:00+00:00,103.45703125,103.4609375,103.45703125,103.45703125,731.0
2025-03-03 15:57:00+00:00,103.4609375,103.4609375,103.45703125,103.45703125,2325.0
2025-03-03 15:58:00+00:00,103.45703125,103.4609375,103.45703125,103.4609375,1128.0
2025-03-03 15:59:00+00:00,103.453125,103.4609375,103.453125,103.45703125,1217.0
2025-03-03 16:00:00+00:00,103.4453125,103.45703125,103.4453125,103.45703125,1385.0
2025-03-03 16:01:00+00:00,103.44140625,103.4453125,103.4375,103.4453125,2131.0
2025-03-03 16:02:00+00:00,103.44140625,103.44140625,103.1796875,103.44140625,1636.0
2025-03-03 16:03:00+00:00,103.4453125,103.4453125,103.44140625,103.4453125,387.0
2025-03-03 16:04:00+00:00,103.44921875,103.44921875,103.18359375,103.4453125,936.0
2025-03-03 16:05:00+00:00,103.453125,103.453125,103.1875,103.453125,644.0
2025-03-03 16:06:00+00:00,103.453125,103.453125,103.4453125,103.44921875,1241.0
2025-03-03 16:07:00+00:00,103.44921875,103.453125,103.4453125,103.453125,431.0
2025-03-03 16:08:00+00:00,103.4453125,103.44921875,103.4453125,103.44921875,984.0
2025-03-03 16:09:00+00:00,103.4453125,103.44921875,103.18359375,103.4453125,891.0
2025-03-03 16:10:00+00:00,103.4453125,103.4453125,103.4453125,103.4453125,405.0
2025-03-03 16:11:00+00:00,103.4453125,103.4453125,103.4453125,103.4453125,858.0
2025-03-03 16:12:00+00:00,103.4453125,103.4453125,103.18359375,103.4453125,221.0
2025-03-03 16:13:00+00:00,103.4453125,103.4453125,103.4375,103.4453125,1062.0
2025-03-03 16:14:00+00:00,103.44921875,103.44921875,103.4453125,103.4453125,1799.0
2025-03-03 16:15:00+00:00,103.453125,103.453125,103.4453125,103.44921875,1744.0
2025-03-03 16:16:00+00:00,103.45703125,103.45703125,103.453125,103.453125,627.0
2025-03-03 16:17:00+00:00,103.4609375,103.4609375,103.45703125,103.45703125,824.0
2025-03-03 16:18:00+00:00,103.46875,103.46875,103.203125,103.4609375,7749.0
2025-03-03 16:19:00+00:00,103.46484375,103.46875,103.4609375,103.46875,1463.0
2025-03-03 16:20:00+00:00,103.203125,103.46875,103.203125,103.46484375,0.0
2025-03-03 16:21:00+00:00,103.46875,103.46875,103.46484375,103.46484375,561417.0
2025-03-03 16:22:00+00:00,103.46875,103.46875,103.46484375,103.46484375,385.0
2025-03-03 16:23:00+00:00,103.46484375,103.47265625,103.46484375,103.47265625,293.0
2025-03-03 16:24:00+00:00,103.46875,103.46875,103.46484375,103.46484375,713.0
2025-03-03 16:25:00+00:00,103.47265625,103.47265625,103.46875,103.47265625,1932.0
2025-03-03 16:26:00+00:00,103.21484375,103.4765625,103.21484375,103.4765625,0.0
2025-03-03 16:27:00+00:00,103.4765625,103.4765625,103.47265625,103.4765625,567054.0
2025-03-03 16:28:00+00:00,103.48046875,103.48046875,103.4765625,103.4765625,874.0
2025-03-03 16:29:00+00:00,103.484375,103.484375,103.48046875,103.484375,540.0
2025-03-03 16:30:00+00:00,103.48046875,103.484375,103.4765625,103.48046875,1164.0
2025-03-03 16:31:00+00:00,103.484375,103.484375,103.484375,103.484375,869.0
2025-03-03 16:32:00+00:00,103.484375,103.484375,103.484375,103.484375,376.0
2025-03-03 16:33:00+00:00,103.48046875,103.484375,103.4765625,103.484375,669.0
2025-03-03 16:34:00+00:00,103.484375,103.48828125,103.21875,103.48046875,4954.0
2025-03-03 16:35:00+00:00,103.4765625,103.48046875,103.4765625,103.48046875,502.0
2025-03-03 16:36:00+00:00,103.48046875,103.48046875,103.4765625,103.4765625,1284.0
2025-03-03 16:37:00+00:00,103.48828125,103.48828125,103.48046875,103.48046875,1115.0
2025-03-03 16:38:00+00:00,103.48828125,103.48828125,103.484375,103.48828125,1307.0
2025-03-03 16:39:00+00:00,103.484375,103.48828125,103.22265625,103.48828125,1320.0
2025-03-03 16:40:00+00:00,103.48828125,103.48828125,103.48828125,103.48828125,946.0
2025-03-03 16:41:00+00:00,103.48828125,103.49609375,103.48828125,103.4921875,988.0
2025-03-03 16:42:00+00:00,103.4921875,103.4921875,103.4921875,103.4921875,3.0
2025-03-03 16:43:00+00:00,103.48828125,103.4921875,103.48828125,103.4921875,271.0
2025-03-03 16:44:00+00:00,103.48046875,103.4921875,103.48046875,103.4921875,2290.0
2025-03-03 16:45:00+00:00,103.48046875,103.484375,103.48046875,103.48046875,817.0
2025-03-03 16:46:00+00:00,103.4765625,103.484375,103.4765625,103.48046875,969.0
2025-03-03 16:47:00+00:00,103.4765625,103.48046875,103.21484375,103.4765625,995.0
2025-03-03 16:48:00+00:00,103.47265625,103.4765625,103.47265625,103.4765625,785.0
2025-03-03 16:49:00+00:00,103.47265625,103.47265625,103.46875,103.47265625,1575.0
2025-03-03 16:50:00+00:00,103.46875,103.47265625,103.46875,103.47265625,245.0
2025-03-03 16:51:00+00:00,103.203125,103.46875,103.203125,103.46875,0.0
2025-03-03 16:52:00+00:00,103.46484375,103.46484375,103.203125,103.46484375,593325.0
2025-03-03 16:53:00+00:00,103.46484375,103.46484375,103.19921875,103.46484375,1069.0
2025-03-03 16:54:00+00:00,103.4609375,103.46484375,103.4609375,103.46484375,754.0
2025-03-03 16:55:00+00:00,103.46484375,103.46484375,103.46484375,103.46484375,535.0
2025-03-03 16:56:00+00:00,103.45703125,103.4609375,103.1953125,103.4609375,3005.0
2025-03-03 16:57:00+00:00,103.45703125,103.4609375,103.45703125,103.45703125,1871.0
2025-03-03 16:58:00+00:00,103.4609375,103.46484375,103.19921875,103.45703125,1644.0
2025-03-03 16:59:00+00:00,103.46484375,103.46484375,103.45703125,103.4609375,2015.0
2025-03-03 17:00:00+00:00,103.4609375,103.46484375,103.20703125,103.46484375,1472.0
2025-03-03 17:01:00+00:00,103.4609375,103.46484375,103.45703125,103.4609375,1255.0
2025-03-03 17:02:00+00:00,103.45703125,103.46484375,103.203125,103.46484375,74.0
2025-03-03 17:03:00+00:00,103.4609375,103.4609375,103.4609375,103.4609375,378.0
2025-03-03 17:04:00+00:00,103.4609375,103.4609375,103.4609375,103.4609375,500.0
2025-03-03 17:05:00+00:00,103.4609375,103.46484375,103.4609375,103.46484375,389.0
2025-03-03 17:06:00+00:00,103.4609375,103.4609375,103.4609375,103.4609375,388.0
2025-03-03 17:07:00+00:00,103.4609375,103.4609375,103.4609375,103.4609375,374.0
2025-03-03 17:08:00+00:00,103.4609375,103.4609375,103.4609375,103.4609375,202.0
2025-03-03 17:09:00+00:00,103.46484375,103.46484375,103.46484375,103.46484375,424.0
2025-03-03 17:10:00+00:00,103.4609375,103.46484375,103.4609375,103.46484375,1795.0
2025-03-03 17:11:00+00:00,103.4609375,103.4609375,103.20703125,103.4609375,464.0
2025-03-03 17:12:00+00:00,103.46484375,103.46484375,103.46484375,103.46484375,34.0
2025-03-03 17:13:00+00:00,103.46484375,103.46484375,103.46484375,103.46484375,2636.0
2025-03-03 17:14:00+00:00,103.46484375,103.46875,103.46484375,103.46484375,1612.0
2025-03-03 17:15:00+00:00,103.47265625,103.47265625,103.46484375,103.46484375,859.0
2025-03-03 17:16:00+00:00,103.46484375,103.47265625,103.2109375,103.47265625,571.0
2025-03-03 17:17:00+00:00,103.4609375,103.46484375,103.4609375,103.46484375,188.0
2025-03-03 17:18:00+00:00,103.46484375,103.46484375,103.46484375,103.46484375,267.0
2025-03-03 17:19:00+00:00,103.4609375,103.46875,103.4609375,103.46875,325.0
2025-03-03 17:20:00+00:00,103.45703125,103.4609375,103.45703125,103.4609375,215.0
2025-03-03 17:21:00+00:00,103.45703125,103.4609375,103.45703125,103.45703125,1261.0
2025-03-03 17:22:00+00:00,103.19921875,103.45703125,103.19921875,103.45703125,0.0
2025-03-03 17:23:00+00:00,103.453125,103.45703125,103.453125,103.45703125,620848.0
2025-03-03 17:24:00+00:00,103.453125,103.453125,103.1953125,103.453125,1153.0
2025-03-03 17:25:00+00:00,103.453125,103.453125,103.453125,103.453125,431.0
2025-03-03 17:27:00+00:00,103.45703125,103.45703125,103.453125,103.45703125,1084.0
2025-03-03 17:28:00+00:00,103.453125,103.45703125,103.453125,103.45703125,376.0
2025-03-03 17:29:00+00:00,103.453125,103.45703125,103.453125,103.45703125,152.0
2025-03-03 17:31:00+00:00,103.4609375,103.4609375,103.453125,103.453125,591.0
2025-03-03 17:32:00+00:00,103.45703125,103.4609375,103.45703125,103.4609375,643.0
2025-03-03 17:33:00+00:00,103.45703125,103.4609375,103.45703125,103.45703125,211.0
2025-03-03 17:34:00+00:00,103.4609375,103.4609375,103.4609375,103.4609375,659.0
2025-03-03 17:35:00+00:00,103.4609375,103.4609375,103.4609375,103.4609375,1231.0
2025-03-03 17:36:00+00:00,103.4609375,103.46484375,103.20703125,103.4609375,2183.0
2025-03-03 17:37:00+00:00,103.46875,103.46875,103.46484375,103.46484375,559.0
2025-03-03 17:38:00+00:00,103.46484375,103.46875,103.46484375,103.46484375,36.0
2025-03-03 17:39:00+00:00,103.46875,103.46875,103.46484375,103.46484375,1281.0
2025-03-03 17:40:00+00:00,103.46875,103.46875,103.46875,103.46875,235.0
2025-03-03 17:41:00+00:00,103.4609375,103.46875,103.4609375,103.46875,1390.0
2025-03-03 17:42:00+00:00,103.45703125,103.4609375,103.45703125,103.4609375,319.0
2025-03-03 17:43:00+00:00,103.4609375,103.4609375,103.45703125,103.45703125,1937.0
2025-03-03 17:44:00+00:00,103.46875,103.46875,103.46484375,103.46484375,403.0
2025-03-03 17:45:00+00:00,103.46875,103.46875,103.46484375,103.46484375,144.0
2025-03-03 17:46:00+00:00,103.46875,103.46875,103.46484375,103.46875,3458.0
2025-03-03 17:47:00+00:00,103.484375,103.48828125,103.21875,103.47265625,10848.0
2025-03-03 17:48:00+00:00,103.48046875,103.48046875,103.22265625,103.48046875,1234.0
2025-03-03 17:49:00+00:00,103.48046875,103.48046875,103.4765625,103.4765625,1215.0
2025-03-03 17:50:00+00:00,103.48046875,103.48046875,103.4765625,103.4765625,302.0
2025-03-03 17:51:00+00:00,103.48046875,103.484375,103.21875,103.48046875,2317.0
2025-03-03 17:52:00+00:00,103.48046875,103.484375,103.48046875,103.48046875,132.0
2025-03-03 17:53:00+00:00,103.48046875,103.48046875,103.48046875,103.48046875,1488.0
2025-03-03 17:54:00+00:00,103.484375,103.484375,103.48046875,103.484375,896.0
2025-03-03 17:55:00+00:00,103.48046875,103.484375,103.48046875,103.484375,1350.0
2025-03-03 17:56:00+00:00,103.48046875,103.484375,103.48046875,103.48046875,757.0
2025-03-03 17:57:00+00:00,103.48046875,103.48046875,103.48046875,103.48046875,33.0
2025-03-03 17:58:00+00:00,103.48046875,103.484375,103.48046875,103.484375,324.0
2025-03-03 17:59:00+00:00,103.48046875,103.48046875,103.48046875,103.48046875,1104.0
2025-03-03 18:00:00+00:00,103.48046875,103.484375,103.48046875,103.484375,1173.0
2025-03-03 18:01:00+00:00,103.48046875,103.48046875,103.48046875,103.48046875,1070.0
2025-03-03 18:02:00+00:00,103.48046875,103.48046875,103.48046875,103.48046875,568.0
2025-03-03 18:03:00+00:00,103.22265625,103.22265625,103.22265625,103.22265625,0.0
2025-03-03 18:04:00+00:00,103.48046875,103.48046875,103.48046875,103.48046875,665607.0
2025-03-03 18:05:00+00:00,103.484375,103.484375,103.484375,103.484375,2.0
2025-03-03 18:06:00+00:00,103.484375,103.484375,103.484375,103.484375,865.0
2025-03-03 18:07:00+00:00,103.48828125,103.4921875,103.484375,103.48828125,1907.0
2025-03-03 18:08:00+00:00,103.4921875,103.4921875,103.48828125,103.48828125,758.0
2025-03-03 18:09:00+00:00,103.4921875,103.4921875,103.234375,103.4921875,655.0
2025-03-03 18:10:00+00:00,103.49609375,103.5,103.4921875,103.4921875,654.0
2025-03-03 18:11:00+00:00,103.5,103.50390625,103.49609375,103.49609375,2767.0
2025-03-03 18:12:00+00:00,103.50390625,103.50390625,103.5,103.50390625,1773.0
2025-03-03 18:13:00+00:00,103.50390625,103.5078125,103.50390625,103.50390625,2352.0
2025-03-03 18:14:00+00:00,103.5,103.50390625,103.2421875,103.5,1159.0
2025-03-03 18:15:00+00:00,103.5,103.50390625,103.49609375,103.50390625,809.0
2025-03-03 18:16:00+00:00,103.5,103.50390625,103.49609375,103.49609375,1177.0
2025-03-03 18:17:00+00:00,103.5,103.50390625,103.49609375,103.50390625,2528.0
2025-03-03 18:18:00+00:00,103.5,103.50390625,103.5,103.50390625,240.0
2025-03-03 18:20:00+00:00,103.49609375,103.50390625,103.24609375,103.5,333.0
2025-03-03 18:21:00+00:00,103.5,103.5,103.49609375,103.49609375,546.0
2025-03-03 18:22:00+00:00,103.5,103.5,103.5,103.5,1154.0
2025-03-03 18:23:00+00:00,103.5,103.5,103.49609375,103.5,761.0
2025-03-03 18:24:00+00:00,103.4921875,103.5,103.4921875,103.5,412.0
2025-03-03 18:25:00+00:00,103.4921875,103.4921875,103.4921875,103.4921875,804.0
2025-03-03 18:26:00+00:00,103.49609375,103.49609375,103.49609375,103.49609375,388.0
2025-03-03 18:27:00+00:00,103.5,103.5,103.5,103.5,81.0
2025-03-03 18:28:00+00:00,103.5,103.5,103.23828125,103.5,5118.0
2025-03-03 18:29:00+00:00,103.5,103.50390625,103.5,103.5,839.0
2025-03-03 18:30:00+00:00,103.50390625,103.50390625,103.5,103.50390625,1760.0
2025-03-03 18:31:00+00:00,103.50390625,103.50390625,103.5,103.5,876.0
2025-03-03 18:32:00+00:00,103.5078125,103.5078125,103.50390625,103.50390625,447.0
2025-03-03 18:33:00+00:00,103.51171875,103.51171875,103.50390625,103.50390625,1932.0
2025-03-03 18:34:00+00:00,103.51171875,103.51171875,103.5078125,103.51171875,612.0
2025-03-03 18:35:00+00:00,103.50390625,103.51171875,103.25,103.25,2357.0
2025-03-03 18:36:00+00:00,103.5078125,103.5078125,103.24609375,103.50390625,1345.0
2025-03-03 18:37:00+00:00,103.50390625,103.5078125,103.50390625,103.50390625,99.0
2025-03-03 18:38:00+00:00,103.5078125,103.5078125,103.50390625,103.50390625,1072.0
2025-03-03 18:39:00+00:00,103.5078125,103.5078125,103.5078125,103.5078125,397.0
2025-03-03 18:40:00+00:00,103.51171875,103.51171875,103.5078125,103.5078125,1530.0
2025-03-03 18:41:00+00:00,103.5078125,103.51171875,103.5078125,103.51171875,254.0
2025-03-03 18:42:00+00:00,103.50390625,103.5078125,103.50390625,103.5078125,338.0
2025-03-03 18:43:00+00:00,103.50390625,103.5078125,103.50390625,103.50390625,762.0
2025-03-03 18:44:00+00:00,103.50390625,103.50390625,103.50390625,103.50390625,1537.0
2025-03-03 18:45:00+00:00,103.5,103.50390625,103.2421875,103.50390625,2869.0
2025-03-03 18:46:00+00:00,103.50390625,103.50390625,103.24609375,103.5,941.0
2025-03-03 18:47:00+00:00,103.50390625,103.5078125,103.50390625,103.50390625,2087.0
2025-03-03 18:48:00+00:00,103.4921875,103.50390625,103.48828125,103.50390625,3580.0
2025-03-03 18:49:00+00:00,103.4921875,103.49609375,103.48828125,103.4921875,2654.0
2025-03-03 18:50:00+00:00,103.49609375,103.49609375,103.23828125,103.49609375,291.0
2025-03-03 18:51:00+00:00,103.49609375,103.49609375,103.49609375,103.49609375,354.0
2025-03-03 18:52:00+00:00,103.4921875,103.4921875,103.4921875,103.4921875,649.0
2025-03-03 18:53:00+00:00,103.49609375,103.49609375,103.49609375,103.49609375,697.0
2025-03-03 18:54:00+00:00,103.49609375,103.49609375,103.49609375,103.49609375,623.0
2025-03-03 18:55:00+00:00,103.4921875,103.49609375,103.4921875,103.49609375,47.0
2025-03-03 18:56:00+00:00,103.4921875,103.49609375,103.4921875,103.49609375,2163.0
2025-03-03 18:57:00+00:00,103.48828125,103.48828125,103.48828125,103.48828125,861.0
2025-03-03 18:59:00+00:00,103.484375,103.4921875,103.484375,103.48828125,1037.0
2025-03-03 19:00:00+00:00,103.484375,103.48828125,103.484375,103.48828125,1165.0
2025-03-03 19:01:00+00:00,103.484375,103.484375,103.484375,103.484375,1139.0
2025-03-03 19:02:00+00:00,103.484375,103.484375,103.2265625,103.484375,1546.0
2025-03-03 19:03:00+00:00,103.484375,103.484375,103.2265625,103.2265625,544.0
2025-03-03 19:04:00+00:00,103.484375,103.484375,103.2265625,103.484375,396.0
2025-03-03 19:05:00+00:00,103.49609375,103.49609375,103.484375,103.484375,155.0
2025-03-03 19:06:00+00:00,103.4921875,103.49609375,103.4921875,103.49609375,466.0
2025-03-03 19:07:00+00:00,103.48828125,103.4921875,103.48828125,103.48828125,126.0
2025-03-03 19:08:00+00:00,103.484375,103.48828125,103.484375,103.48828125,292.0
2025-03-03 19:09:00+00:00,103.484375,103.484375,103.484375,103.484375,757.0
2025-03-03 19:10:00+00:00,103.49609375,103.49609375,103.23046875,103.48828125,793.0
2025-03-03 19:11:00+00:00,103.4921875,103.49609375,103.4921875,103.4921875,5647.0
2025-03-03 19:12:00+00:00,103.4921875,103.49609375,103.4921875,103.4921875,569.0
2025-03-03 19:13:00+00:00,103.4921875,103.4921875,103.4921875,103.4921875,149.0
2025-03-03 19:14:00+00:00,103.4921875,103.49609375,103.4921875,103.49609375,654.0
2025-03-03 19:15:00+00:00,103.4921875,103.49609375,103.4921875,103.49609375,4225.0
2025-03-03 19:16:00+00:00,103.48828125,103.48828125,103.48828125,103.48828125,443.0
2025-03-03 19:17:00+00:00,103.49609375,103.49609375,103.4921875,103.4921875,1234.0
2025-03-03 19:18:00+00:00,103.23828125,103.49609375,103.23828125,103.49609375,0.0
2025-03-03 19:19:00+00:00,103.4921875,103.4921875,103.23828125,103.23828125,749957.0
2025-03-03 19:20:00+00:00,103.48828125,103.4921875,103.234375,103.4921875,668.0
2025-03-03 19:21:00+00:00,103.484375,103.48828125,103.23046875,103.48828125,1002.0
2025-03-03 19:22:00+00:00,103.48828125,103.48828125,103.484375,103.484375,2530.0
2025-03-03 19:23:00+00:00,103.484375,103.48828125,103.484375,103.48828125,345.0
2025-03-03 19:24:00+00:00,103.484375,103.484375,103.484375,103.484375,444.0
2025-03-03 19:25:00+00:00,103.48828125,103.48828125,103.48828125,103.48828125,20.0
2025-03-03 19:26:00+00:00,103.484375,103.48828125,103.484375,103.484375,529.0
2025-03-03 19:27:00+00:00,103.484375,103.484375,103.2265625,103.484375,447.0
2025-03-03 19:28:00+00:00,103.48046875,103.484375,103.48046875,103.484375,164.0
2025-03-03 19:29:00+00:00,103.484375,103.484375,103.48046875,103.48046875,32.0
2025-03-03 19:30:00+00:00,103.484375,103.484375,103.2265625,103.484375,597.0
2025-03-03 19:31:00+00:00,103.48046875,103.484375,103.48046875,103.48046875,626.0
2025-03-03 19:32:00+00:00,103.48046875,103.48046875,103.48046875,103.48046875,1001.0
2025-03-03 19:33:00+00:00,103.48046875,103.48046875,103.4765625,103.4765625,72.0
2025-03-03 19:34:00+00:00,103.48046875,103.48046875,103.48046875,103.48046875,615.0
2025-03-03 19:35:00+00:00,103.4765625,103.48046875,103.21875,103.48046875,5199.0
2025-03-03 19:36:00+00:00,103.48046875,103.48046875,103.48046875,103.48046875,668.0
2025-03-03 19:37:00+00:00,103.48046875,103.48046875,103.48046875,103.48046875,62.0
2025-03-03 19:38:00+00:00,103.48046875,103.484375,103.48046875,103.484375,322.0
2025-03-03 19:39:00+00:00,103.48046875,103.484375,103.48046875,103.484375,204.0
2025-03-03 19:40:00+00:00,103.4765625,103.4765625,103.47265625,103.4765625,536.0
2025-03-03 19:41:00+00:00,103.4765625,103.4765625,103.47265625,103.4765625,22.0
2025-03-03 19:42:00+00:00,103.48046875,103.48046875,103.47265625,103.4765625,907.0
2025-03-03 19:43:00+00:00,103.48046875,103.48046875,103.4765625,103.4765625,62.0
2025-03-03 19:44:00+00:00,103.48046875,103.48046875,103.48046875,103.48046875,11.0
2025-03-03 19:45:00+00:00,103.48046875,103.484375,103.4765625,103.4765625,830.0
2025-03-03 19:46:00+00:00,103.48046875,103.48046875,103.4765625,103.4765625,45.0
2025-03-03 19:47:00+00:00,103.48046875,103.48046875,103.4765625,103.4765625,95.0
2025-03-03 19:48:00+00:00,103.4765625,103.4765625,103.4765625,103.4765625,2808.0
2025-03-03 19:49:00+00:00,103.4765625,103.48046875,103.4765625,103.4765625,49.0
2025-03-03 19:50:00+00:00,103.4765625,103.48046875,103.4765625,103.48046875,1575.0
2025-03-03 19:51:00+00:00,103.48828125,103.49609375,103.2265625,103.4765625,3255.0
2025-03-03 19:52:00+00:00,103.48828125,103.49609375,103.23828125,103.4921875,3513.0
2025-03-03 19:53:00+00:00,103.49609375,103.49609375,103.4921875,103.4921875,820.0
2025-03-03 19:54:00+00:00,103.49609375,103.49609375,103.4921875,103.49609375,1271.0
2025-03-03 19:55:00+00:00,103.50390625,103.5078125,103.2421875,103.5,6624.0
2025-03-03 19:56:00+00:00,103.50390625,103.5078125,103.5,103.50390625,2277.0
2025-03-03 19:57:00+00:00,103.5078125,103.51171875,103.25,103.5078125,2314.0
2025-03-03 19:58:00+00:00,103.5078125,103.51171875,103.5078125,103.5078125,1995.0
2025-03-03 19:59:00+00:00,103.51171875,103.51953125,103.25390625,103.51171875,11034.0
2025-03-03 20:00:00+00:00,103.5078125,103.515625,103.5078125,103.51171875,2923.0
2025-03-03 20:01:00+00:00,103.51171875,103.51171875,103.50390625,103.50390625,1226.0
2025-03-03 20:02:00+00:00,103.51953125,103.51953125,103.51171875,103.51171875,2300.0
2025-03-03 20:03:00+00:00,103.51953125,103.51953125,103.515625,103.51953125,1040.0
2025-03-03 20:04:00+00:00,103.51953125,103.51953125,103.51171875,103.515625,2058.0
2025-03-03 20:05:00+00:00,103.5234375,103.5234375,103.51953125,103.51953125,3026.0
2025-03-03 20:06:00+00:00,103.515625,103.5234375,103.515625,103.5234375,867.0
2025-03-03 20:07:00+00:00,103.515625,103.51953125,103.51171875,103.515625,738.0
2025-03-03 20:08:00+00:00,103.515625,103.515625,103.5078125,103.515625,776.0
2025-03-03 20:09:00+00:00,103.51953125,103.51953125,103.5078125,103.51171875,1534.0
2025-03-03 20:10:00+00:00,103.515625,103.51953125,103.515625,103.515625,1884.0
2025-03-03 20:11:00+00:00,103.51953125,103.51953125,103.26171875,103.51953125,265.0
2025-03-03 20:12:00+00:00,103.52734375,103.52734375,103.5234375,103.5234375,2388.0
2025-03-03 20:13:00+00:00,103.5234375,103.53125,103.5234375,103.52734375,1040.0
2025-03-03 20:14:00+00:00,103.26953125,103.53125,103.26953125,103.52734375,0.0
2025-03-03 20:15:00+00:00,103.5390625,103.5390625,103.53125,103.53125,832409.0
2025-03-03 20:16:00+00:00,103.53515625,103.53515625,103.53125,103.53515625,527.0
2025-03-03 20:17:00+00:00,103.53515625,103.53515625,103.53125,103.53125,782.0
2025-03-03 20:18:00+00:00,103.5390625,103.5390625,103.27734375,103.53515625,987.0
2025-03-03 20:19:00+00:00,103.5390625,103.5390625,103.5390625,103.5390625,2533.0
2025-03-03 20:20:00+00:00,103.5390625,103.546875,103.5390625,103.54296875,2031.0
2025-03-03 20:21:00+00:00,103.5390625,103.54296875,103.5390625,103.5390625,1725.0
2025-03-03 20:22:00+00:00,103.5390625,103.54296875,103.53515625,103.5390625,2011.0
2025-03-03 20:23:00+00:00,103.5390625,103.5390625,103.5390625,103.5390625,1102.0
2025-03-03 20:24:00+00:00,103.54296875,103.54296875,103.5390625,103.5390625,521.0
2025-03-03 20:25:00+00:00,103.546875,103.546875,103.5390625,103.5390625,390.0
2025-03-03 20:26:00+00:00,103.546875,103.55078125,103.546875,103.546875,5277.0
2025-03-03 20:27:00+00:00,103.55078125,103.5546875,103.546875,103.546875,593.0
2025-03-03 20:28:00+00:00,103.5546875,103.55859375,103.296875,103.55078125,2520.0
2025-03-03 20:29:00+00:00,103.5546875,103.5546875,103.296875,103.5546875,1252.0
2025-03-03 20:30:00+00:00,103.55859375,103.55859375,103.28515625,103.55859375,861.0
2025-03-03 20:31:00+00:00,103.55078125,103.5546875,103.55078125,103.5546875,580.0
2025-03-03 20:32:00+00:00,103.55078125,103.55078125,103.546875,103.55078125,2079.0
2025-03-03 20:33:00+00:00,103.55078125,103.55078125,103.546875,103.55078125,1935.0
2025-03-03 20:34:00+00:00,103.5546875,103.55859375,103.55078125,103.55078125,1692.0
2025-03-03 20:35:00+00:00,103.5625,103.5625,103.5546875,103.5546875,1595.0
2025-03-03 20:36:00+00:00,103.5625,103.5625,103.55859375,103.55859375,1659.0
2025-03-03 20:37:00+00:00,103.5625,103.5625,103.55859375,103.55859375,559.0
2025-03-03 20:38:00+00:00,103.5625,103.56640625,103.5625,103.5625,1676.0
2025-03-03 20:39:00+00:00,103.5703125,103.5703125,103.5625,103.5625,1315.0
2025-03-03 20:40:00+00:00,103.57421875,103.578125,103.56640625,103.5703125,2095.0
2025-03-03 20:41:00+00:00,103.58203125,103.58203125,103.5703125,103.57421875,871.0
2025-03-03 20:42:00+00:00,103.578125,103.5859375,103.3125,103.58203125,1108.0
2025-03-03 20:43:00+00:00,103.578125,103.5859375,103.578125,103.58203125,1198.0
2025-03-03 20:44:00+00:00,103.5859375,103.58984375,103.57421875,103.578125,2784.0
2025-03-03 20:45:00+00:00,103.58203125,103.5859375,103.578125,103.5859375,1489.0
2025-03-03 20:46:00+00:00,103.57421875,103.578125,103.5703125,103.578125,1624.0
2025-03-03 20:47:00+00:00,103.578125,103.578125,103.57421875,103.57421875,565.0
2025-03-03 20:48:00+00:00,103.57421875,103.578125,103.5703125,103.57421875,531.0
2025-03-03 20:49:00+00:00,103.57421875,103.578125,103.5703125,103.5703125,592.0
2025-03-03 20:50:00+00:00,103.5703125,103.578125,103.5703125,103.578125,681.0
2025-03-03 20:51:00+00:00,103.30078125,103.57421875,103.30078125,103.5703125,0.0
2025-03-03 20:52:00+00:00,103.55859375,103.5625,103.29296875,103.5625,890098.0
2025-03-03 20:53:00+00:00,103.55859375,103.5625,103.5546875,103.55859375,1990.0
2025-03-03 20:54:00+00:00,103.56640625,103.56640625,103.55859375,103.55859375,3315.0
2025-03-03 20:55:00+00:00,103.55859375,103.5703125,103.55859375,103.56640625,1222.0
2025-03-03 20:56:00+00:00,103.55859375,103.56640625,103.55859375,103.5625,2267.0
2025-03-03 20:57:00+00:00,103.5625,103.5625,103.5546875,103.55859375,2361.0
2025-03-03 20:58:00+00:00,103.5625,103.5703125,103.55859375,103.55859375,2133.0
2025-03-03 20:59:00+00:00,103.5625,103.5703125,103.5625,103.5625,7509.0
2025-03-03 21:00:00+00:00,103.55078125,103.56640625,103.546875,103.5625,4313.0
2025-03-03 21:01:00+00:00,103.2890625,103.5546875,103.2890625,103.546875,0.0
2025-03-03 21:02:00+00:00,103.55078125,103.55078125,103.546875,103.546875,917124.0
2025-03-03 21:03:00+00:00,103.55078125,103.5546875,103.55078125,103.55078125,1537.0
2025-03-03 21:04:00+00:00,103.546875,103.5546875,103.546875,103.55078125,186.0
2025-03-03 21:05:00+00:00,103.55078125,103.55078125,103.546875,103.55078125,252.0
2025-03-03 21:06:00+00:00,103.55078125,103.55078125,103.546875,103.546875,287.0
2025-03-03 21:07:00+00:00,103.55078125,103.5546875,103.55078125,103.55078125,608.0
2025-03-03 21:08:00+00:00,103.5546875,103.55859375,103.55078125,103.55078125,710.0
2025-03-03 21:09:00+00:00,103.55078125,103.5546875,103.546875,103.5546875,4282.0
2025-03-03 21:10:00+00:00,103.5546875,103.5546875,103.55078125,103.5546875,846.0
2025-03-03 21:11:00+00:00,103.55078125,103.55078125,103.55078125,103.55078125,7.0
2025-03-03 21:12:00+00:00,103.5546875,103.5546875,103.5546875,103.5546875,167.0
2025-03-03 21:13:00+00:00,103.5546875,103.5546875,103.5546875,103.5546875,774.0
2025-03-03 21:14:00+00:00,103.5546875,103.5546875,103.55078125,103.5546875,1354.0
2025-03-03 21:15:00+00:00,103.5546875,103.55859375,103.5546875,103.5546875,1460.0
2025-03-03 21:16:00+00:00,103.5546875,103.55859375,103.5546875,103.5546875,698.0
2025-03-03 21:17:00+00:00,103.5546875,103.55859375,103.5546875,103.5546875,1087.0
2025-03-03 21:18:00+00:00,103.55078125,103.5546875,103.55078125,103.5546875,237.0
2025-03-03 21:19:00+00:00,103.5546875,103.5546875,103.5546875,103.5546875,61.0
2025-03-03 21:20:00+00:00,103.5546875,103.55859375,103.5546875,103.5546875,1026.0
2025-03-03 21:22:00+00:00,103.55078125,103.5546875,103.55078125,103.5546875,814.0
2025-03-03 21:23:00+00:00,103.55078125,103.5546875,103.55078125,103.55078125,337.0
2025-03-03 21:24:00+00:00,103.55078125,103.5546875,103.55078125,103.55078125,158.0
2025-03-03 21:25:00+00:00,103.5546875,103.5546875,103.55078125,103.55078125,227.0
2025-03-03 21:26:00+00:00,103.5546875,103.5546875,103.55078125,103.5546875,726.0
2025-03-03 21:27:00+00:00,103.5546875,103.5546875,103.55078125,103.5546875,545.0
2025-03-03 21:28:00+00:00,103.5546875,103.5546875,103.55078125,103.5546875,237.0
2025-03-03 21:29:00+00:00,103.55078125,103.5546875,103.55078125,103.55078125,1407.0
2025-03-03 21:30:00+00:00,103.546875,103.55078125,103.54296875,103.546875,593.0
2025-03-03 21:31:00+00:00,103.54296875,103.546875,103.54296875,103.546875,501.0
2025-03-03 21:32:00+00:00,103.54296875,103.546875,103.54296875,103.54296875,198.0
2025-03-03 21:33:00+00:00,103.546875,103.546875,103.546875,103.546875,620.0
2025-03-03 21:34:00+00:00,103.546875,103.546875,103.546875,103.546875,585.0
2025-03-03 21:35:00+00:00,103.546875,103.546875,103.54296875,103.546875,1462.0
2025-03-03 21:36:00+00:00,103.54296875,103.546875,103.54296875,103.546875,601.0
2025-03-03 21:37:00+00:00,103.54296875,103.54296875,103.54296875,103.54296875,131.0
2025-03-03 21:38:00+00:00,103.546875,103.546875,103.54296875,103.546875,934.0
2025-03-03 21:39:00+00:00,103.5546875,103.5546875,103.54296875,103.54296875,363.0
2025-03-03 21:40:00+00:00,103.5546875,103.55859375,103.5546875,103.5546875,542.0
2025-03-03 21:41:00+00:00,103.55859375,103.55859375,103.2890625,103.5546875,763.0
2025-03-03 21:42:00+00:00,103.55859375,103.5625,103.29296875,103.5625,702.0
2025-03-03 21:43:00+00:00,103.55859375,103.55859375,103.5546875,103.55859375,1173.0
2025-03-03 21:44:00+00:00,103.5546875,103.55859375,103.5546875,103.55859375,290.0
2025-03-03 21:45:00+00:00,103.55859375,103.55859375,103.5546875,103.5546875,631.0
2025-03-03 21:46:00+00:00,103.55859375,103.5625,103.5546875,103.5546875,541.0
2025-03-03 21:47:00+00:00,103.5625,103.56640625,103.55859375,103.5625,1351.0
2025-03-03 21:48:00+00:00,103.56640625,103.56640625,103.5625,103.5625,362.0
2025-03-03 21:49:00+00:00,103.5625,103.56640625,103.5625,103.56640625,1570.0
2025-03-03 21:50:00+00:00,103.56640625,103.56640625,103.5625,103.56640625,816.0
2025-03-03 21:51:00+00:00,103.56640625,103.5703125,103.56640625,103.56640625,829.0
2025-03-03 21:52:00+00:00,103.5625,103.56640625,103.5625,103.56640625,372.0
2025-03-03 21:53:00+00:00,103.5625,103.56640625,103.5625,103.56640625,381.0
2025-03-03 21:54:00+00:00,103.55859375,103.5625,103.55859375,103.5625,735.0
2025-03-03 21:55:00+00:00,103.5625,103.5625,103.55859375,103.55859375,1013.0
2025-03-03 21:56:00+00:00,103.55859375,103.5625,103.55859375,103.5625,560.0
2025-03-03 21:57:00+00:00,103.55859375,103.56640625,103.55859375,103.5625,1335.0
2025-03-03 21:58:00+00:00,103.5625,103.56640625,103.55859375,103.5625,316.0
2025-03-03 21:59:00+00:00,103.56640625,103.56640625,103.5625,103.5625,0.0
2025-03-03 23:00:00+00:00,103.57421875,103.57421875,103.56640625,103.56640625,366.0
2025-03-03 23:01:00+00:00,103.5703125,103.57421875,103.5703125,103.5703125,163.0
2025-03-03 23:02:00+00:00,103.57421875,103.57421875,103.5703125,103.5703125,397.0
2025-03-03 23:03:00+00:00,103.57421875,103.57421875,103.57421875,103.57421875,92.0
2025-03-03 23:05:00+00:00,103.5703125,103.5703125,103.5703125,103.5703125,217.0
2025-03-03 23:06:00+00:00,103.5703125,103.5703125,103.5703125,103.5703125,1.0
2025-03-03 23:08:00+00:00,103.5703125,103.57421875,103.5703125,103.5703125,4.0
2025-03-03 23:10:00+00:00,103.5703125,103.5703125,103.5703125,103.5703125,114.0
2025-03-03 23:14:00+00:00,103.5703125,103.5703125,103.5703125,103.5703125,752.0
2025-03-03 23:15:00+00:00,103.5703125,103.5703125,103.5703125,103.5703125,241.0
2025-03-03 23:18:00+00:00,103.5703125,103.5703125,103.5703125,103.5703125,20.0
2025-03-03 23:21:00+00:00,103.5703125,103.5703125,103.5703125,103.5703125,326.0
2025-03-03 23:24:00+00:00,103.5703125,103.57421875,103.5703125,103.57421875,381.0
2025-03-03 23:27:00+00:00,103.5703125,103.5703125,103.5703125,103.5703125,81.0
2025-03-03 23:28:00+00:00,103.30859375,103.30859375,103.30859375,103.30859375,0.0
2025-03-03 23:33:00+00:00,103.56640625,103.56640625,103.56640625,103.56640625,3457.0
2025-03-03 23:34:00+00:00,103.5703125,103.5703125,103.56640625,103.56640625,236.0
2025-03-03 23:35:00+00:00,103.5703125,103.5703125,103.5703125,103.5703125,2.0
2025-03-03 23:36:00+00:00,103.57421875,103.57421875,103.57421875,103.57421875,386.0
2025-03-03 23:37:00+00:00,103.3046875,103.57421875,103.3046875,103.57421875,0.0
2025-03-03 23:38:00+00:00,103.58203125,103.58203125,103.578125,103.578125,4622.0
2025-03-03 23:39:00+00:00,103.58203125,103.58203125,103.578125,103.58203125,145.0
2025-03-03 23:40:00+00:00,103.578125,103.578125,103.578125,103.578125,251.0
2025-03-03 23:41:00+00:00,103.578125,103.578125,103.578125,103.578125,77.0
2025-03-03 23:42:00+00:00,103.578125,103.578125,103.578125,103.578125,41.0
2025-03-03 23:43:00+00:00,103.578125,103.578125,103.578125,103.578125,318.0
2025-03-03 23:45:00+00:00,103.578125,103.578125,103.578125,103.578125,130.0
2025-03-03 23:47:00+00:00,103.58203125,103.58203125,103.578125,103.578125,572.0
2025-03-03 23:48:00+00:00,103.5859375,103.5859375,103.58203125,103.58203125,108.0
2025-03-03 23:49:00+00:00,103.58203125,103.58203125,103.58203125,103.58203125,1.0
2025-03-03 23:50:00+00:00,103.5859375,103.5859375,103.5859375,103.5859375,139.0
2025-03-03 23:51:00+00:00,103.5859375,103.5859375,103.5859375,103.5859375,714.0
2025-03-03 23:53:00+00:00,103.5859375,103.5859375,103.5859375,103.5859375,11.0
2025-03-03 23:54:00+00:00,103.5859375,103.5859375,103.58203125,103.5859375,212.0
2025-03-03 23:55:00+00:00,103.58203125,103.5859375,103.58203125,103.5859375,140.0
2025-03-03 23:56:00+00:00,103.58203125,103.58203125,103.58203125,103.58203125,64.0
2025-03-03 23:57:00+00:00,103.5859375,103.5859375,103.5859375,103.5859375,200.0
2025-03-03 23:58:00+00:00,103.58984375,103.58984375,103.5859375,103.5859375,142.0
2025-03-03 23:59:00+00:00,103.58984375,103.58984375,103.5859375,103.5859375,7.0
2025-03-04 00:00:00+00:00,103.5859375,103.5859375,103.5859375,103.5859375,202.0
2025-03-04 00:01:00+00:00,103.59375,103.59375,103.5859375,103.5859375,1074.0
2025-03-04 00:02:00+00:00,103.59375,103.59375,103.59375,103.59375,15.0
2025-03-04 00:03:00+00:00,103.59765625,103.59765625,103.59375,103.59375,563.0
2025-03-04 00:04:00+00:00,103.59765625,103.59765625,103.59375,103.59765625,161.0
2025-03-04 00:05:00+00:00,103.60546875,103.60546875,103.59765625,103.59765625,555.0
2025-03-04 00:06:00+00:00,103.609375,103.61328125,103.6015625,103.6015625,176.0
2025-03-04 00:07:00+00:00,103.60546875,103.609375,103.60546875,103.60546875,17.0
2025-03-04 00:08:00+00:00,103.60546875,103.60546875,103.60546875,103.60546875,108.0
2025-03-04 00:09:00+00:00,103.60546875,103.60546875,103.60546875,103.60546875,3.0
2025-03-04 00:10:00+00:00,103.609375,103.609375,103.609375,103.609375,150.0
2025-03-04 00:11:00+00:00,103.609375,103.609375,103.60546875,103.609375,112.0
2025-03-04 00:12:00+00:00,103.609375,103.609375,103.609375,103.609375,24.0
2025-03-04 00:13:00+00:00,103.609375,103.61328125,103.609375,103.609375,29.0
2025-03-04 00:14:00+00:00,103.61328125,103.61328125,103.609375,103.609375,127.0
2025-03-04 00:15:00+00:00,103.609375,103.6171875,103.60546875,103.609375,341.0
2025-03-04 00:16:00+00:00,103.6015625,103.609375,103.6015625,103.609375,261.0
2025-03-04 00:17:00+00:00,103.6015625,103.6015625,103.59765625,103.59765625,230.0
2025-03-04 00:18:00+00:00,103.59765625,103.59765625,103.59765625,103.59765625,100.0
2025-03-04 00:19:00+00:00,103.60546875,103.60546875,103.59765625,103.59765625,200.0
2025-03-04 00:20:00+00:00,103.609375,103.609375,103.60546875,103.60546875,196.0
2025-03-04 00:21:00+00:00,103.61328125,103.61328125,103.609375,103.609375,187.0
2025-03-04 00:22:00+00:00,103.61328125,103.61328125,103.61328125,103.61328125,165.0
2025-03-04 00:23:00+00:00,103.609375,103.61328125,103.609375,103.61328125,38.0
2025-03-04 00:24:00+00:00,103.61328125,103.61328125,103.61328125,103.61328125,70.0
2025-03-04 00:25:00+00:00,103.62890625,103.62890625,103.6171875,103.6171875,764.0
2025-03-04 00:26:00+00:00,103.62890625,103.63671875,103.625,103.6328125,897.0
2025-03-04 00:27:00+00:00,103.62890625,103.6328125,103.625,103.62890625,1030.0
2025-03-04 00:28:00+00:00,103.62890625,103.6328125,103.62890625,103.62890625,104.0
2025-03-04 00:29:00+00:00,103.62890625,103.62890625,103.62890625,103.62890625,9.0
2025-03-04 00:30:00+00:00,103.62890625,103.62890625,103.625,103.62890625,154.0
2025-03-04 00:31:00+00:00,103.62109375,103.62890625,103.62109375,103.625,187.0
2025-03-04 00:32:00+00:00,103.62890625,103.62890625,103.625,103.625,734.0
2025-03-04 00:33:00+00:00,103.62890625,103.6328125,103.62890625,103.62890625,1157.0
2025-03-04 00:34:00+00:00,103.62890625,103.6328125,103.62890625,103.62890625,238.0
2025-03-04 00:35:00+00:00,103.62890625,103.62890625,103.62890625,103.62890625,65.0
2025-03-04 00:36:00+00:00,103.62890625,103.62890625,103.62890625,103.62890625,86.0
2025-03-04 00:37:00+00:00,103.62890625,103.62890625,103.62890625,103.62890625,286.0
2025-03-04 00:38:00+00:00,103.6328125,103.6328125,103.62890625,103.62890625,467.0
2025-03-04 00:39:00+00:00,103.6328125,103.63671875,103.6328125,103.6328125,9.0
2025-03-04 00:40:00+00:00,103.6484375,103.6484375,103.63671875,103.63671875,1016.0
2025-03-04 00:41:00+00:00,103.64453125,103.6484375,103.64453125,103.6484375,324.0
2025-03-04 00:42:00+00:00,103.375,103.64453125,103.375,103.64453125,0.0
2025-03-04 00:43:00+00:00,103.65625,103.66015625,103.375,103.6484375,21548.0
2025-03-04 00:44:00+00:00,103.65625,103.66015625,103.65625,103.65625,64.0
2025-03-04 00:45:00+00:00,103.65625,103.66015625,103.65234375,103.65625,1253.0
2025-03-04 00:46:00+00:00,103.66015625,103.66796875,103.65625,103.65625,579.0
2025-03-04 00:47:00+00:00,103.6640625,103.66796875,103.66015625,103.66015625,918.0
2025-03-04 00:48:00+00:00,103.66015625,103.66796875,103.66015625,103.6640625,288.0
2025-03-04 00:49:00+00:00,103.65625,103.66015625,103.65625,103.66015625,108.0
2025-03-04 00:50:00+00:00,103.65625,103.6640625,103.65625,103.65625,348.0
2025-03-04 00:51:00+00:00,103.65234375,103.65625,103.65234375,103.65234375,442.0
2025-03-04 00:52:00+00:00,103.65234375,103.65234375,103.6484375,103.65234375,375.0
2025-03-04 00:53:00+00:00,103.65234375,103.65234375,103.6484375,103.6484375,171.0
2025-03-04 00:54:00+00:00,103.65234375,103.65234375,103.65234375,103.65234375,208.0
2025-03-04 00:55:00+00:00,103.65234375,103.65234375,103.65234375,103.65234375,1.0
2025-03-04 00:56:00+00:00,103.65234375,103.65625,103.65234375,103.65234375,1517.0
2025-03-04 00:57:00+00:00,103.65234375,103.65625,103.65234375,103.65625,169.0
2025-03-04 00:58:00+00:00,103.6484375,103.65234375,103.6484375,103.6484375,124.0
2025-03-04 00:59:00+00:00,103.64453125,103.6484375,103.64453125,103.6484375,202.0
2025-03-04 01:00:00+00:00,103.63671875,103.64453125,103.63671875,103.64453125,242.0
2025-03-04 01:01:00+00:00,103.640625,103.640625,103.6328125,103.6328125,458.0
2025-03-04 01:02:00+00:00,103.63671875,103.640625,103.6328125,103.63671875,167.0
2025-03-04 01:03:00+00:00,103.640625,103.640625,103.63671875,103.640625,103.0
2025-03-04 01:04:00+00:00,103.64453125,103.6484375,103.63671875,103.640625,217.0
2025-03-04 01:05:00+00:00,103.64453125,103.6484375,103.640625,103.64453125,111.0
2025-03-04 01:06:00+00:00,103.640625,103.640625,103.640625,103.640625,148.0
2025-03-04 01:07:00+00:00,103.640625,103.640625,103.63671875,103.640625,225.0
2025-03-04 01:08:00+00:00,103.640625,103.640625,103.640625,103.640625,22.0
2025-03-04 01:09:00+00:00,103.640625,103.640625,103.640625,103.640625,127.0
2025-03-04 01:10:00+00:00,103.64453125,103.64453125,103.640625,103.640625,210.0
2025-03-04 01:11:00+00:00,103.64453125,103.64453125,103.64453125,103.64453125,85.0
2025-03-04 01:12:00+00:00,103.6484375,103.6484375,103.64453125,103.64453125,84.0
2025-03-04 01:13:00+00:00,103.65234375,103.65234375,103.6484375,103.6484375,83.0
2025-03-04 01:14:00+00:00,103.65234375,103.65625,103.65234375,103.65625,66.0
2025-03-04 01:15:00+00:00,103.65234375,103.65234375,103.65234375,103.65234375,47.0
2025-03-04 01:16:00+00:00,103.65234375,103.65234375,103.65234375,103.65234375,15.0
2025-03-04 01:17:00+00:00,103.64453125,103.6484375,103.64453125,103.6484375,545.0
2025-03-04 01:18:00+00:00,103.64453125,103.64453125,103.64453125,103.64453125,330.0
2025-03-04 01:19:00+00:00,103.64453125,103.6484375,103.640625,103.640625,569.0
2025-03-04 01:20:00+00:00,103.64453125,103.64453125,103.64453125,103.64453125,18.0
2025-03-04 01:21:00+00:00,103.64453125,103.64453125,103.64453125,103.64453125,2.0
2025-03-04 01:22:00+00:00,103.6484375,103.6484375,103.64453125,103.64453125,419.0
2025-03-04 01:23:00+00:00,103.64453125,103.6484375,103.64453125,103.6484375,377.0
2025-03-04 01:24:00+00:00,103.6484375,103.65234375,103.64453125,103.6484375,108.0
2025-03-04 01:25:00+00:00,103.6484375,103.65625,103.6484375,103.6484375,391.0
2025-03-04 01:26:00+00:00,103.66015625,103.66015625,103.6484375,103.6484375,705.0
2025-03-04 01:27:00+00:00,103.6640625,103.6640625,103.66015625,103.6640625,258.0
2025-03-04 01:28:00+00:00,103.66796875,103.671875,103.6640625,103.66796875,1147.0
2025-03-04 01:29:00+00:00,103.66796875,103.671875,103.66796875,103.66796875,115.0
2025-03-04 01:30:00+00:00,103.66796875,103.671875,103.66796875,103.66796875,322.0
2025-03-04 01:31:00+00:00,103.66796875,103.66796875,103.66796875,103.66796875,41.0
2025-03-04 01:32:00+00:00,103.66796875,103.66796875,103.66796875,103.66796875,27.0
2025-03-04 01:33:00+00:00,103.66796875,103.671875,103.66796875,103.671875,799.0
2025-03-04 01:34:00+00:00,103.67578125,103.6796875,103.671875,103.671875,241.0
2025-03-04 01:35:00+00:00,103.67578125,103.68359375,103.40234375,103.67578125,1033.0
2025-03-04 01:36:00+00:00,103.67578125,103.6796875,103.67578125,103.67578125,47.0
2025-03-04 01:37:00+00:00,103.6796875,103.68359375,103.67578125,103.67578125,293.0
2025-03-04 01:38:00+00:00,103.67578125,103.68359375,103.67578125,103.6796875,408.0
2025-03-04 01:39:00+00:00,103.68359375,103.68359375,103.6796875,103.6796875,706.0
2025-03-04 01:40:00+00:00,103.6796875,103.6796875,103.67578125,103.6796875,1800.0
2025-03-04 01:41:00+00:00,103.67578125,103.6796875,103.67578125,103.67578125,428.0
2025-03-04 01:42:00+00:00,103.67578125,103.6796875,103.40625,103.67578125,502.0
2025-03-04 01:43:00+00:00,103.68359375,103.68359375,103.67578125,103.67578125,730.0
2025-03-04 01:44:00+00:00,103.67578125,103.68359375,103.67578125,103.68359375,615.0
2025-03-04 01:45:00+00:00,103.671875,103.6796875,103.671875,103.6796875,102.0
2025-03-04 01:46:00+00:00,103.67578125,103.67578125,103.671875,103.671875,291.0
2025-03-04 01:47:00+00:00,103.67578125,103.67578125,103.67578125,103.67578125,3.0
2025-03-04 01:48:00+00:00,103.67578125,103.67578125,103.67578125,103.67578125,67.0
2025-03-04 01:49:00+00:00,103.66796875,103.671875,103.66796875,103.671875,1638.0
2025-03-04 01:50:00+00:00,103.6640625,103.66796875,103.6640625,103.66796875,336.0
2025-03-04 01:51:00+00:00,103.66796875,103.66796875,103.6640625,103.66796875,248.0
2025-03-04 01:52:00+00:00,103.6640625,103.66796875,103.6640625,103.66796875,90.0
2025-03-04 01:53:00+00:00,103.6640625,103.6640625,103.6640625,103.6640625,69.0
2025-03-04 01:54:00+00:00,103.6640625,103.6640625,103.66015625,103.6640625,81.0
2025-03-04 01:55:00+00:00,103.6640625,103.6640625,103.6640625,103.6640625,125.0
2025-03-04 01:56:00+00:00,103.66015625,103.6640625,103.66015625,103.6640625,340.0
2025-03-04 01:57:00+00:00,103.66015625,103.66015625,103.66015625,103.66015625,47.0
2025-03-04 01:58:00+00:00,103.6640625,103.6640625,103.6640625,103.6640625,297.0
2025-03-04 01:59:00+00:00,103.6640625,103.6640625,103.6640625,103.6640625,229.0
2025-03-04 02:00:00+00:00,103.65625,103.6640625,103.65625,103.6640625,460.0
2025-03-04 02:01:00+00:00,103.65234375,103.65234375,103.65234375,103.65234375,223.0
2025-03-04 02:02:00+00:00,103.65625,103.65625,103.65234375,103.65234375,29.0
2025-03-04 02:03:00+00:00,103.65234375,103.65234375,103.65234375,103.65234375,83.0
2025-03-04 02:04:00+00:00,103.65234375,103.65625,103.65234375,103.65625,101.0
2025-03-04 02:05:00+00:00,103.65625,103.65625,103.65234375,103.65234375,84.0
2025-03-04 02:06:00+00:00,103.65625,103.65625,103.65625,103.65625,406.0
2025-03-04 02:07:00+00:00,103.65234375,103.65234375,103.65234375,103.65234375,129.0
2025-03-04 02:08:00+00:00,103.6484375,103.6484375,103.6484375,103.6484375,71.0
2025-03-04 02:09:00+00:00,103.6484375,103.6484375,103.6484375,103.6484375,1.0
2025-03-04 02:10:00+00:00,103.64453125,103.64453125,103.64453125,103.64453125,315.0
2025-03-04 02:11:00+00:00,103.64453125,103.64453125,103.64453125,103.64453125,192.0
2025-03-04 02:12:00+00:00,103.64453125,103.64453125,103.64453125,103.64453125,176.0
2025-03-04 02:14:00+00:00,103.640625,103.640625,103.640625,103.640625,102.0
2025-03-04 02:15:00+00:00,103.640625,103.640625,103.640625,103.640625,6.0
2025-03-04 02:16:00+00:00,103.63671875,103.640625,103.63671875,103.640625,83.0
2025-03-04 02:17:00+00:00,103.63671875,103.63671875,103.63671875,103.63671875,74.0
2025-03-04 02:19:00+00:00,103.63671875,103.63671875,103.63671875,103.63671875,50.0
2025-03-04 02:20:00+00:00,103.63671875,103.63671875,103.63671875,103.63671875,76.0
2025-03-04 02:21:00+00:00,103.6328125,103.63671875,103.6328125,103.63671875,15.0
2025-03-04 02:23:00+00:00,103.6328125,103.6328125,103.6328125,103.6328125,2.0
2025-03-04 02:24:00+00:00,103.63671875,103.63671875,103.6328125,103.6328125,213.0
2025-03-04 02:25:00+00:00,103.6328125,103.63671875,103.6328125,103.63671875,152.0
2025-03-04 02:26:00+00:00,103.6328125,103.6328125,103.6328125,103.6328125,18.0
2025-03-04 02:27:00+00:00,103.6328125,103.6328125,103.6328125,103.6328125,24.0
2025-03-04 02:28:00+00:00,103.63671875,103.63671875,103.6328125,103.6328125,2.0
2025-03-04 02:29:00+00:00,103.6328125,103.6328125,103.6328125,103.6328125,130.0
2025-03-04 02:30:00+00:00,103.62890625,103.6328125,103.62890625,103.6328125,201.0
2025-03-04 02:31:00+00:00,103.62890625,103.62890625,103.625,103.625,104.0
2025-03-04 02:32:00+00:00,103.62890625,103.62890625,103.62890625,103.62890625,8.0
2025-03-04 02:34:00+00:00,103.625,103.62890625,103.625,103.62890625,79.0
2025-03-04 02:35:00+00:00,103.625,103.625,103.625,103.625,93.0
2025-03-04 02:36:00+00:00,103.62109375,103.62109375,103.62109375,103.62109375,340.0
2025-03-04 02:37:00+00:00,103.6171875,103.62109375,103.6171875,103.62109375,31.0
2025-03-04 02:38:00+00:00,103.62109375,103.62109375,103.62109375,103.62109375,152.0
2025-03-04 02:39:00+00:00,103.6171875,103.6171875,103.6171875,103.6171875,159.0
2025-03-04 02:40:00+00:00,103.62109375,103.62109375,103.62109375,103.62109375,122.0
2025-03-04 02:41:00+00:00,103.62109375,103.62109375,103.62109375,103.62109375,27.0
2025-03-04 02:42:00+00:00,103.62109375,103.62109375,103.62109375,103.62109375,22.0
2025-03-04 02:44:00+00:00,103.62109375,103.62109375,103.62109375,103.62109375,382.0
2025-03-04 02:45:00+00:00,103.62109375,103.62109375,103.62109375,103.62109375,6.0
2025-03-04 02:46:00+00:00,103.625,103.625,103.625,103.625,135.0
2025-03-04 02:47:00+00:00,103.62109375,103.62109375,103.62109375,103.62109375,20.0
2025-03-04 02:48:00+00:00,103.62109375,103.62109375,103.62109375,103.62109375,146.0
2025-03-04 02:49:00+00:00,103.625,103.625,103.625,103.625,20.0
2025-03-04 02:50:00+00:00,103.62109375,103.625,103.62109375,103.625,81.0
2025-03-04 02:51:00+00:00,103.62109375,103.62109375,103.62109375,103.62109375,159.0
2025-03-04 02:52:00+00:00,103.6171875,103.62109375,103.6171875,103.62109375,177.0
2025-03-04 02:53:00+00:00,103.61328125,103.61328125,103.61328125,103.61328125,75.0
2025-03-04 02:54:00+00:00,103.61328125,103.61328125,103.61328125,103.61328125,2.0
2025-03-04 02:55:00+00:00,103.61328125,103.61328125,103.61328125,103.61328125,296.0
2025-03-04 02:56:00+00:00,103.61328125,103.61328125,103.609375,103.61328125,143.0
2025-03-04 02:58:00+00:00,103.61328125,103.61328125,103.61328125,103.61328125,1.0
2025-03-04 02:59:00+00:00,103.61328125,103.61328125,103.61328125,103.61328125,185.0
2025-03-04 03:00:00+00:00,103.6171875,103.6171875,103.61328125,103.61328125,179.0
2025-03-04 03:01:00+00:00,103.6171875,103.6171875,103.6171875,103.6171875,16.0
2025-03-04 03:02:00+00:00,103.62890625,103.62890625,103.62109375,103.62109375,198.0
2025-03-04 03:03:00+00:00,103.62890625,103.62890625,103.62890625,103.62890625,76.0
2025-03-04 03:04:00+00:00,103.62890625,103.62890625,103.62890625,103.62890625,61.0
2025-03-04 03:06:00+00:00,103.625,103.625,103.625,103.625,124.0
2025-03-04 03:08:00+00:00,103.62109375,103.625,103.62109375,103.62109375,4.0
2025-03-04 03:09:00+00:00,103.62109375,103.62109375,103.62109375,103.62109375,58.0
2025-03-04 03:10:00+00:00,103.625,103.625,103.625,103.625,27.0
2025-03-04 03:11:00+00:00,103.62109375,103.62109375,103.62109375,103.62109375,41.0
2025-03-04 03:12:00+00:00,103.6171875,103.6171875,103.6171875,103.6171875,1.0
2025-03-04 03:13:00+00:00,103.6171875,103.6171875,103.6171875,103.6171875,264.0
2025-03-04 03:14:00+00:00,103.6171875,103.6171875,103.6171875,103.6171875,579.0
2025-03-04 03:15:00+00:00,103.6171875,103.6171875,103.6171875,103.6171875,115.0
2025-03-04 03:16:00+00:00,103.6171875,103.6171875,103.6171875,103.6171875,28.0
2025-03-04 03:17:00+00:00,103.6171875,103.6171875,103.6171875,103.6171875,13.0
2025-03-04 03:18:00+00:00,103.61328125,103.6171875,103.61328125,103.6171875,2.0
2025-03-04 03:19:00+00:00,103.61328125,103.61328125,103.61328125,103.61328125,205.0
2025-03-04 03:20:00+00:00,103.61328125,103.61328125,103.61328125,103.61328125,212.0
2025-03-04 03:22:00+00:00,103.62109375,103.62109375,103.62109375,103.62109375,97.0
2025-03-04 03:23:00+00:00,103.62109375,103.62109375,103.62109375,103.62109375,114.0
2025-03-04 03:24:00+00:00,103.62109375,103.62109375,103.62109375,103.62109375,287.0
2025-03-04 03:26:00+00:00,103.6171875,103.6171875,103.6171875,103.6171875,68.0
2025-03-04 03:27:00+00:00,103.6171875,103.6171875,103.6171875,103.6171875,145.0
2025-03-04 03:28:00+00:00,103.6171875,103.6171875,103.34765625,103.6171875,113.0
2025-03-04 03:29:00+00:00,103.6171875,103.6171875,103.6171875,103.6171875,46.0
2025-03-04 03:30:00+00:00,103.61328125,103.61328125,103.61328125,103.61328125,113.0
2025-03-04 03:31:00+00:00,103.609375,103.61328125,103.609375,103.61328125,156.0
2025-03-04 03:32:00+00:00,103.61328125,103.61328125,103.609375,103.609375,27.0
2025-03-04 03:33:00+00:00,103.609375,103.609375,103.609375,103.609375,22.0
2025-03-04 03:34:00+00:00,103.609375,103.609375,103.609375,103.609375,1.0
2025-03-04 03:35:00+00:00,103.609375,103.61328125,103.609375,103.609375,197.0
2025-03-04 03:36:00+00:00,103.609375,103.609375,103.609375,103.609375,2.0
2025-03-04 03:38:00+00:00,103.609375,103.609375,103.60546875,103.60546875,111.0
2025-03-04 03:39:00+00:00,103.609375,103.609375,103.609375,103.609375,23.0
2025-03-04 03:40:00+00:00,103.6171875,103.6171875,103.61328125,103.61328125,315.0
2025-03-04 03:42:00+00:00,103.61328125,103.61328125,103.61328125,103.61328125,84.0
2025-03-04 03:43:00+00:00,103.6171875,103.6171875,103.6171875,103.6171875,597.0
2025-03-04 03:44:00+00:00,103.6171875,103.6171875,103.6171875,103.6171875,2.0
2025-03-04 03:45:00+00:00,103.6171875,103.6171875,103.61328125,103.6171875,220.0
2025-03-04 03:46:00+00:00,103.6171875,103.6171875,103.6171875,103.6171875,361.0
2025-03-04 03:47:00+00:00,103.6171875,103.6171875,103.6171875,103.6171875,111.0
2025-03-04 03:49:00+00:00,103.6171875,103.6171875,103.6171875,103.6171875,36.0
2025-03-04 03:50:00+00:00,103.6171875,103.6171875,103.6171875,103.6171875,8.0
2025-03-04 03:51:00+00:00,103.6171875,103.62109375,103.6171875,103.62109375,25.0
2025-03-04 03:52:00+00:00,103.6171875,103.6171875,103.6171875,103.6171875,32.0
2025-03-04 03:53:00+00:00,103.61328125,103.6171875,103.61328125,103.6171875,69.0
2025-03-04 03:54:00+00:00,103.61328125,103.61328125,103.61328125,103.61328125,107.0
2025-03-04 03:55:00+00:00,103.61328125,103.61328125,103.61328125,103.61328125,12.0
2025-03-04 03:56:00+00:00,103.61328125,103.61328125,103.61328125,103.61328125,130.0
2025-03-04 03:58:00+00:00,103.609375,103.609375,103.609375,103.609375,161.0
2025-03-04 03:59:00+00:00,103.609375,103.609375,103.609375,103.609375,9.0
2025-03-04 04:03:00+00:00,103.6171875,103.6171875,103.6171875,103.6171875,304.0
2025-03-04 04:04:00+00:00,103.6171875,103.6171875,103.6171875,103.6171875,64.0
2025-03-04 04:06:00+00:00,103.61328125,103.61328125,103.61328125,103.61328125,225.0
2025-03-04 04:07:00+00:00,103.61328125,103.61328125,103.61328125,103.61328125,31.0
2025-03-04 04:08:00+00:00,103.61328125,103.61328125,103.61328125,103.61328125,94.0
2025-03-04 04:09:00+00:00,103.609375,103.609375,103.609375,103.609375,13.0
2025-03-04 04:12:00+00:00,103.609375,103.609375,103.609375,103.609375,268.0
2025-03-04 04:13:00+00:00,103.61328125,103.61328125,103.61328125,103.61328125,17.0
2025-03-04 04:16:00+00:00,103.61328125,103.61328125,103.61328125,103.61328125,105.0
2025-03-04 04:17:00+00:00,103.61328125,103.61328125,103.61328125,103.61328125,6.0
2025-03-04 04:18:00+00:00,103.61328125,103.61328125,103.61328125,103.61328125,45.0
2025-03-04 04:20:00+00:00,103.6171875,103.6171875,103.6171875,103.6171875,154.0
2025-03-04 04:22:00+00:00,103.61328125,103.6171875,103.61328125,103.6171875,100.0
2025-03-04 04:23:00+00:00,103.61328125,103.61328125,103.33984375,103.33984375,134.0
2025-03-04 04:24:00+00:00,103.609375,103.609375,103.609375,103.609375,928.0
2025-03-04 04:25:00+00:00,103.609375,103.609375,103.609375,103.609375,488.0
2025-03-04 04:26:00+00:00,103.609375,103.609375,103.60546875,103.609375,479.0
2025-03-04 04:27:00+00:00,103.609375,103.609375,103.609375,103.609375,629.0
2025-03-04 04:28:00+00:00,103.609375,103.609375,103.609375,103.609375,68.0
2025-03-04 04:29:00+00:00,103.609375,103.609375,103.609375,103.609375,26.0
2025-03-04 04:30:00+00:00,103.609375,103.61328125,103.609375,103.609375,84.0
2025-03-04 04:32:00+00:00,103.61328125,103.61328125,103.61328125,103.61328125,49.0
2025-03-04 04:34:00+00:00,103.6171875,103.6171875,103.61328125,103.6171875,102.0
2025-03-04 04:35:00+00:00,103.6171875,103.6171875,103.6171875,103.6171875,152.0
2025-03-04 04:36:00+00:00,103.62109375,103.62109375,103.62109375,103.62109375,131.0
2025-03-04 04:37:00+00:00,103.62109375,103.625,103.62109375,103.62109375,100.0
2025-03-04 04:39:00+00:00,103.62109375,103.625,103.62109375,103.62109375,80.0
2025-03-04 04:40:00+00:00,103.62109375,103.62109375,103.62109375,103.62109375,31.0
2025-03-04 04:41:00+00:00,103.625,103.625,103.62109375,103.62109375,45.0
2025-03-04 04:42:00+00:00,103.62109375,103.62109375,103.62109375,103.62109375,77.0
2025-03-04 04:44:00+00:00,103.625,103.625,103.62109375,103.62109375,183.0
2025-03-04 04:45:00+00:00,103.62109375,103.62109375,103.62109375,103.62109375,56.0
2025-03-04 04:46:00+00:00,103.62109375,103.62109375,103.62109375,103.62109375,119.0
2025-03-04 04:47:00+00:00,103.62109375,103.625,103.62109375,103.62109375,23.0
2025-03-04 04:48:00+00:00,103.62109375,103.625,103.62109375,103.62109375,158.0
2025-03-04 04:49:00+00:00,103.62109375,103.62109375,103.62109375,103.62109375,2.0
2025-03-04 04:52:00+00:00,103.6171875,103.6171875,103.6171875,103.6171875,50.0
2025-03-04 04:53:00+00:00,103.62109375,103.62109375,103.62109375,103.62109375,32.0
2025-03-04 04:54:00+00:00,103.6171875,103.6171875,103.6171875,103.6171875,89.0
2025-03-04 04:55:00+00:00,103.62109375,103.62109375,103.6171875,103.6171875,143.0
2025-03-04 04:56:00+00:00,103.62109375,103.62109375,103.62109375,103.62109375,7.0
2025-03-04 04:57:00+00:00,103.62109375,103.62109375,103.62109375,103.62109375,34.0
2025-03-04 04:58:00+00:00,103.6171875,103.6171875,103.6171875,103.6171875,383.0
2025-03-04 05:00:00+00:00,103.6171875,103.62109375,103.6171875,103.62109375,356.0
2025-03-04 05:01:00+00:00,103.62109375,103.625,103.6171875,103.6171875,788.0
2025-03-04 05:02:00+00:00,103.6171875,103.625,103.6171875,103.62109375,463.0
2025-03-04 05:03:00+00:00,103.61328125,103.6171875,103.61328125,103.61328125,178.0
2025-03-04 05:04:00+00:00,103.61328125,103.61328125,103.609375,103.61328125,421.0
2025-03-04 05:05:00+00:00,103.59375,103.61328125,103.59375,103.61328125,3579.0
2025-03-04 05:06:00+00:00,103.59375,103.59375,103.59375,103.59375,1534.0
2025-03-04 05:07:00+00:00,103.59375,103.59375,103.59375,103.59375,339.0
2025-03-04 05:08:00+00:00,103.6015625,103.6015625,103.59765625,103.59765625,237.0
2025-03-04 05:09:00+00:00,103.6015625,103.6015625,103.6015625,103.6015625,318.0
2025-03-04 05:10:00+00:00,103.60546875,103.60546875,103.60546875,103.60546875,161.0
2025-03-04 05:11:00+00:00,103.6015625,103.60546875,103.6015625,103.60546875,89.0
2025-03-04 05:12:00+00:00,103.6015625,103.6015625,103.6015625,103.6015625,109.0
2025-03-04 05:13:00+00:00,103.6015625,103.6015625,103.6015625,103.6015625,490.0
2025-03-04 05:14:00+00:00,103.6015625,103.60546875,103.6015625,103.6015625,128.0
2025-03-04 05:15:00+00:00,103.60546875,103.60546875,103.60546875,103.60546875,238.0
2025-03-04 05:16:00+00:00,103.60546875,103.60546875,103.60546875,103.60546875,31.0
2025-03-04 05:17:00+00:00,103.60546875,103.60546875,103.60546875,103.60546875,193.0
2025-03-04 05:18:00+00:00,103.60546875,103.609375,103.60546875,103.60546875,324.0
2025-03-04 05:19:00+00:00,103.6015625,103.60546875,103.6015625,103.60546875,80.0
2025-03-04 05:21:00+00:00,103.6015625,103.6015625,103.6015625,103.6015625,97.0
2025-03-04 05:22:00+00:00,103.6015625,103.6015625,103.6015625,103.6015625,240.0
2025-03-04 05:23:00+00:00,103.6015625,103.6015625,103.59765625,103.59765625,111.0
2025-03-04 05:24:00+00:00,103.59765625,103.6015625,103.59765625,103.6015625,226.0
2025-03-04 05:25:00+00:00,103.6015625,103.60546875,103.59765625,103.59765625,223.0
2025-03-04 05:26:00+00:00,103.59765625,103.6015625,103.59765625,103.6015625,166.0
2025-03-04 05:27:00+00:00,103.59765625,103.6015625,103.59765625,103.59765625,161.0
2025-03-04 05:28:00+00:00,103.59765625,103.59765625,103.59765625,103.59765625,76.0
2025-03-04 05:29:00+00:00,103.59765625,103.6015625,103.59765625,103.59765625,91.0
2025-03-04 05:30:00+00:00,103.59765625,103.59765625,103.59765625,103.59765625,131.0
2025-03-04 05:31:00+00:00,103.59765625,103.59765625,103.59765625,103.59765625,68.0
2025-03-04 05:33:00+00:00,103.59375,103.59375,103.59375,103.59375,109.0
2025-03-04 05:34:00+00:00,103.59375,103.59375,103.59375,103.59375,37.0
2025-03-04 05:35:00+00:00,103.59375,103.59375,103.59375,103.59375,198.0
2025-03-04 05:36:00+00:00,103.59375,103.59375,103.59375,103.59375,280.0
2025-03-04 05:37:00+00:00,103.59375,103.59375,103.59375,103.59375,50.0
2025-03-04 05:38:00+00:00,103.59765625,103.59765625,103.59765625,103.59765625,16.0
2025-03-04 05:39:00+00:00,103.59765625,103.59765625,103.59765625,103.59765625,186.0
2025-03-04 05:41:00+00:00,103.59765625,103.59765625,103.59765625,103.59765625,203.0
2025-03-04 05:43:00+00:00,103.59765625,103.59765625,103.59765625,103.59765625,28.0
2025-03-04 05:45:00+00:00,103.6015625,103.6015625,103.6015625,103.6015625,2.0
2025-03-04 05:46:00+00:00,103.59765625,103.59765625,103.59765625,103.59765625,44.0
2025-03-04 05:47:00+00:00,103.6015625,103.6015625,103.6015625,103.6015625,146.0
2025-03-04 05:48:00+00:00,103.59765625,103.6015625,103.59765625,103.6015625,7.0
2025-03-04 05:49:00+00:00,103.6015625,103.6015625,103.6015625,103.6015625,30.0
2025-03-04 05:50:00+00:00,103.59765625,103.59765625,103.59765625,103.59765625,101.0
2025-03-04 05:53:00+00:00,103.59375,103.59375,103.59375,103.59375,5.0
2025-03-04 05:54:00+00:00,103.59375,103.59375,103.59375,103.59375,1.0
2025-03-04 05:57:00+00:00,103.5859375,103.59765625,103.5859375,103.59765625,1245.0
2025-03-04 05:58:00+00:00,103.58203125,103.5859375,103.58203125,103.5859375,260.0
2025-03-04 06:00:00+00:00,103.58203125,103.58203125,103.58203125,103.58203125,263.0
2025-03-04 06:01:00+00:00,103.5859375,103.5859375,103.5859375,103.5859375,6.0
2025-03-04 06:02:00+00:00,103.5859375,103.5859375,103.5859375,103.5859375,10.0
2025-03-04 06:03:00+00:00,103.5859375,103.5859375,103.5859375,103.5859375,1.0
2025-03-04 06:04:00+00:00,103.5859375,103.5859375,103.5859375,103.5859375,60.0
2025-03-04 06:06:00+00:00,103.58203125,103.58203125,103.58203125,103.58203125,51.0
2025-03-04 06:07:00+00:00,103.58203125,103.5859375,103.58203125,103.58203125,187.0
2025-03-04 06:08:00+00:00,103.578125,103.578125,103.578125,103.578125,695.0
2025-03-04 06:09:00+00:00,103.578125,103.578125,103.578125,103.578125,19.0
2025-03-04 06:12:00+00:00,103.58203125,103.58203125,103.578125,103.578125,2.0
2025-03-04 06:13:00+00:00,103.578125,103.578125,103.578125,103.578125,74.0
2025-03-04 06:14:00+00:00,103.578125,103.58203125,103.578125,103.58203125,25.0
2025-03-04 06:15:00+00:00,103.578125,103.578125,103.578125,103.578125,406.0
2025-03-04 06:16:00+00:00,103.578125,103.578125,103.578125,103.578125,24.0
2025-03-04 06:17:00+00:00,103.578125,103.578125,103.57421875,103.57421875,159.0
2025-03-04 06:18:00+00:00,103.57421875,103.57421875,103.57421875,103.57421875,225.0
2025-03-04 06:19:00+00:00,103.57421875,103.57421875,103.57421875,103.57421875,1.0
2025-03-04 06:21:00+00:00,103.5703125,103.5703125,103.5703125,103.5703125,53.0
2025-03-04 06:22:00+00:00,103.5703125,103.5703125,103.30078125,103.30078125,5.0
2025-03-04 06:23:00+00:00,103.5703125,103.5703125,103.5703125,103.5703125,269.0
2025-03-04 06:24:00+00:00,103.5703125,103.5703125,103.5703125,103.5703125,679.0
2025-03-04 06:25:00+00:00,103.5703125,103.5703125,103.5703125,103.5703125,141.0
2025-03-04 06:26:00+00:00,103.5703125,103.5703125,103.5703125,103.5703125,11.0
2025-03-04 06:27:00+00:00,103.56640625,103.56640625,103.56640625,103.56640625,243.0
2025-03-04 06:28:00+00:00,103.5703125,103.5703125,103.30859375,103.56640625,354.0
2025-03-04 06:29:00+00:00,103.2890625,103.5703125,103.2890625,103.5703125,330.0
2025-03-04 06:30:00+00:00,103.5703125,103.5703125,103.5703125,103.5703125,48.0
2025-03-04 06:31:00+00:00,103.5703125,103.5703125,103.56640625,103.56640625,1402.0
2025-03-04 06:32:00+00:00,103.5703125,103.5703125,103.56640625,103.5703125,108.0
2025-03-04 06:33:00+00:00,103.5703125,103.5703125,103.5703125,103.5703125,6.0
2025-03-04 06:34:00+00:00,103.5703125,103.57421875,103.5703125,103.5703125,23.0
2025-03-04 06:35:00+00:00,103.5703125,103.57421875,103.5703125,103.5703125,53.0
2025-03-04 06:36:00+00:00,103.57421875,103.57421875,103.57421875,103.57421875,13.0
2025-03-04 06:37:00+00:00,103.57421875,103.57421875,103.5703125,103.5703125,398.0
2025-03-04 06:38:00+00:00,103.57421875,103.57421875,103.57421875,103.57421875,451.0
2025-03-04 06:39:00+00:00,103.57421875,103.57421875,103.57421875,103.57421875,106.0
2025-03-04 06:40:00+00:00,103.5703125,103.57421875,103.5703125,103.57421875,201.0
2025-03-04 06:43:00+00:00,103.578125,103.578125,103.578125,103.578125,350.0
2025-03-04 06:44:00+00:00,103.578125,103.578125,103.578125,103.578125,122.0
2025-03-04 06:45:00+00:00,103.578125,103.578125,103.578125,103.578125,390.0
2025-03-04 06:46:00+00:00,103.578125,103.578125,103.578125,103.578125,225.0
2025-03-04 06:47:00+00:00,103.57421875,103.57421875,103.57421875,103.57421875,5.0
2025-03-04 06:49:00+00:00,103.578125,103.578125,103.578125,103.578125,11.0
2025-03-04 06:50:00+00:00,103.57421875,103.57421875,103.57421875,103.57421875,242.0
2025-03-04 06:51:00+00:00,103.578125,103.578125,103.578125,103.578125,13.0
2025-03-04 06:52:00+00:00,103.57421875,103.57421875,103.57421875,103.57421875,266.0
2025-03-04 06:53:00+00:00,103.57421875,103.57421875,103.57421875,103.57421875,55.0
2025-03-04 06:54:00+00:00,103.57421875,103.57421875,103.57421875,103.57421875,105.0
2025-03-04 06:55:00+00:00,103.57421875,103.57421875,103.57421875,103.57421875,337.0
2025-03-04 06:57:00+00:00,103.5703125,103.57421875,103.5703125,103.57421875,78.0
2025-03-04 06:58:00+00:00,103.5703125,103.5703125,103.5703125,103.5703125,448.0
2025-03-04 07:00:00+00:00,103.58203125,103.58203125,103.57421875,103.57421875,227.0
2025-03-04 07:01:00+00:00,103.58203125,103.5859375,103.58203125,103.58203125,204.0
2025-03-04 07:02:00+00:00,103.5859375,103.5859375,103.58203125,103.58203125,25.0
2025-03-04 07:03:00+00:00,103.58984375,103.58984375,103.5859375,103.5859375,178.0
2025-03-04 07:04:00+00:00,103.59375,103.59765625,103.59375,103.59375,492.0
2025-03-04 07:05:00+00:00,103.59765625,103.59765625,103.59375,103.59375,455.0
2025-03-04 07:06:00+00:00,103.6015625,103.6015625,103.59765625,103.59765625,43.0
2025-03-04 07:07:00+00:00,103.60546875,103.60546875,103.6015625,103.6015625,482.0
2025-03-04 07:08:00+00:00,103.60546875,103.609375,103.60546875,103.60546875,444.0
2025-03-04 07:09:00+00:00,103.609375,103.609375,103.60546875,103.60546875,235.0
2025-03-04 07:10:00+00:00,103.609375,103.609375,103.609375,103.609375,562.0
2025-03-04 07:11:00+00:00,103.60546875,103.609375,103.60546875,103.60546875,553.0
2025-03-04 07:12:00+00:00,103.60546875,103.60546875,103.60546875,103.60546875,154.0
2025-03-04 07:13:00+00:00,103.60546875,103.60546875,103.60546875,103.60546875,2.0
2025-03-04 07:15:00+00:00,103.60546875,103.609375,103.60546875,103.609375,423.0
2025-03-04 07:16:00+00:00,103.60546875,103.609375,103.60546875,103.609375,180.0
2025-03-04 07:17:00+00:00,103.6015625,103.60546875,103.6015625,103.60546875,691.0
2025-03-04 07:18:00+00:00,103.6015625,103.6015625,103.59765625,103.59765625,347.0
2025-03-04 07:19:00+00:00,103.6015625,103.6015625,103.6015625,103.6015625,124.0
2025-03-04 07:20:00+00:00,103.59765625,103.6015625,103.59765625,103.6015625,193.0
2025-03-04 07:21:00+00:00,103.60546875,103.60546875,103.6015625,103.6015625,179.0
2025-03-04 07:22:00+00:00,103.61328125,103.61328125,103.60546875,103.60546875,580.0
2025-03-04 07:23:00+00:00,103.609375,103.609375,103.609375,103.609375,32.0
2025-03-04 07:24:00+00:00,103.61328125,103.61328125,103.61328125,103.61328125,210.0
2025-03-04 07:25:00+00:00,103.6171875,103.6171875,103.6171875,103.6171875,60.0
2025-03-04 07:26:00+00:00,103.6171875,103.6171875,103.6171875,103.6171875,107.0
2025-03-04 07:27:00+00:00,103.61328125,103.6171875,103.61328125,103.6171875,435.0
2025-03-04 07:28:00+00:00,103.62109375,103.62109375,103.6171875,103.6171875,421.0
2025-03-04 07:29:00+00:00,103.62109375,103.62109375,103.62109375,103.62109375,258.0
2025-03-04 07:30:00+00:00,103.62109375,103.62109375,103.6171875,103.6171875,261.0
2025-03-04 07:31:00+00:00,103.62109375,103.62109375,103.6171875,103.62109375,839.0
2025-03-04 07:32:00+00:00,103.62109375,103.62109375,103.6171875,103.6171875,452.0
2025-03-04 07:33:00+00:00,103.59375,103.6171875,103.58984375,103.6171875,8279.0
2025-03-04 07:34:00+00:00,103.59375,103.59375,103.59375,103.59375,1081.0
2025-03-04 07:35:00+00:00,103.56640625,103.59375,103.56640625,103.59375,8300.0
2025-03-04 07:36:00+00:00,103.56640625,103.5703125,103.56640625,103.5703125,1548.0
2025-03-04 07:37:00+00:00,103.56640625,103.5703125,103.5625,103.5703125,424.0
2025-03-04 07:38:00+00:00,103.56640625,103.5703125,103.56640625,103.56640625,405.0
2025-03-04 07:39:00+00:00,103.56640625,103.57421875,103.56640625,103.5703125,1601.0
2025-03-04 07:40:00+00:00,103.55078125,103.56640625,103.296875,103.5625,2765.0
2025-03-04 07:41:00+00:00,103.55859375,103.55859375,103.546875,103.5546875,1221.0
2025-03-04 07:42:00+00:00,103.55859375,103.55859375,103.5546875,103.5546875,493.0
2025-03-04 07:43:00+00:00,103.55859375,103.5625,103.55859375,103.5625,637.0
2025-03-04 07:44:00+00:00,103.5625,103.56640625,103.55859375,103.55859375,608.0
2025-03-04 07:45:00+00:00,103.56640625,103.56640625,103.55859375,103.5625,2021.0
2025-03-04 07:46:00+00:00,103.5703125,103.5703125,103.56640625,103.56640625,225.0
2025-03-04 07:47:00+00:00,103.57421875,103.57421875,103.5703125,103.5703125,578.0
2025-03-04 07:48:00+00:00,103.57421875,103.578125,103.57421875,103.57421875,513.0
2025-03-04 07:49:00+00:00,103.578125,103.578125,103.57421875,103.578125,685.0
2025-03-04 07:50:00+00:00,103.578125,103.578125,103.578125,103.578125,408.0
2025-03-04 07:51:00+00:00,103.57421875,103.578125,103.57421875,103.578125,138.0
2025-03-04 07:52:00+00:00,103.578125,103.578125,103.578125,103.578125,62.0
2025-03-04 07:53:00+00:00,103.578125,103.58203125,103.578125,103.58203125,617.0
2025-03-04 07:54:00+00:00,103.578125,103.578125,103.578125,103.578125,237.0
2025-03-04 07:55:00+00:00,103.58203125,103.58203125,103.578125,103.58203125,769.0
2025-03-04 07:56:00+00:00,103.578125,103.58203125,103.578125,103.578125,923.0
2025-03-04 07:57:00+00:00,103.57421875,103.578125,103.5703125,103.578125,552.0
2025-03-04 07:58:00+00:00,103.57421875,103.57421875,103.57421875,103.57421875,157.0
2025-03-04 07:59:00+00:00,103.5703125,103.57421875,103.5703125,103.57421875,508.0
2025-03-04 08:00:00+00:00,103.5703125,103.57421875,103.56640625,103.56640625,2021.0
2025-03-04 08:01:00+00:00,103.578125,103.58203125,103.57421875,103.57421875,577.0
2025-03-04 08:02:00+00:00,103.5859375,103.5859375,103.58203125,103.58203125,461.0
2025-03-04 08:03:00+00:00,103.59375,103.59375,103.5859375,103.5859375,500.0
2025-03-04 08:04:00+00:00,103.58984375,103.58984375,103.5859375,103.58984375,442.0
2025-03-04 08:05:00+00:00,103.5859375,103.59375,103.5859375,103.58984375,871.0
2025-03-04 08:06:00+00:00,103.59375,103.59765625,103.58203125,103.5859375,1354.0
2025-03-04 08:07:00+00:00,103.59765625,103.59765625,103.59375,103.59375,426.0
2025-03-04 08:08:00+00:00,103.6015625,103.6015625,103.59375,103.59765625,444.0
2025-03-04 08:09:00+00:00,103.6015625,103.60546875,103.59765625,103.6015625,477.0
2025-03-04 08:10:00+00:00,103.60546875,103.60546875,103.6015625,103.6015625,920.0
2025-03-04 08:11:00+00:00,103.6015625,103.609375,103.6015625,103.60546875,1331.0
2025-03-04 08:12:00+00:00,103.60546875,103.60546875,103.6015625,103.6015625,75.0
2025-03-04 08:13:00+00:00,103.6015625,103.60546875,103.6015625,103.60546875,927.0
2025-03-04 08:14:00+00:00,103.59765625,103.6015625,103.59765625,103.6015625,432.0
2025-03-04 08:15:00+00:00,103.59765625,103.6015625,103.59765625,103.59765625,185.0
2025-03-04 08:16:00+00:00,103.59375,103.59765625,103.59375,103.59765625,161.0
2025-03-04 08:17:00+00:00,103.59375,103.59375,103.59375,103.59375,51.0
2025-03-04 08:18:00+00:00,103.59375,103.59375,103.58984375,103.58984375,5.0
2025-03-04 08:19:00+00:00,103.59765625,103.59765625,103.59375,103.59375,520.0
2025-03-04 08:20:00+00:00,103.59765625,103.59765625,103.59765625,103.59765625,265.0
2025-03-04 08:21:00+00:00,103.59375,103.59765625,103.59375,103.59765625,41.0
2025-03-04 08:22:00+00:00,103.58984375,103.59375,103.58984375,103.59375,76.0
2025-03-04 08:23:00+00:00,103.5859375,103.58984375,103.5859375,103.58984375,316.0
2025-03-04 08:24:00+00:00,103.5859375,103.5859375,103.5859375,103.5859375,935.0
2025-03-04 08:25:00+00:00,103.5859375,103.59375,103.5859375,103.58984375,634.0
2025-03-04 08:26:00+00:00,103.58984375,103.59375,103.58984375,103.58984375,250.0
2025-03-04 08:27:00+00:00,103.58984375,103.58984375,103.58203125,103.5859375,313.0
2025-03-04 08:28:00+00:00,103.59375,103.59375,103.58984375,103.58984375,352.0
2025-03-04 08:29:00+00:00,103.59765625,103.6015625,103.59375,103.59765625,908.0
2025-03-04 08:30:00+00:00,103.5859375,103.59375,103.5859375,103.59375,483.0
2025-03-04 08:31:00+00:00,103.57421875,103.58203125,103.57421875,103.58203125,1675.0
2025-03-04 08:32:00+00:00,103.578125,103.578125,103.56640625,103.5703125,1412.0
2025-03-04 08:33:00+00:00,103.58203125,103.58203125,103.578125,103.578125,246.0
2025-03-04 08:34:00+00:00,103.57421875,103.5859375,103.57421875,103.5859375,391.0
2025-03-04 08:35:00+00:00,103.578125,103.578125,103.57421875,103.578125,662.0
2025-03-04 08:36:00+00:00,103.5703125,103.578125,103.56640625,103.578125,417.0
2025-03-04 08:37:00+00:00,103.5703125,103.57421875,103.56640625,103.5703125,2775.0
2025-03-04 08:38:00+00:00,103.56640625,103.5703125,103.56640625,103.5703125,229.0
2025-03-04 08:39:00+00:00,103.57421875,103.57421875,103.56640625,103.5703125,500.0
2025-03-04 08:40:00+00:00,103.5859375,103.5859375,103.57421875,103.57421875,855.0
2025-03-04 08:41:00+00:00,103.58203125,103.58984375,103.58203125,103.5859375,693.0
2025-03-04 08:42:00+00:00,103.58984375,103.59375,103.58203125,103.58203125,294.0
2025-03-04 08:43:00+00:00,103.58203125,103.59375,103.58203125,103.58984375,561.0
2025-03-04 08:44:00+00:00,103.57421875,103.5859375,103.57421875,103.58203125,4298.0
2025-03-04 08:45:00+00:00,103.578125,103.578125,103.5703125,103.57421875,1467.0
2025-03-04 08:46:00+00:00,103.5703125,103.578125,103.5703125,103.578125,2295.0
2025-03-04 08:47:00+00:00,103.5703125,103.58203125,103.5703125,103.57421875,4156.0
2025-03-04 08:48:00+00:00,103.57421875,103.578125,103.5703125,103.5703125,620.0
2025-03-04 08:49:00+00:00,103.578125,103.578125,103.57421875,103.57421875,266.0
2025-03-04 08:50:00+00:00,103.5859375,103.58984375,103.58203125,103.58203125,680.0
2025-03-04 08:51:00+00:00,103.59375,103.59375,103.58984375,103.58984375,634.0
2025-03-04 08:52:00+00:00,103.58984375,103.58984375,103.58984375,103.58984375,203.0
2025-03-04 08:53:00+00:00,103.59375,103.59375,103.58984375,103.58984375,1000.0
2025-03-04 08:54:00+00:00,103.59765625,103.6015625,103.59375,103.59375,1503.0
2025-03-04 08:55:00+00:00,103.59765625,103.6015625,103.59375,103.6015625,484.0
2025-03-04 08:56:00+00:00,103.59765625,103.6015625,103.59375,103.59375,323.0
2025-03-04 08:57:00+00:00,103.59765625,103.6015625,103.59765625,103.6015625,336.0
2025-03-04 08:58:00+00:00,103.6015625,103.6015625,103.6015625,103.6015625,466.0
2025-03-04 08:59:00+00:00,103.60546875,103.60546875,103.6015625,103.6015625,137.0
2025-03-04 09:00:00+00:00,103.60546875,103.60546875,103.60546875,103.60546875,504.0
2025-03-04 09:01:00+00:00,103.609375,103.609375,103.60546875,103.60546875,566.0
2025-03-04 09:02:00+00:00,103.60546875,103.609375,103.6015625,103.609375,250.0
2025-03-04 09:03:00+00:00,103.60546875,103.60546875,103.6015625,103.6015625,212.0
2025-03-04 09:04:00+00:00,103.6015625,103.6015625,103.6015625,103.6015625,899.0
2025-03-04 09:05:00+00:00,103.60546875,103.609375,103.60546875,103.60546875,304.0
2025-03-04 09:06:00+00:00,103.60546875,103.60546875,103.6015625,103.6015625,476.0
2025-03-04 09:07:00+00:00,103.59765625,103.60546875,103.59765625,103.60546875,816.0
2025-03-04 09:08:00+00:00,103.6015625,103.6015625,103.59765625,103.59765625,819.0
2025-03-04 09:09:00+00:00,103.59765625,103.60546875,103.59765625,103.6015625,1433.0
2025-03-04 09:10:00+00:00,103.59765625,103.6015625,103.59765625,103.59765625,157.0
2025-03-04 09:11:00+00:00,103.59765625,103.6015625,103.59765625,103.59765625,758.0
2025-03-04 09:12:00+00:00,103.6015625,103.6015625,103.59375,103.59765625,1095.0
2025-03-04 09:13:00+00:00,103.59765625,103.60546875,103.59765625,103.6015625,906.0
2025-03-04 09:14:00+00:00,103.59375,103.6015625,103.59375,103.6015625,722.0
2025-03-04 09:15:00+00:00,103.58984375,103.59765625,103.58984375,103.59765625,668.0
2025-03-04 09:16:00+00:00,103.59765625,103.59765625,103.58984375,103.58984375,801.0
2025-03-04 09:17:00+00:00,103.6015625,103.60546875,103.59765625,103.6015625,2245.0
2025-03-04 09:18:00+00:00,103.59765625,103.6015625,103.59765625,103.6015625,210.0
2025-03-04 09:19:00+00:00,103.6015625,103.6015625,103.59765625,103.59765625,503.0
2025-03-04 09:20:00+00:00,103.6015625,103.6015625,103.6015625,103.6015625,4.0
2025-03-04 09:21:00+00:00,103.60546875,103.60546875,103.6015625,103.6015625,980.0
2025-03-04 09:22:00+00:00,103.61328125,103.61328125,103.60546875,103.60546875,928.0
2025-03-04 09:23:00+00:00,103.61328125,103.61328125,103.61328125,103.61328125,240.0
2025-03-04 09:25:00+00:00,103.61328125,103.61328125,103.61328125,103.61328125,302.0
2025-03-04 09:26:00+00:00,103.609375,103.61328125,103.609375,103.61328125,37.0
2025-03-04 09:27:00+00:00,103.61328125,103.61328125,103.609375,103.609375,115.0
2025-03-04 09:28:00+00:00,103.62109375,103.62109375,103.61328125,103.61328125,2049.0
2025-03-04 09:29:00+00:00,103.62890625,103.62890625,103.6171875,103.6171875,7289.0
2025-03-04 09:30:00+00:00,103.6328125,103.6328125,103.6328125,103.6328125,1106.0
2025-03-04 09:31:00+00:00,103.62890625,103.6328125,103.62890625,103.6328125,516.0
2025-03-04 09:32:00+00:00,103.6328125,103.6328125,103.62890625,103.62890625,890.0
2025-03-04 09:33:00+00:00,103.62890625,103.62890625,103.62890625,103.62890625,425.0
2025-03-04 09:34:00+00:00,103.62890625,103.62890625,103.62890625,103.62890625,334.0
2025-03-04 09:35:00+00:00,103.6328125,103.6328125,103.6328125,103.6328125,498.0
2025-03-04 09:36:00+00:00,103.6328125,103.6328125,103.6328125,103.6328125,325.0
2025-03-04 09:37:00+00:00,103.6328125,103.6328125,103.6328125,103.6328125,133.0
2025-03-04 09:38:00+00:00,103.62890625,103.6328125,103.62890625,103.6328125,1473.0
2025-03-04 09:39:00+00:00,103.62890625,103.62890625,103.625,103.62890625,766.0
2025-03-04 09:40:00+00:00,103.6328125,103.6328125,103.62890625,103.62890625,479.0
2025-03-04 09:41:00+00:00,103.6328125,103.6328125,103.62890625,103.62890625,822.0
2025-03-04 09:42:00+00:00,103.6171875,103.62890625,103.6171875,103.62890625,1245.0
2025-03-04 09:43:00+00:00,103.62109375,103.62109375,103.62109375,103.62109375,403.0
2025-03-04 09:44:00+00:00,103.6171875,103.6171875,103.6171875,103.6171875,183.0
2025-03-04 09:45:00+00:00,103.61328125,103.61328125,103.61328125,103.61328125,814.0
2025-03-04 09:46:00+00:00,103.61328125,103.6171875,103.61328125,103.6171875,372.0
2025-03-04 09:47:00+00:00,103.62109375,103.62109375,103.6171875,103.6171875,193.0
2025-03-04 09:48:00+00:00,103.61328125,103.6171875,103.61328125,103.6171875,76.0
2025-03-04 09:49:00+00:00,103.6171875,103.6171875,103.6171875,103.6171875,223.0
2025-03-04 09:50:00+00:00,103.6171875,103.6171875,103.6171875,103.6171875,321.0
2025-03-04 09:51:00+00:00,103.62109375,103.62109375,103.6171875,103.6171875,184.0
2025-03-04 09:52:00+00:00,103.6171875,103.6171875,103.6171875,103.6171875,161.0
2025-03-04 09:53:00+00:00,103.61328125,103.6171875,103.61328125,103.6171875,116.0
2025-03-04 09:54:00+00:00,103.6171875,103.6171875,103.6171875,103.6171875,74.0
2025-03-04 09:55:00+00:00,103.6171875,103.6171875,103.328125,103.61328125,282.0
2025-03-04 09:58:00+00:00,103.6171875,103.6171875,103.61328125,103.61328125,62.0
2025-03-04 09:59:00+00:00,103.6171875,103.6171875,103.61328125,103.61328125,684.0
2025-03-04 10:00:00+00:00,103.6171875,103.6171875,103.6171875,103.6171875,235.0
2025-03-04 10:01:00+00:00,103.6171875,103.62109375,103.6171875,103.62109375,600.0
2025-03-04 10:02:00+00:00,103.62109375,103.62109375,103.6171875,103.6171875,44.0
2025-03-04 10:03:00+00:00,103.62109375,103.625,103.62109375,103.625,296.0
2025-03-04 10:04:00+00:00,103.61328125,103.6171875,103.61328125,103.6171875,485.0
2025-03-04 10:05:00+00:00,103.609375,103.61328125,103.609375,103.61328125,1302.0
2025-03-04 10:06:00+00:00,103.61328125,103.61328125,103.609375,103.609375,405.0
2025-03-04 10:07:00+00:00,103.6171875,103.6171875,103.61328125,103.61328125,165.0
2025-03-04 10:08:00+00:00,103.61328125,103.6171875,103.609375,103.61328125,1028.0
2025-03-04 10:09:00+00:00,103.6171875,103.62109375,103.61328125,103.61328125,455.0
2025-03-04 10:10:00+00:00,103.61328125,103.61328125,103.61328125,103.61328125,66.0
2025-03-04 10:11:00+00:00,103.6171875,103.6171875,103.61328125,103.61328125,241.0
2025-03-04 10:12:00+00:00,103.61328125,103.6171875,103.61328125,103.61328125,202.0
2025-03-04 10:13:00+00:00,103.61328125,103.6171875,103.61328125,103.61328125,721.0
2025-03-04 10:14:00+00:00,103.62109375,103.62109375,103.61328125,103.61328125,921.0
2025-03-04 10:15:00+00:00,103.61328125,103.62109375,103.61328125,103.62109375,397.0
2025-03-04 10:16:00+00:00,103.61328125,103.6171875,103.61328125,103.6171875,113.0
2025-03-04 10:17:00+00:00,103.61328125,103.61328125,103.61328125,103.61328125,25.0
2025-03-04 10:18:00+00:00,103.6171875,103.6171875,103.6171875,103.6171875,96.0
2025-03-04 10:19:00+00:00,103.61328125,103.6171875,103.61328125,103.61328125,183.0
2025-03-04 10:20:00+00:00,103.6171875,103.6171875,103.61328125,103.61328125,476.0
2025-03-04 10:21:00+00:00,103.6171875,103.62109375,103.6171875,103.6171875,12.0
2025-03-04 10:22:00+00:00,103.61328125,103.6171875,103.61328125,103.6171875,254.0
2025-03-04 10:23:00+00:00,103.61328125,103.6171875,103.61328125,103.61328125,715.0
2025-03-04 10:24:00+00:00,103.62109375,103.62109375,103.6171875,103.6171875,105.0
2025-03-04 10:25:00+00:00,103.62109375,103.62109375,103.6171875,103.6171875,317.0
2025-03-04 10:26:00+00:00,103.62109375,103.625,103.62109375,103.62109375,1105.0
2025-03-04 10:27:00+00:00,103.625,103.625,103.62109375,103.62109375,420.0
2025-03-04 10:29:00+00:00,103.62109375,103.625,103.62109375,103.62109375,384.0
2025-03-04 10:30:00+00:00,103.6171875,103.6171875,103.6171875,103.6171875,429.0
2025-03-04 10:31:00+00:00,103.62109375,103.62109375,103.6171875,103.6171875,1781.0
2025-03-04 10:33:00+00:00,103.62109375,103.62109375,103.62109375,103.62109375,74.0
2025-03-04 10:34:00+00:00,103.62109375,103.625,103.6171875,103.62109375,146.0
2025-03-04 10:35:00+00:00,103.62109375,103.62109375,103.62109375,103.62109375,25.0
2025-03-04 10:36:00+00:00,103.6171875,103.6171875,103.6171875,103.6171875,355.0
2025-03-04 10:38:00+00:00,103.6171875,103.62109375,103.6171875,103.6171875,379.0
2025-03-04 10:39:00+00:00,103.6171875,103.6171875,103.6171875,103.6171875,290.0
2025-03-04 10:40:00+00:00,103.62109375,103.62109375,103.6171875,103.6171875,210.0
2025-03-04 10:41:00+00:00,103.6171875,103.6171875,103.6171875,103.6171875,291.0
2025-03-04 10:42:00+00:00,103.6171875,103.6171875,103.6171875,103.6171875,162.0
2025-03-04 10:43:00+00:00,103.625,103.625,103.6171875,103.6171875,148.0
2025-03-04 10:44:00+00:00,103.62109375,103.62109375,103.62109375,103.62109375,100.0
2025-03-04 10:47:00+00:00,103.61328125,103.6171875,103.61328125,103.6171875,376.0
2025-03-04 10:48:00+00:00,103.6171875,103.6171875,103.61328125,103.61328125,123.0
2025-03-04 10:49:00+00:00,103.61328125,103.6171875,103.61328125,103.6171875,172.0
2025-03-04 10:50:00+00:00,103.61328125,103.61328125,103.61328125,103.61328125,1141.0
2025-03-04 10:51:00+00:00,103.61328125,103.61328125,103.609375,103.609375,144.0
2025-03-04 10:52:00+00:00,103.61328125,103.61328125,103.61328125,103.61328125,141.0
2025-03-04 10:53:00+00:00,103.609375,103.61328125,103.609375,103.61328125,618.0
2025-03-04 10:54:00+00:00,103.609375,103.61328125,103.609375,103.609375,618.0
2025-03-04 10:55:00+00:00,103.61328125,103.61328125,103.609375,103.61328125,2175.0
2025-03-04 10:57:00+00:00,103.6171875,103.6171875,103.609375,103.609375,849.0
2025-03-04 10:58:00+00:00,103.62109375,103.62109375,103.6171875,103.6171875,246.0
2025-03-04 10:59:00+00:00,103.62109375,103.62109375,103.6171875,103.6171875,464.0
2025-03-04 11:00:00+00:00,103.62109375,103.62109375,103.62109375,103.62109375,342.0
2025-03-04 11:01:00+00:00,103.62109375,103.62109375,103.62109375,103.62109375,169.0
2025-03-04 11:02:00+00:00,103.6171875,103.62109375,103.6171875,103.62109375,481.0
2025-03-04 11:03:00+00:00,103.62109375,103.62109375,103.6171875,103.6171875,160.0
2025-03-04 11:04:00+00:00,103.625,103.625,103.6171875,103.6171875,434.0
2025-03-04 11:05:00+00:00,103.62109375,103.625,103.6171875,103.62109375,418.0
2025-03-04 11:06:00+00:00,103.62109375,103.62109375,103.6171875,103.6171875,426.0
2025-03-04 11:07:00+00:00,103.62109375,103.62109375,103.62109375,103.62109375,60.0
2025-03-04 11:08:00+00:00,103.6171875,103.6171875,103.61699676513672,103.6171875,566.0
2025-03-04 11:09:00+00:00,103.6171875,103.6171875,103.6171875,103.6171875,31.0
2025-03-04 11:10:00+00:00,103.6171875,103.6171875,103.6171875,103.6171875,168.0
2025-03-04 11:11:00+00:00,103.6171875,103.62109375,103.6171875,103.62109375,21.0
2025-03-04 11:12:00+00:00,103.6171875,103.6171875,103.6171875,103.6171875,95.0
2025-03-04 11:13:00+00:00,103.6171875,103.6171875,103.61328125,103.6171875,1458.0
2025-03-04 11:14:00+00:00,103.62109375,103.62109375,103.6171875,103.6171875,226.0
2025-03-04 11:15:00+00:00,103.62890625,103.62890625,103.625,103.625,970.0
2025-03-04 11:16:00+00:00,103.62890625,103.62890625,103.62890625,103.62890625,426.0
2025-03-04 11:17:00+00:00,103.625,103.625,103.625,103.625,87.0
2025-03-04 11:18:00+00:00,103.62109375,103.625,103.62109375,103.625,322.0
2025-03-04 11:19:00+00:00,103.6171875,103.62109375,103.6171875,103.62109375,531.0
2025-03-04 11:20:00+00:00,103.62109375,103.62109375,103.6171875,103.6171875,554.0
2025-03-04 11:21:00+00:00,103.62109375,103.62109375,103.62109375,103.62109375,705.0
2025-03-04 11:22:00+00:00,103.6171875,103.62109375,103.6171875,103.62109375,318.0
2025-03-04 11:23:00+00:00,103.6171875,103.6171875,103.6171875,103.6171875,58.0
2025-03-04 11:25:00+00:00,103.6171875,103.6171875,103.6171875,103.6171875,106.0
2025-03-04 11:26:00+00:00,103.62109375,103.62109375,103.62109375,103.62109375,679.0
2025-03-04 11:27:00+00:00,103.6171875,103.62109375,103.6171875,103.62109375,395.0
2025-03-04 11:28:00+00:00,103.609375,103.61328125,103.609375,103.61328125,270.0
2025-03-04 11:29:00+00:00,103.61328125,103.61328125,103.609375,103.609375,695.0
2025-03-04 11:30:00+00:00,103.61328125,103.61328125,103.61328125,103.61328125,44.0
2025-03-04 11:32:00+00:00,103.61328125,103.61328125,103.609375,103.609375,417.0
2025-03-04 11:33:00+00:00,103.61328125,103.61328125,103.61328125,103.61328125,287.0
2025-03-04 11:34:00+00:00,103.61328125,103.61328125,103.61328125,103.61328125,170.0
2025-03-04 11:35:00+00:00,103.6171875,103.6171875,103.6171875,103.6171875,854.0
2025-03-04 11:36:00+00:00,103.62109375,103.62109375,103.6171875,103.6171875,979.0
2025-03-04 11:37:00+00:00,103.62109375,103.62109375,103.62109375,103.62109375,385.0
2025-03-04 11:38:00+00:00,103.61328125,103.62109375,103.35546875,103.62109375,277.0
2025-03-04 11:39:00+00:00,103.61328125,103.61328125,103.609375,103.61328125,242.0
2025-03-04 11:40:00+00:00,103.609375,103.609375,103.609375,103.609375,366.0
2025-03-04 11:41:00+00:00,103.609375,103.609375,103.60546875,103.609375,3081.0
2025-03-04 11:42:00+00:00,103.609375,103.609375,103.609375,103.609375,1160.0
2025-03-04 11:43:00+00:00,103.60546875,103.609375,103.60546875,103.609375,144.0
2025-03-04 11:44:00+00:00,103.609375,103.609375,103.60546875,103.60546875,327.0
2025-03-04 11:46:00+00:00,103.60546875,103.61328125,103.60546875,103.61328125,282.0
2025-03-04 11:47:00+00:00,103.60546875,103.609375,103.60546875,103.60546875,1575.0
2025-03-04 11:48:00+00:00,103.60546875,103.60546875,103.60546875,103.60546875,29.0
2025-03-04 11:50:00+00:00,103.60546875,103.60546875,103.60546875,103.60546875,80.0
2025-03-04 11:51:00+00:00,103.609375,103.609375,103.609375,103.609375,4.0
2025-03-04 11:52:00+00:00,103.609375,103.609375,103.60546875,103.60546875,804.0
2025-03-04 11:53:00+00:00,103.61328125,103.61328125,103.609375,103.61328125,416.0
2025-03-04 11:54:00+00:00,103.6171875,103.6171875,103.6171875,103.6171875,14.0
2025-03-04 11:55:00+00:00,103.61328125,103.61328125,103.61328125,103.61328125,247.0
2025-03-04 11:56:00+00:00,103.6171875,103.6171875,103.61328125,103.61328125,452.0
2025-03-04 11:58:00+00:00,103.61328125,103.6171875,103.61328125,103.61328125,561.0
2025-03-04 11:59:00+00:00,103.6171875,103.6171875,103.61328125,103.61328125,524.0
2025-03-04 12:00:00+00:00,103.62109375,103.62890625,103.6171875,103.6171875,355.0
2025-03-04 12:01:00+00:00,103.62890625,103.62890625,103.62109375,103.62109375,351.0
2025-03-04 12:02:00+00:00,103.640625,103.640625,103.62890625,103.62890625,1789.0
2025-03-04 12:03:00+00:00,103.640625,103.640625,103.63671875,103.63671875,1552.0
2025-03-04 12:04:00+00:00,103.640625,103.6484375,103.375,103.63671875,2835.0
2025-03-04 12:05:00+00:00,103.64453125,103.64453125,103.64453125,103.64453125,74.0
2025-03-04 12:06:00+00:00,103.64453125,103.64453125,103.640625,103.64453125,376.0
2025-03-04 12:07:00+00:00,103.63671875,103.640625,103.63671875,103.640625,870.0
2025-03-04 12:08:00+00:00,103.6640625,103.6640625,103.63671875,103.63671875,2851.0
2025-03-04 12:09:00+00:00,103.6640625,103.6640625,103.66015625,103.6640625,2670.0
2025-03-04 12:10:00+00:00,103.6640625,103.6640625,103.65625,103.66015625,1349.0
2025-03-04 12:11:00+00:00,103.66015625,103.6640625,103.66015625,103.6640625,542.0
2025-03-04 12:12:00+00:00,103.65625,103.66015625,103.65625,103.66015625,1522.0
2025-03-04 12:13:00+00:00,103.66015625,103.66015625,103.65234375,103.65625,404.0
2025-03-04 12:14:00+00:00,103.66796875,103.671875,103.66015625,103.66015625,2340.0
2025-03-04 12:15:00+00:00,103.671875,103.67578125,103.66796875,103.66796875,2324.0
2025-03-04 12:16:00+00:00,103.671875,103.671875,103.671875,103.671875,1108.0
2025-03-04 12:17:00+00:00,103.6640625,103.66796875,103.6640625,103.66796875,707.0
2025-03-04 12:18:00+00:00,103.6640625,103.66796875,103.6640625,103.6640625,173.0
2025-03-04 12:19:00+00:00,103.6640625,103.6640625,103.6640625,103.6640625,12.0
2025-03-04 12:20:00+00:00,103.6640625,103.6640625,103.6640625,103.6640625,174.0
2025-03-04 12:21:00+00:00,103.66796875,103.66796875,103.66796875,103.66796875,798.0
2025-03-04 12:22:00+00:00,103.66796875,103.671875,103.66796875,103.66796875,517.0
2025-03-04 12:23:00+00:00,103.6796875,103.6796875,103.66796875,103.66796875,2231.0
2025-03-04 12:24:00+00:00,103.67578125,103.6796875,103.67578125,103.67578125,739.0
2025-03-04 12:25:00+00:00,103.67578125,103.6796875,103.67578125,103.6796875,362.0
2025-03-04 12:26:00+00:00,103.6796875,103.6796875,103.67578125,103.6796875,562.0
2025-03-04 12:27:00+00:00,103.68359375,103.6875,103.6796875,103.6796875,5207.0
2025-03-04 12:28:00+00:00,103.69140625,103.69140625,103.68359375,103.68359375,2378.0
2025-03-04 12:29:00+00:00,103.6953125,103.6953125,103.6875,103.69140625,1867.0
2025-03-04 12:30:00+00:00,103.69140625,103.6953125,103.69140625,103.6953125,578.0
2025-03-04 12:31:00+00:00,103.6875,103.69140625,103.68359375,103.69140625,440.0
2025-03-04 12:32:00+00:00,103.68359375,103.6875,103.6796875,103.6875,655.0
2025-03-04 12:33:00+00:00,103.67578125,103.68359375,103.67578125,103.68359375,1349.0
2025-03-04 12:34:00+00:00,103.67578125,103.6796875,103.67578125,103.67578125,870.0
2025-03-04 12:35:00+00:00,103.671875,103.6796875,103.671875,103.6796875,311.0
2025-03-04 12:36:00+00:00,103.671875,103.671875,103.66796875,103.671875,564.0
2025-03-04 12:37:00+00:00,103.671875,103.671875,103.6640625,103.66796875,1666.0
2025-03-04 12:38:00+00:00,103.671875,103.67578125,103.671875,103.671875,396.0
2025-03-04 12:39:00+00:00,103.67578125,103.67578125,103.67578125,103.67578125,13.0
2025-03-04 12:40:00+00:00,103.66015625,103.671875,103.66015625,103.671875,2044.0
2025-03-04 12:41:00+00:00,103.6640625,103.6640625,103.390625,103.66015625,1650.0
2025-03-04 12:42:00+00:00,103.66015625,103.6640625,103.66015625,103.6640625,2224.0
2025-03-04 12:43:00+00:00,103.6640625,103.6640625,103.66015625,103.6640625,1609.0
2025-03-04 12:44:00+00:00,103.66796875,103.66796875,103.6640625,103.66796875,705.0
2025-03-04 12:45:00+00:00,103.671875,103.67578125,103.66796875,103.66796875,1490.0
2025-03-04 12:46:00+00:00,103.671875,103.671875,103.66796875,103.671875,537.0
2025-03-04 12:47:00+00:00,103.6640625,103.671875,103.6640625,103.671875,2278.0
2025-03-04 12:48:00+00:00,103.65625,103.6640625,103.65625,103.6640625,807.0
2025-03-04 12:49:00+00:00,103.65625,103.65625,103.65234375,103.65625,1274.0
2025-03-04 12:50:00+00:00,103.6484375,103.65234375,103.64453125,103.65234375,1899.0
2025-03-04 12:51:00+00:00,103.6484375,103.6484375,103.6484375,103.6484375,102.0
2025-03-04 12:52:00+00:00,103.65234375,103.65234375,103.3828125,103.6484375,1624.0
2025-03-04 12:53:00+00:00,103.65625,103.65625,103.38671875,103.65234375,2499.0
2025-03-04 12:54:00+00:00,103.65625,103.65625,103.65234375,103.65234375,195.0
2025-03-04 12:55:00+00:00,103.65234375,103.65234375,103.65234375,103.65234375,334.0
2025-03-04 12:56:00+00:00,103.65625,103.65625,103.65234375,103.65234375,52.0
2025-03-04 12:57:00+00:00,103.65625,103.65625,103.65234375,103.65625,1392.0
2025-03-04 12:58:00+00:00,103.65625,103.65625,103.65625,103.65625,393.0
2025-03-04 12:59:00+00:00,103.65625,103.65625,103.65234375,103.65625,637.0
2025-03-04 13:00:00+00:00,103.64453125,103.66015625,103.64453125,103.65625,4218.0
2025-03-04 13:01:00+00:00,103.63671875,103.64453125,103.63671875,103.64453125,8399.0
2025-03-04 13:02:00+00:00,103.65234375,103.65234375,103.640625,103.640625,1612.0
2025-03-04 13:03:00+00:00,103.65234375,103.65625,103.65234375,103.65234375,1697.0
2025-03-04 13:04:00+00:00,103.65234375,103.65625,103.6484375,103.6484375,1045.0
2025-03-04 13:05:00+00:00,103.65234375,103.65625,103.65234375,103.65234375,94.0
2025-03-04 13:06:00+00:00,103.6484375,103.65234375,103.37890625,103.65234375,3381.0
2025-03-04 13:07:00+00:00,103.6484375,103.6484375,103.6484375,103.6484375,950.0
2025-03-04 13:08:00+00:00,103.6484375,103.6484375,103.64453125,103.64453125,1438.0
2025-03-04 13:09:00+00:00,103.64453125,103.6484375,103.640625,103.6484375,2758.0
2025-03-04 13:10:00+00:00,103.64453125,103.6484375,103.63671875,103.6484375,737.0
2025-03-04 13:11:00+00:00,103.640625,103.64453125,103.640625,103.64453125,590.0
2025-03-04 13:12:00+00:00,103.640625,103.640625,103.63671875,103.640625,285.0
2025-03-04 13:13:00+00:00,103.640625,103.640625,103.63671875,103.640625,1893.0
2025-03-04 13:14:00+00:00,103.63671875,103.640625,103.3671875,103.63671875,3587.0
2025-03-04 13:15:00+00:00,103.63671875,103.64453125,103.63671875,103.63671875,1463.0
2025-03-04 13:16:00+00:00,103.63671875,103.63671875,103.63671875,103.63671875,617.0
2025-03-04 13:17:00+00:00,103.640625,103.64453125,103.640625,103.640625,987.0
2025-03-04 13:18:00+00:00,103.6484375,103.6484375,103.64453125,103.64453125,1611.0
2025-03-04 13:19:00+00:00,103.6484375,103.6484375,103.64453125,103.6484375,1395.0
2025-03-04 13:20:00+00:00,103.6484375,103.65234375,103.64453125,103.6484375,3255.0
2025-03-04 13:21:00+00:00,103.64453125,103.6484375,103.64453125,103.6484375,1586.0
2025-03-04 13:22:00+00:00,103.64453125,103.6484375,103.64453125,103.64453125,352.0
2025-03-04 13:23:00+00:00,103.64453125,103.65234375,103.64453125,103.6484375,1539.0
2025-03-04 13:24:00+00:00,103.64453125,103.64453125,103.63671875,103.640625,948.0
2025-03-04 13:25:00+00:00,103.640625,103.64453125,103.63671875,103.640625,576.0
2025-03-04 13:26:00+00:00,103.640625,103.64453125,103.63671875,103.63671875,1003.0
2025-03-04 13:27:00+00:00,103.64453125,103.6484375,103.64453125,103.64453125,859.0
2025-03-04 13:28:00+00:00,103.640625,103.64453125,103.640625,103.64453125,1298.0
2025-03-04 13:29:00+00:00,103.6484375,103.6484375,103.640625,103.64453125,827.0
2025-03-04 13:30:00+00:00,103.6484375,103.65234375,103.64453125,103.6484375,1144.0
2025-03-04 13:31:00+00:00,103.64453125,103.6484375,103.64453125,103.64453125,1570.0
2025-03-04 13:32:00+00:00,103.65234375,103.65234375,103.6484375,103.6484375,2740.0
2025-03-04 13:33:00+00:00,103.65625,103.65625,103.640625,103.65234375,7990.0
2025-03-04 13:34:00+00:00,103.65234375,103.65625,103.6484375,103.65234375,1535.0
2025-03-04 13:35:00+00:00,103.65625,103.66015625,103.6484375,103.6484375,6448.0
2025-03-04 13:36:00+00:00,103.66796875,103.66796875,103.65234375,103.65625,6098.0
2025-03-04 13:37:00+00:00,103.66015625,103.66796875,103.65625,103.66796875,928.0
2025-03-04 13:38:00+00:00,103.6640625,103.66796875,103.66015625,103.66015625,2264.0
2025-03-04 13:39:00+00:00,103.66015625,103.66015625,103.66015625,103.66015625,856.0
2025-03-04 13:40:00+00:00,103.66015625,103.66015625,103.65625,103.66015625,832.0
2025-03-04 13:41:00+00:00,103.66015625,103.6640625,103.65625,103.65625,989.0
2025-03-04 13:42:00+00:00,103.66015625,103.66015625,103.65625,103.66015625,976.0
2025-03-04 13:43:00+00:00,103.66796875,103.66796875,103.66015625,103.66015625,1761.0
2025-03-04 13:44:00+00:00,103.671875,103.671875,103.66796875,103.66796875,1003.0
2025-03-04 13:45:00+00:00,103.6640625,103.671875,103.6640625,103.66796875,464.0
2025-03-04 13:46:00+00:00,103.671875,103.671875,103.66015625,103.66015625,1420.0
2025-03-04 13:47:00+00:00,103.66796875,103.671875,103.6640625,103.66796875,1328.0
2025-03-04 13:48:00+00:00,103.67578125,103.67578125,103.66796875,103.66796875,1052.0
2025-03-04 13:49:00+00:00,103.671875,103.67578125,103.66796875,103.67578125,1619.0
2025-03-04 13:50:00+00:00,103.6796875,103.6796875,103.671875,103.671875,706.0
2025-03-04 13:51:00+00:00,103.6796875,103.68359375,103.67578125,103.6796875,834.0
2025-03-04 13:52:00+00:00,103.6796875,103.68359375,103.6796875,103.6796875,1642.0
2025-03-04 13:53:00+00:00,103.6796875,103.68359375,103.671875,103.67578125,1751.0
2025-03-04 13:54:00+00:00,103.6796875,103.68359375,103.67578125,103.6796875,1033.0
2025-03-04 13:55:00+00:00,103.6796875,103.6875,103.41796875,103.68359375,2470.0
2025-03-04 13:56:00+00:00,103.6796875,103.68359375,103.6796875,103.6796875,1629.0
2025-03-04 13:57:00+00:00,103.68359375,103.6875,103.6796875,103.6796875,1249.0
2025-03-04 13:58:00+00:00,103.68359375,103.6875,103.6796875,103.68359375,2943.0
2025-03-04 13:59:00+00:00,103.6875,103.69140625,103.6796875,103.68359375,3850.0
2025-03-04 14:00:00+00:00,103.67578125,103.6875,103.67578125,103.6875,3769.0
2025-03-04 14:01:00+00:00,103.671875,103.6796875,103.65625,103.671875,8653.0
2025-03-04 14:02:00+00:00,103.671875,103.671875,103.66796875,103.671875,1549.0
2025-03-04 14:03:00+00:00,103.66796875,103.67578125,103.3984375,103.67578125,3697.0
2025-03-04 14:04:00+00:00,103.6796875,103.6796875,103.66796875,103.66796875,2493.0
2025-03-04 14:05:00+00:00,103.67578125,103.68359375,103.671875,103.6796875,2221.0
2025-03-04 14:06:00+00:00,103.6875,103.6875,103.671875,103.671875,2395.0
2025-03-04 14:07:00+00:00,103.671875,103.6875,103.671875,103.68359375,1039.0
2025-03-04 14:08:00+00:00,103.67578125,103.6796875,103.671875,103.671875,715.0
2025-03-04 14:09:00+00:00,103.67578125,103.6796875,103.67578125,103.67578125,601.0
2025-03-04 14:10:00+00:00,103.66796875,103.67578125,103.66015625,103.67578125,828.0
2025-03-04 14:11:00+00:00,103.66015625,103.671875,103.65625,103.66796875,7596.0
2025-03-04 14:12:00+00:00,103.65625,103.66015625,103.65625,103.66015625,934.0
2025-03-04 14:13:00+00:00,103.65625,103.65625,103.3828125,103.65625,2159.0
2025-03-04 14:14:00+00:00,103.65234375,103.65625,103.6484375,103.65625,1291.0
2025-03-04 14:15:00+00:00,103.6484375,103.65234375,103.6484375,103.6484375,3155.0
2025-03-04 14:16:00+00:00,103.65234375,103.65625,103.38671875,103.65234375,2506.0
2025-03-04 14:17:00+00:00,103.65625,103.65625,103.3828125,103.65234375,1377.0
2025-03-04 14:18:00+00:00,103.65625,103.66015625,103.65625,103.65625,1518.0
2025-03-04 14:19:00+00:00,103.6640625,103.6640625,103.65625,103.65625,510.0
2025-03-04 14:20:00+00:00,103.6640625,103.66796875,103.66015625,103.6640625,1395.0
2025-03-04 14:21:00+00:00,103.671875,103.671875,103.6640625,103.6640625,1028.0
2025-03-04 14:22:00+00:00,103.671875,103.671875,103.671875,103.671875,103.0
2025-03-04 14:23:00+00:00,103.671875,103.67578125,103.66796875,103.66796875,4150.0
2025-03-04 14:24:00+00:00,103.66796875,103.671875,103.66796875,103.671875,1108.0
2025-03-04 14:25:00+00:00,103.67578125,103.67578125,103.66796875,103.66796875,1447.0
2025-03-04 14:26:00+00:00,103.6640625,103.67578125,103.6640625,103.67578125,1365.0
2025-03-04 14:27:00+00:00,103.67578125,103.67578125,103.6640625,103.6640625,1398.0
2025-03-04 14:28:00+00:00,103.68359375,103.68359375,103.67578125,103.67578125,888.0
2025-03-04 14:29:00+00:00,103.6796875,103.68359375,103.67578125,103.68359375,438.0
2025-03-04 14:30:00+00:00,103.68359375,103.68359375,103.67578125,103.6796875,2012.0
2025-03-04 14:31:00+00:00,103.6953125,103.6953125,103.6796875,103.68359375,4017.0
2025-03-04 14:32:00+00:00,103.69921875,103.69921875,103.6953125,103.6953125,4120.0
2025-03-04 14:33:00+00:00,103.69921875,103.70703125,103.6953125,103.69921875,5130.0
2025-03-04 14:34:00+00:00,103.69921875,103.69921875,103.69140625,103.69921875,1119.0
2025-03-04 14:35:00+00:00,103.69921875,103.703125,103.69140625,103.69921875,3293.0
2025-03-04 14:36:00+00:00,103.6875,103.69921875,103.68359375,103.69921875,1689.0
2025-03-04 14:37:00+00:00,103.6796875,103.6875,103.6796875,103.6875,2435.0
2025-03-04 14:38:00+00:00,103.68359375,103.68359375,103.67578125,103.6796875,3916.0
2025-03-04 14:39:00+00:00,103.68359375,103.68359375,103.68359375,103.68359375,1567.0
2025-03-04 14:40:00+00:00,103.6875,103.69140625,103.40625,103.6875,1920.0
2025-03-04 14:41:00+00:00,103.6875,103.69140625,103.6875,103.69140625,1906.0
2025-03-04 14:42:00+00:00,103.6875,103.69140625,103.68359375,103.68359375,1853.0
2025-03-04 14:43:00+00:00,103.6953125,103.703125,103.69140625,103.69140625,4778.0
2025-03-04 14:44:00+00:00,103.6953125,103.703125,103.6953125,103.6953125,2695.0
2025-03-04 14:45:00+00:00,103.69140625,103.69921875,103.6875,103.69921875,1867.0
2025-03-04 14:46:00+00:00,103.6796875,103.69140625,103.67578125,103.69140625,1510.0
2025-03-04 14:47:00+00:00,103.6875,103.6875,103.6796875,103.68359375,1264.0
2025-03-04 14:48:00+00:00,103.6875,103.6875,103.41796875,103.6875,1486.0
2025-03-04 14:49:00+00:00,103.69140625,103.69140625,103.4140625,103.6875,1663.0
2025-03-04 14:50:00+00:00,103.69921875,103.703125,103.69140625,103.69140625,1883.0
2025-03-04 14:51:00+00:00,103.6875,103.70703125,103.6875,103.69921875,3398.0
2025-03-04 14:52:00+00:00,103.6953125,103.6953125,103.6875,103.69140625,2581.0
2025-03-04 14:53:00+00:00,103.70703125,103.7109375,103.6953125,103.69921875,2070.0
2025-03-04 14:54:00+00:00,103.703125,103.70703125,103.6953125,103.70703125,2122.0
2025-03-04 14:55:00+00:00,103.69140625,103.703125,103.6875,103.69921875,1668.0
2025-03-04 14:56:00+00:00,103.69140625,103.69140625,103.6875,103.6875,1251.0
2025-03-04 14:57:00+00:00,103.6953125,103.6953125,103.69140625,103.69140625,1685.0
2025-03-04 14:58:00+00:00,103.69140625,103.6953125,103.69140625,103.6953125,1186.0
2025-03-04 14:59:00+00:00,103.6953125,103.69921875,103.6875,103.69140625,6545.0
2025-03-04 15:00:00+00:00,103.70703125,103.7109375,103.6953125,103.6953125,2420.0
2025-03-04 15:01:00+00:00,103.70703125,103.71484375,103.70703125,103.70703125,5608.0
2025-03-04 15:02:00+00:00,103.7109375,103.71484375,103.70703125,103.70703125,2432.0
2025-03-04 15:03:00+00:00,103.72265625,103.7265625,103.7109375,103.71484375,9987.0
2025-03-04 15:04:00+00:00,103.70703125,103.7265625,103.70703125,103.72265625,2733.0
2025-03-04 15:05:00+00:00,103.71875,103.71875,103.70703125,103.7109375,2808.0
2025-03-04 15:06:00+00:00,103.7265625,103.7265625,103.71875,103.71875,2028.0
2025-03-04 15:07:00+00:00,103.7265625,103.73046875,103.72265625,103.7265625,2592.0
2025-03-04 15:08:00+00:00,103.72265625,103.73046875,103.72265625,103.7265625,3162.0
2025-03-04 15:09:00+00:00,103.73828125,103.73828125,103.72265625,103.7265625,5014.0
2025-03-04 15:10:00+00:00,103.76171875,103.76171875,103.734375,103.73828125,19759.0
2025-03-04 15:11:00+00:00,103.7578125,103.765625,103.75390625,103.76171875,3445.0
2025-03-04 15:12:00+00:00,103.75,103.76171875,103.75,103.7578125,2986.0
2025-03-04 15:13:00+00:00,103.75,103.75,103.7421875,103.74609375,3444.0
2025-03-04 15:14:00+00:00,103.7578125,103.7578125,103.74609375,103.75,3670.0
2025-03-04 15:15:00+00:00,103.76171875,103.76171875,103.7578125,103.7578125,824.0
2025-03-04 15:16:00+00:00,103.76953125,103.7734375,103.7578125,103.76171875,3102.0
2025-03-04 15:17:00+00:00,103.7734375,103.7734375,103.765625,103.7734375,3856.0
2025-03-04 15:18:00+00:00,103.78515625,103.78515625,103.7734375,103.7734375,3789.0
2025-03-04 15:19:00+00:00,103.77734375,103.78515625,103.7734375,103.78515625,3941.0
2025-03-04 15:20:00+00:00,103.765625,103.7734375,103.765625,103.7734375,2550.0
2025-03-04 15:21:00+00:00,103.76171875,103.76953125,103.75390625,103.765625,14367.0
2025-03-04 15:22:00+00:00,103.7578125,103.765625,103.75390625,103.76171875,3537.0
2025-03-04 15:23:00+00:00,103.75,103.75390625,103.74609375,103.75390625,1590.0
2025-03-04 15:24:00+00:00,103.7421875,103.75,103.7421875,103.75,3291.0
2025-03-04 15:25:00+00:00,103.73828125,103.75,103.734375,103.74609375,2913.0
2025-03-04 15:26:00+00:00,103.7265625,103.7421875,103.7265625,103.7421875,4586.0
2025-03-04 15:27:00+00:00,103.72265625,103.73046875,103.71875,103.73046875,4746.0
2025-03-04 15:28:00+00:00,103.7265625,103.73046875,103.72265625,103.7265625,1407.0
2025-03-04 15:29:00+00:00,103.73046875,103.734375,103.7265625,103.73046875,3041.0
2025-03-04 15:30:00+00:00,103.7265625,103.734375,103.7265625,103.734375,5284.0
2025-03-04 15:31:00+00:00,103.70703125,103.7265625,103.70703125,103.7265625,5157.0
2025-03-04 15:32:00+00:00,103.70703125,103.7109375,103.703125,103.70703125,2089.0
2025-03-04 15:33:00+00:00,103.69921875,103.70703125,103.6953125,103.703125,1189.0
2025-03-04 15:34:00+00:00,103.703125,103.70703125,103.69921875,103.69921875,3352.0
2025-03-04 15:35:00+00:00,103.69921875,103.703125,103.42578125,103.703125,2604.0
2025-03-04 15:36:00+00:00,103.703125,103.70703125,103.69921875,103.703125,5368.0
2025-03-04 15:37:00+00:00,103.6953125,103.703125,103.68359375,103.69921875,4859.0
2025-03-04 15:38:00+00:00,103.6953125,103.69921875,103.6953125,103.6953125,3043.0
2025-03-04 15:39:00+00:00,103.703125,103.703125,103.6953125,103.6953125,3383.0
2025-03-04 15:40:00+00:00,103.7109375,103.71484375,103.703125,103.703125,1669.0
2025-03-04 15:41:00+00:00,103.69140625,103.70703125,103.4296875,103.70703125,2353.0
2025-03-04 15:42:00+00:00,103.703125,103.7109375,103.69140625,103.69140625,3934.0
2025-03-04 15:43:00+00:00,103.70703125,103.71484375,103.703125,103.703125,2120.0
2025-03-04 15:44:00+00:00,103.6953125,103.70703125,103.421875,103.70703125,2544.0
2025-03-04 15:45:00+00:00,103.69140625,103.6953125,103.69140625,103.69140625,1351.0
2025-03-04 15:46:00+00:00,103.69921875,103.69921875,103.6953125,103.6953125,1043.0
2025-03-04 15:47:00+00:00,103.69921875,103.703125,103.6953125,103.703125,1863.0
2025-03-04 15:48:00+00:00,103.6875,103.69921875,103.68359375,103.6953125,1065.0
2025-03-04 15:49:00+00:00,103.6875,103.69140625,103.41796875,103.69140625,2366.0
2025-03-04 15:50:00+00:00,103.69921875,103.703125,103.68359375,103.6875,2049.0
2025-03-04 15:51:00+00:00,103.70703125,103.70703125,103.69921875,103.703125,2045.0
2025-03-04 15:52:00+00:00,103.703125,103.703125,103.69140625,103.703125,1811.0
2025-03-04 15:53:00+00:00,103.703125,103.70703125,103.703125,103.703125,835.0
2025-03-04 15:54:00+00:00,103.703125,103.703125,103.6953125,103.703125,2867.0
2025-03-04 15:55:00+00:00,103.7109375,103.7109375,103.70703125,103.70703125,1869.0
2025-03-04 15:56:00+00:00,103.70703125,103.7109375,103.703125,103.70703125,1403.0
2025-03-04 15:57:00+00:00,103.70703125,103.7109375,103.70703125,103.70703125,1997.0
2025-03-04 15:58:00+00:00,103.703125,103.7109375,103.703125,103.70703125,1606.0
2025-03-04 15:59:00+00:00,103.70703125,103.70703125,103.69921875,103.703125,1699.0
2025-03-04 16:00:00+00:00,103.703125,103.7109375,103.703125,103.7109375,3347.0
2025-03-04 16:01:00+00:00,103.71875,103.71875,103.703125,103.703125,1662.0
2025-03-04 16:02:00+00:00,103.71875,103.71875,103.71484375,103.71875,1544.0
2025-03-04 16:03:00+00:00,103.7109375,103.71875,103.7109375,103.71875,1204.0
2025-03-04 16:04:00+00:00,103.72265625,103.72265625,103.4453125,103.71484375,883.0
2025-03-04 16:05:00+00:00,103.7265625,103.7265625,103.72265625,103.72265625,1025.0
2025-03-04 16:06:00+00:00,103.7265625,103.73046875,103.7265625,103.7265625,2983.0
2025-03-04 16:07:00+00:00,103.73046875,103.73046875,103.72265625,103.7265625,780.0
2025-03-04 16:08:00+00:00,103.73046875,103.734375,103.7265625,103.7265625,1438.0
2025-03-04 16:09:00+00:00,103.73046875,103.734375,103.73046875,103.73046875,838.0
2025-03-04 16:10:00+00:00,103.73828125,103.73828125,103.73046875,103.734375,854.0
2025-03-04 16:11:00+00:00,103.7265625,103.73828125,103.7265625,103.734375,1423.0
2025-03-04 16:12:00+00:00,103.71484375,103.73046875,103.71484375,103.7265625,2709.0
2025-03-04 16:13:00+00:00,103.7109375,103.71484375,103.7109375,103.71484375,2142.0
2025-03-04 16:14:00+00:00,103.70703125,103.70703125,103.70703125,103.70703125,1282.0
2025-03-04 16:15:00+00:00,103.6953125,103.7109375,103.6953125,103.7109375,1927.0
2025-03-04 16:16:00+00:00,103.69921875,103.69921875,103.6953125,103.6953125,1716.0
2025-03-04 16:17:00+00:00,103.703125,103.703125,103.69921875,103.703125,820.0
2025-03-04 16:18:00+00:00,103.69921875,103.703125,103.69921875,103.703125,978.0
2025-03-04 16:19:00+00:00,103.69921875,103.70703125,103.69921875,103.703125,931.0
2025-03-04 16:20:00+00:00,103.69921875,103.703125,103.69921875,103.703125,1188.0
2025-03-04 16:21:00+00:00,103.6953125,103.69921875,103.6953125,103.69921875,161.0
2025-03-04 16:22:00+00:00,103.69140625,103.6953125,103.69140625,103.6953125,2050.0
2025-03-04 16:23:00+00:00,103.703125,103.703125,103.69140625,103.6953125,682.0
2025-03-04 16:24:00+00:00,103.703125,103.70703125,103.703125,103.703125,856.0
2025-03-04 16:25:00+00:00,103.69921875,103.703125,103.6953125,103.703125,917.0
2025-03-04 16:26:00+00:00,103.703125,103.703125,103.69921875,103.703125,1152.0
2025-03-04 16:27:00+00:00,103.69921875,103.69921875,103.6953125,103.69921875,969.0
2025-03-04 16:28:00+00:00,103.703125,103.703125,103.703125,103.703125,160.0
2025-03-04 16:29:00+00:00,103.70703125,103.7109375,103.4296875,103.70703125,1734.0
2025-03-04 16:30:00+00:00,103.69921875,103.70703125,103.6953125,103.70703125,1355.0
2025-03-04 16:31:00+00:00,103.69921875,103.69921875,103.69921875,103.69921875,431.0
2025-03-04 16:32:00+00:00,103.6875,103.69921875,103.68359375,103.69921875,3006.0
2025-03-04 16:33:00+00:00,103.69140625,103.69140625,103.6875,103.6875,527.0
2025-03-04 16:34:00+00:00,103.6875,103.69140625,103.68359375,103.6875,653.0
2025-03-04 16:35:00+00:00,103.68359375,103.6875,103.68359375,103.6875,896.0
2025-03-04 16:36:00+00:00,103.6875,103.6875,103.68359375,103.68359375,531.0
2025-03-04 16:37:00+00:00,103.68359375,103.6875,103.68359375,103.6875,1365.0
2025-03-04 16:38:00+00:00,103.68359375,103.6875,103.68359375,103.68359375,682.0
2025-03-04 16:39:00+00:00,103.67578125,103.68359375,103.67578125,103.68359375,1931.0
2025-03-04 16:40:00+00:00,103.671875,103.6796875,103.671875,103.6796875,1785.0
2025-03-04 16:41:00+00:00,103.671875,103.67578125,103.390625,103.671875,1370.0
2025-03-04 16:42:00+00:00,103.66015625,103.671875,103.39453125,103.671875,10334.0
2025-03-04 16:43:00+00:00,103.3828125,103.66015625,103.37890625,103.3984375,0.0
2025-03-04 16:44:00+00:00,103.65234375,103.65625,103.37890625,103.65234375,864259.0
2025-03-04 16:45:00+00:00,103.65234375,103.65625,103.37890625,103.65234375,3888.0
2025-03-04 16:46:00+00:00,103.65234375,103.65234375,103.37890625,103.65234375,2303.0
2025-03-04 16:47:00+00:00,103.6484375,103.65234375,103.37890625,103.6484375,1013.0
2025-03-04 16:48:00+00:00,103.65234375,103.65234375,103.6484375,103.6484375,686.0
2025-03-04 16:49:00+00:00,103.64453125,103.65234375,103.640625,103.65234375,1463.0
2025-03-04 16:50:00+00:00,103.3671875,103.6484375,103.3671875,103.6484375,0.0
2025-03-04 16:51:00+00:00,103.63671875,103.640625,103.6328125,103.6328125,877984.0
2025-03-04 16:52:00+00:00,103.63671875,103.64453125,103.37109375,103.63671875,9033.0
2025-03-04 16:53:00+00:00,103.63671875,103.63671875,103.6328125,103.63671875,1231.0
2025-03-04 16:54:00+00:00,103.63671875,103.63671875,103.3671875,103.6328125,899.0
2025-03-04 16:55:00+00:00,103.63671875,103.64453125,103.63671875,103.640625,3801.0
2025-03-04 16:56:00+00:00,103.640625,103.640625,103.63671875,103.63671875,1470.0
2025-03-04 16:57:00+00:00,103.640625,103.640625,103.3671875,103.37109375,438.0
2025-03-04 16:58:00+00:00,103.63671875,103.640625,103.6328125,103.640625,1089.0
2025-03-04 16:59:00+00:00,103.63671875,103.640625,103.63671875,103.63671875,1877.0
2025-03-04 17:00:00+00:00,103.65234375,103.65234375,103.640625,103.640625,5167.0
2025-03-04 17:01:00+00:00,103.65625,103.65625,103.65234375,103.65234375,1071.0
2025-03-04 17:02:00+00:00,103.66015625,103.66015625,103.65234375,103.65625,1010.0
2025-03-04 17:03:00+00:00,103.66015625,103.66015625,103.65625,103.66015625,143.0
2025-03-04 17:04:00+00:00,103.65234375,103.65625,103.65234375,103.65625,2337.0
2025-03-04 17:05:00+00:00,103.65625,103.65625,103.65234375,103.65234375,310.0
2025-03-04 17:06:00+00:00,103.6640625,103.6640625,103.65625,103.65625,1049.0
2025-03-04 17:07:00+00:00,103.6640625,103.6640625,103.66015625,103.6640625,103.0
2025-03-04 17:08:00+00:00,103.66015625,103.66796875,103.39453125,103.6640625,1213.0
2025-03-04 17:09:00+00:00,103.66015625,103.6640625,103.66015625,103.66015625,464.0
2025-03-04 17:10:00+00:00,103.65625,103.6640625,103.65625,103.66015625,775.0
2025-03-04 17:11:00+00:00,103.65234375,103.65625,103.65234375,103.65234375,841.0
2025-03-04 17:12:00+00:00,103.65234375,103.65625,103.65234375,103.65625,554.0
2025-03-04 17:13:00+00:00,103.65625,103.65625,103.6484375,103.6484375,189.0
2025-03-04 17:14:00+00:00,103.66015625,103.6640625,103.65625,103.65625,2158.0
2025-03-04 17:15:00+00:00,103.65625,103.66015625,103.65625,103.65625,853.0
2025-03-04 17:16:00+00:00,103.65234375,103.65625,103.65234375,103.65234375,890.0
2025-03-04 17:17:00+00:00,103.65234375,103.65625,103.6484375,103.6484375,580.0
2025-03-04 17:18:00+00:00,103.6484375,103.65234375,103.6484375,103.65234375,161.0
2025-03-04 17:19:00+00:00,103.6484375,103.65234375,103.6484375,103.6484375,415.0
2025-03-04 17:20:00+00:00,103.6484375,103.65625,103.6484375,103.65234375,727.0
2025-03-04 17:21:00+00:00,103.6484375,103.6484375,103.64453125,103.6484375,1258.0
2025-03-04 17:22:00+00:00,103.64453125,103.6484375,103.64453125,103.6484375,699.0
2025-03-04 17:23:00+00:00,103.6484375,103.6484375,103.64453125,103.64453125,608.0
2025-03-04 17:24:00+00:00,103.640625,103.6484375,103.640625,103.6484375,3813.0
2025-03-04 17:25:00+00:00,103.640625,103.640625,103.640625,103.640625,1719.0
2025-03-04 17:26:00+00:00,103.63671875,103.640625,103.63671875,103.640625,1602.0
2025-03-04 17:27:00+00:00,103.63671875,103.63671875,103.6328125,103.63671875,1325.0
2025-03-04 17:28:00+00:00,103.62890625,103.63671875,103.62890625,103.6328125,2457.0
2025-03-04 17:29:00+00:00,103.6328125,103.6328125,103.62890625,103.62890625,1663.0
2025-03-04 17:30:00+00:00,103.640625,103.640625,103.6328125,103.6328125,2519.0
2025-03-04 17:31:00+00:00,103.64453125,103.64453125,103.640625,103.640625,1168.0
2025-03-04 17:32:00+00:00,103.64453125,103.64453125,103.640625,103.64453125,124.0
2025-03-04 17:33:00+00:00,103.64453125,103.64453125,103.64453125,103.64453125,764.0
2025-03-04 17:34:00+00:00,103.640625,103.64453125,103.640625,103.640625,462.0
2025-03-04 17:35:00+00:00,103.65234375,103.65234375,103.640625,103.640625,1170.0
2025-03-04 17:36:00+00:00,103.64453125,103.6484375,103.64453125,103.6484375,770.0
2025-03-04 17:37:00+00:00,103.6484375,103.6484375,103.64453125,103.64453125,403.0
2025-03-04 17:38:00+00:00,103.640625,103.6484375,103.63671875,103.6484375,1315.0
2025-03-04 17:39:00+00:00,103.6484375,103.6484375,103.640625,103.640625,496.0
2025-03-04 17:40:00+00:00,103.65625,103.65625,103.64453125,103.6484375,2940.0
2025-03-04 17:41:00+00:00,103.65234375,103.66015625,103.64453125,103.65234375,4342.0
2025-03-04 17:42:00+00:00,103.66015625,103.6640625,103.64453125,103.65234375,2766.0
2025-03-04 17:43:00+00:00,103.66015625,103.6640625,103.66015625,103.6640625,919.0
2025-03-04 17:44:00+00:00,103.66796875,103.66796875,103.38671875,103.66015625,1564.0
2025-03-04 17:45:00+00:00,103.65234375,103.66796875,103.65234375,103.66796875,1814.0
2025-03-04 17:46:00+00:00,103.65234375,103.65234375,103.64453125,103.65234375,495.0
2025-03-04 17:47:00+00:00,103.65234375,103.66015625,103.65234375,103.65234375,167.0
2025-03-04 17:48:00+00:00,103.65234375,103.65234375,103.65234375,103.65234375,460.0
2025-03-04 17:49:00+00:00,103.65234375,103.65234375,103.65234375,103.65234375,322.0
2025-03-04 17:50:00+00:00,103.66015625,103.66015625,103.65234375,103.65234375,1321.0
2025-03-04 17:51:00+00:00,103.6640625,103.6640625,103.65625,103.66015625,437.0
2025-03-04 17:52:00+00:00,103.66796875,103.671875,103.6640625,103.6640625,3395.0
2025-03-04 17:53:00+00:00,103.66015625,103.671875,103.66015625,103.66796875,1016.0
2025-03-04 17:54:00+00:00,103.65625,103.66015625,103.65625,103.66015625,995.0
2025-03-04 17:55:00+00:00,103.66015625,103.66015625,103.65625,103.65625,1442.0
2025-03-04 17:56:00+00:00,103.66015625,103.66015625,103.65625,103.66015625,1249.0
2025-03-04 17:57:00+00:00,103.66015625,103.66015625,103.65625,103.66015625,887.0
2025-03-04 17:58:00+00:00,103.66015625,103.6640625,103.66015625,103.66015625,601.0
2025-03-04 17:59:00+00:00,103.65234375,103.65625,103.65234375,103.65625,677.0
2025-03-04 18:00:00+00:00,103.66015625,103.66015625,103.65234375,103.65234375,4010.0
2025-03-04 18:01:00+00:00,103.6640625,103.66796875,103.66015625,103.66015625,1389.0
2025-03-04 18:02:00+00:00,103.66015625,103.66015625,103.66015625,103.66015625,933.0
2025-03-04 18:03:00+00:00,103.6484375,103.65625,103.6484375,103.65625,1693.0
2025-03-04 18:04:00+00:00,103.64453125,103.64453125,103.64453125,103.64453125,918.0
2025-03-04 18:05:00+00:00,103.63671875,103.64453125,103.6328125,103.64453125,5824.0
2025-03-04 18:06:00+00:00,103.62890625,103.640625,103.62890625,103.63671875,7445.0
2025-03-04 18:07:00+00:00,103.6328125,103.63671875,103.62890625,103.62890625,1734.0
2025-03-04 18:08:00+00:00,103.6171875,103.62890625,103.61328125,103.62890625,4309.0
2025-03-04 18:09:00+00:00,103.61328125,103.6171875,103.609375,103.6171875,3910.0
2025-03-04 18:10:00+00:00,103.609375,103.6171875,103.609375,103.6171875,2330.0
2025-03-04 18:11:00+00:00,103.61328125,103.61328125,103.60546875,103.609375,2039.0
2025-03-04 18:12:00+00:00,103.60546875,103.6171875,103.60546875,103.61328125,2360.0
2025-03-04 18:13:00+00:00,103.59765625,103.60546875,103.59765625,103.60546875,2090.0
2025-03-04 18:14:00+00:00,103.59375,103.6015625,103.59375,103.59765625,9842.0
2025-03-04 18:15:00+00:00,103.59375,103.59375,103.58984375,103.59375,8467.0
2025-03-04 18:16:00+00:00,103.61328125,103.61328125,103.59375,103.59375,1925.0
2025-03-04 18:17:00+00:00,103.609375,103.61328125,103.60546875,103.61328125,1730.0
2025-03-04 18:18:00+00:00,103.61328125,103.61328125,103.609375,103.609375,2133.0
2025-03-04 18:19:00+00:00,103.609375,103.609375,103.59765625,103.609375,1596.0
2025-03-04 18:20:00+00:00,103.60546875,103.609375,103.6015625,103.609375,1317.0
2025-03-04 18:21:00+00:00,103.609375,103.609375,103.60546875,103.60546875,1028.0
2025-03-04 18:22:00+00:00,103.609375,103.609375,103.60546875,103.609375,716.0
2025-03-04 18:23:00+00:00,103.61328125,103.61328125,103.60546875,103.609375,1143.0
2025-03-04 18:24:00+00:00,103.609375,103.609375,103.609375,103.609375,2347.0
2025-03-04 18:25:00+00:00,103.60546875,103.60546875,103.60546875,103.60546875,1094.0
2025-03-04 18:26:00+00:00,103.6015625,103.6015625,103.59765625,103.6015625,1662.0
2025-03-04 18:27:00+00:00,103.60546875,103.60546875,103.6015625,103.6015625,857.0
2025-03-04 18:28:00+00:00,103.6015625,103.609375,103.59765625,103.609375,829.0
2025-03-04 18:29:00+00:00,103.6015625,103.60546875,103.6015625,103.6015625,391.0
2025-03-04 18:30:00+00:00,103.609375,103.609375,103.6015625,103.6015625,389.0
2025-03-04 18:31:00+00:00,103.60546875,103.61328125,103.60546875,103.61328125,2254.0
2025-03-04 18:32:00+00:00,103.609375,103.609375,103.6015625,103.60546875,222.0
2025-03-04 18:33:00+00:00,103.6015625,103.609375,103.6015625,103.609375,1189.0
2025-03-04 18:34:00+00:00,103.6015625,103.60546875,103.6015625,103.6015625,771.0
2025-03-04 18:35:00+00:00,103.60546875,103.60546875,103.6015625,103.60546875,325.0
2025-03-04 18:36:00+00:00,103.6015625,103.61328125,103.6015625,103.60546875,1354.0
2025-03-04 18:37:00+00:00,103.6015625,103.61328125,103.6015625,103.60546875,756.0
2025-03-04 18:38:00+00:00,103.60546875,103.609375,103.6015625,103.6015625,2120.0
2025-03-04 18:39:00+00:00,103.6015625,103.609375,103.59765625,103.60546875,1106.0
2025-03-04 18:40:00+00:00,103.59765625,103.60546875,103.59765625,103.60546875,865.0
2025-03-04 18:41:00+00:00,103.59375,103.6015625,103.59375,103.6015625,271.0
2025-03-04 18:42:00+00:00,103.59765625,103.59765625,103.59375,103.59375,331.0
2025-03-04 18:43:00+00:00,103.59765625,103.59765625,103.59375,103.59375,694.0
2025-03-04 18:44:00+00:00,103.60546875,103.60546875,103.59765625,103.59765625,2468.0
2025-03-04 18:45:00+00:00,103.59765625,103.60546875,103.59765625,103.6015625,956.0
2025-03-04 18:46:00+00:00,103.59765625,103.59765625,103.59375,103.59375,2647.0
2025-03-04 18:47:00+00:00,103.59765625,103.59765625,103.59375,103.59765625,1176.0
2025-03-04 18:48:00+00:00,103.60546875,103.60546875,103.59765625,103.59765625,3111.0
2025-03-04 18:49:00+00:00,103.61328125,103.61328125,103.60546875,103.60546875,1704.0
2025-03-04 18:50:00+00:00,103.609375,103.609375,103.609375,103.609375,300.0
2025-03-04 18:51:00+00:00,103.6015625,103.609375,103.6015625,103.609375,716.0
2025-03-04 18:52:00+00:00,103.59375,103.60546875,103.59375,103.6015625,2367.0
2025-03-04 18:53:00+00:00,103.58984375,103.6015625,103.58984375,103.59765625,2942.0
2025-03-04 18:54:00+00:00,103.59765625,103.59765625,103.59375,103.59375,1215.0
2025-03-04 18:55:00+00:00,103.59765625,103.59765625,103.59765625,103.59765625,599.0
2025-03-04 18:56:00+00:00,103.59765625,103.59765625,103.59765625,103.59765625,361.0
2025-03-04 18:57:00+00:00,103.59375,103.59765625,103.59375,103.59375,571.0
2025-03-04 18:58:00+00:00,103.59375,103.59375,103.59375,103.59375,913.0
2025-03-04 18:59:00+00:00,103.6015625,103.60546875,103.59765625,103.59765625,872.0
2025-03-04 19:00:00+00:00,103.60546875,103.609375,103.6015625,103.60546875,1803.0
2025-03-04 19:01:00+00:00,103.6015625,103.60546875,103.59765625,103.6015625,1122.0
2025-03-04 19:02:00+00:00,103.58984375,103.6015625,103.58984375,103.6015625,1662.0
2025-03-04 19:03:00+00:00,103.58984375,103.59375,103.5859375,103.59375,2194.0
2025-03-04 19:04:00+00:00,103.59375,103.59375,103.5859375,103.58984375,1764.0
2025-03-04 19:05:00+00:00,103.59375,103.59765625,103.58984375,103.59375,785.0
2025-03-04 19:06:00+00:00,103.59765625,103.59765625,103.59375,103.59375,577.0
2025-03-04 19:07:00+00:00,103.578125,103.59375,103.578125,103.59375,1817.0
2025-03-04 19:08:00+00:00,103.578125,103.58203125,103.578125,103.578125,1000.0
2025-03-04 19:09:00+00:00,103.5859375,103.5859375,103.578125,103.58203125,805.0
2025-03-04 19:10:00+00:00,103.58984375,103.58984375,103.5859375,103.5859375,426.0
2025-03-04 19:11:00+00:00,103.58203125,103.58984375,103.58203125,103.58984375,2085.0
2025-03-04 19:12:00+00:00,103.58203125,103.58203125,103.578125,103.58203125,892.0
2025-03-04 19:13:00+00:00,103.578125,103.578125,103.57421875,103.578125,1140.0
2025-03-04 19:14:00+00:00,103.57421875,103.578125,103.57421875,103.578125,2199.0
2025-03-04 19:15:00+00:00,103.57421875,103.57421875,103.57421875,103.57421875,756.0
2025-03-04 19:16:00+00:00,103.57421875,103.578125,103.5703125,103.57421875,3821.0
2025-03-04 19:17:00+00:00,103.578125,103.578125,103.57421875,103.57421875,5020.0
2025-03-04 19:18:00+00:00,103.578125,103.58203125,103.57421875,103.58203125,2752.0
2025-03-04 19:19:00+00:00,103.578125,103.578125,103.578125,103.578125,1221.0
2025-03-04 19:20:00+00:00,103.578125,103.58203125,103.578125,103.578125,1158.0
2025-03-04 19:21:00+00:00,103.578125,103.578125,103.57421875,103.578125,2271.0
2025-03-04 19:22:00+00:00,103.57421875,103.578125,103.57421875,103.57421875,1453.0
2025-03-04 19:23:00+00:00,103.5703125,103.578125,103.56640625,103.578125,1031.0
2025-03-04 19:24:00+00:00,103.5703125,103.5703125,103.5703125,103.5703125,235.0
2025-03-04 19:25:00+00:00,103.56640625,103.5703125,103.5625,103.5703125,2356.0
2025-03-04 19:26:00+00:00,103.5625,103.56640625,103.5625,103.56640625,936.0
2025-03-04 19:27:00+00:00,103.5625,103.5625,103.5625,103.5625,671.0
2025-03-04 19:28:00+00:00,103.56640625,103.56640625,103.5625,103.56640625,1047.0
2025-03-04 19:29:00+00:00,103.57421875,103.57421875,103.56640625,103.56640625,1318.0
2025-03-04 19:30:00+00:00,103.58203125,103.58203125,103.5703125,103.5703125,1435.0
2025-03-04 19:31:00+00:00,103.5859375,103.58984375,103.58203125,103.58203125,2205.0
2025-03-04 19:32:00+00:00,103.578125,103.5859375,103.578125,103.5859375,719.0
2025-03-04 19:33:00+00:00,103.58203125,103.58203125,103.578125,103.58203125,610.0
2025-03-04 19:34:00+00:00,103.578125,103.58203125,103.578125,103.58203125,316.0
2025-03-04 19:35:00+00:00,103.57421875,103.578125,103.57421875,103.578125,367.0
2025-03-04 19:36:00+00:00,103.57421875,103.57421875,103.5703125,103.57421875,788.0
2025-03-04 19:37:00+00:00,103.57421875,103.57421875,103.5703125,103.57421875,596.0
2025-03-04 19:38:00+00:00,103.5703125,103.5703125,103.5703125,103.5703125,1008.0
2025-03-04 19:39:00+00:00,103.5703125,103.5703125,103.56640625,103.5703125,450.0
2025-03-04 19:40:00+00:00,103.5703125,103.5703125,103.5625,103.5703125,918.0
2025-03-04 19:41:00+00:00,103.56640625,103.57421875,103.56640625,103.5703125,846.0
2025-03-04 19:42:00+00:00,103.56640625,103.5703125,103.56640625,103.5703125,547.0
2025-03-04 19:43:00+00:00,103.56640625,103.5703125,103.56640625,103.56640625,430.0
2025-03-04 19:44:00+00:00,103.56640625,103.56640625,103.56640625,103.56640625,400.0
2025-03-04 19:45:00+00:00,103.5703125,103.5703125,103.56640625,103.56640625,481.0
2025-03-04 19:46:00+00:00,103.5625,103.5703125,103.5625,103.5703125,699.0
2025-03-04 19:47:00+00:00,103.56640625,103.56640625,103.5625,103.5625,1898.0
2025-03-04 19:48:00+00:00,103.56640625,103.56640625,103.5625,103.56640625,1334.0
2025-03-04 19:49:00+00:00,103.56640625,103.56640625,103.56640625,103.56640625,1006.0
2025-03-04 19:50:00+00:00,103.55859375,103.56640625,103.55859375,103.56640625,315.0
2025-03-04 19:51:00+00:00,103.5625,103.5625,103.55859375,103.55859375,1994.0
2025-03-04 19:52:00+00:00,103.5625,103.5625,103.5625,103.5625,871.0
2025-03-04 19:53:00+00:00,103.56640625,103.56640625,103.55859375,103.5625,1069.0
2025-03-04 19:54:00+00:00,103.56640625,103.56640625,103.56640625,103.56640625,1135.0
2025-03-04 19:55:00+00:00,103.5546875,103.5625,103.5546875,103.5625,1477.0
2025-03-04 19:56:00+00:00,103.5546875,103.5546875,103.55078125,103.5546875,1845.0
2025-03-04 19:57:00+00:00,103.55078125,103.55859375,103.546875,103.5546875,2295.0
2025-03-04 19:58:00+00:00,103.5546875,103.55859375,103.55078125,103.55078125,1391.0
2025-03-04 19:59:00+00:00,103.5625,103.5625,103.5546875,103.5546875,6274.0
2025-03-04 20:00:00+00:00,103.56640625,103.56640625,103.55859375,103.5625,3701.0
2025-03-04 20:01:00+00:00,103.57421875,103.57421875,103.56640625,103.56640625,2484.0
2025-03-04 20:02:00+00:00,103.57421875,103.578125,103.57421875,103.57421875,1556.0
2025-03-04 20:03:00+00:00,103.58203125,103.58203125,103.57421875,103.57421875,962.0
2025-03-04 20:04:00+00:00,103.578125,103.58203125,103.578125,103.578125,1330.0
2025-03-04 20:05:00+00:00,103.578125,103.58203125,103.57421875,103.578125,1941.0
2025-03-04 20:06:00+00:00,103.578125,103.58203125,103.578125,103.578125,1314.0
2025-03-04 20:07:00+00:00,103.57421875,103.58203125,103.57421875,103.578125,626.0
2025-03-04 20:08:00+00:00,103.578125,103.578125,103.57421875,103.578125,384.0
2025-03-04 20:09:00+00:00,103.578125,103.58203125,103.57421875,103.578125,391.0
2025-03-04 20:10:00+00:00,103.57421875,103.578125,103.57421875,103.578125,654.0
2025-03-04 20:11:00+00:00,103.57421875,103.57421875,103.5703125,103.57421875,258.0
2025-03-04 20:12:00+00:00,103.57421875,103.57421875,103.57421875,103.57421875,153.0
2025-03-04 20:14:00+00:00,103.5703125,103.57421875,103.5703125,103.57421875,509.0
2025-03-04 20:15:00+00:00,103.5703125,103.5703125,103.56640625,103.56640625,373.0
2025-03-04 20:16:00+00:00,103.5703125,103.5703125,103.56640625,103.5703125,519.0
2025-03-04 20:17:00+00:00,103.56640625,103.5703125,103.56640625,103.5703125,61.0
2025-03-04 20:18:00+00:00,103.5625,103.5625,103.55859375,103.5625,321.0
2025-03-04 20:19:00+00:00,103.55859375,103.55859375,103.3203125,103.55859375,289.0
2025-03-04 20:20:00+00:00,103.5625,103.5625,103.55859375,103.55859375,1188.0
2025-03-04 20:21:00+00:00,103.5625,103.5625,103.5625,103.5625,854.0
2025-03-04 20:22:00+00:00,103.55859375,103.5625,103.5546875,103.5625,4622.0
2025-03-04 20:23:00+00:00,103.5546875,103.55859375,103.55078125,103.55859375,3571.0
2025-03-04 20:24:00+00:00,103.5546875,103.55859375,103.55078125,103.5546875,1156.0
2025-03-04 20:25:00+00:00,103.55078125,103.5546875,103.55078125,103.5546875,954.0
2025-03-04 20:26:00+00:00,103.5546875,103.5546875,103.55078125,103.5546875,687.0
2025-03-04 20:27:00+00:00,103.5546875,103.5546875,103.5546875,103.5546875,138.0
2025-03-04 20:28:00+00:00,103.5625,103.5625,103.5546875,103.55859375,853.0
2025-03-04 20:29:00+00:00,103.55859375,103.5625,103.55859375,103.55859375,115.0
2025-03-04 20:30:00+00:00,103.5625,103.5625,103.55859375,103.55859375,1834.0
2025-03-04 20:31:00+00:00,103.56640625,103.5703125,103.56640625,103.56640625,480.0
2025-03-04 20:32:00+00:00,103.5703125,103.57421875,103.5703125,103.5703125,2400.0
2025-03-04 20:33:00+00:00,103.578125,103.578125,103.5703125,103.57421875,7853.0
2025-03-04 20:34:00+00:00,103.5703125,103.58203125,103.5703125,103.58203125,1464.0
2025-03-04 20:35:00+00:00,103.56640625,103.5703125,103.56640625,103.5703125,703.0
2025-03-04 20:36:00+00:00,103.56640625,103.56640625,103.5625,103.56640625,368.0
2025-03-04 20:37:00+00:00,103.5703125,103.5703125,103.56640625,103.56640625,785.0
2025-03-04 20:38:00+00:00,103.578125,103.578125,103.5703125,103.5703125,2305.0
2025-03-04 20:39:00+00:00,103.57421875,103.578125,103.57421875,103.578125,680.0
2025-03-04 20:40:00+00:00,103.58203125,103.58203125,103.578125,103.578125,1666.0
2025-03-04 20:41:00+00:00,103.58203125,103.58203125,103.578125,103.578125,1044.0
2025-03-04 20:42:00+00:00,103.58203125,103.5859375,103.578125,103.58203125,1588.0
2025-03-04 20:43:00+00:00,103.578125,103.58203125,103.578125,103.578125,829.0
2025-03-04 20:44:00+00:00,103.58203125,103.58203125,103.578125,103.58203125,716.0
2025-03-04 20:45:00+00:00,103.58203125,103.58203125,103.578125,103.578125,957.0
2025-03-04 20:46:00+00:00,103.5859375,103.5859375,103.578125,103.58203125,282.0
2025-03-04 20:47:00+00:00,103.5859375,103.58984375,103.58203125,103.58203125,628.0
2025-03-04 20:48:00+00:00,103.58203125,103.5859375,103.58203125,103.5859375,270.0
2025-03-04 20:49:00+00:00,103.58203125,103.5859375,103.58203125,103.58203125,458.0
2025-03-04 20:50:00+00:00,103.60546875,103.60546875,103.34765625,103.5859375,3385.0
2025-03-04 20:51:00+00:00,103.359375,103.609375,103.359375,103.60546875,0.0
2025-03-04 20:52:00+00:00,103.6171875,103.6171875,103.60546875,103.60546875,1233139.0
2025-03-04 20:53:00+00:00,103.609375,103.6171875,103.60546875,103.6171875,2889.0
2025-03-04 20:54:00+00:00,103.6171875,103.6171875,103.609375,103.609375,1125.0
2025-03-04 20:55:00+00:00,103.61328125,103.61328125,103.609375,103.61328125,2068.0
2025-03-04 20:56:00+00:00,103.61328125,103.62109375,103.61328125,103.61328125,2709.0
2025-03-04 20:57:00+00:00,103.609375,103.61328125,103.609375,103.61328125,718.0
2025-03-04 20:58:00+00:00,103.609375,103.61328125,103.609375,103.61328125,1274.0
2025-03-04 20:59:00+00:00,103.60546875,103.61328125,103.6015625,103.61328125,4992.0
2025-03-04 21:00:00+00:00,103.3515625,103.609375,103.3515625,103.60546875,0.0
2025-03-04 21:01:00+00:00,103.59765625,103.60546875,103.59765625,103.6015625,1254283.0
2025-03-04 21:02:00+00:00,103.6015625,103.6015625,103.6015625,103.6015625,962.0
2025-03-04 21:03:00+00:00,103.6015625,103.60546875,103.59765625,103.60546875,221.0
2025-03-04 21:04:00+00:00,103.6015625,103.60546875,103.6015625,103.60546875,618.0
2025-03-04 21:05:00+00:00,103.59375,103.60546875,103.59375,103.6015625,858.0
2025-03-04 21:06:00+00:00,103.59375,103.59375,103.3515625,103.59375,322.0
2025-03-04 21:07:00+00:00,103.58984375,103.59375,103.5859375,103.59375,829.0
2025-03-04 21:08:00+00:00,103.58984375,103.58984375,103.5859375,103.58984375,1128.0
2025-03-04 21:09:00+00:00,103.58984375,103.58984375,103.5859375,103.58984375,787.0
2025-03-04 21:10:00+00:00,103.5859375,103.58984375,103.5859375,103.58984375,1045.0
2025-03-04 21:11:00+00:00,103.58203125,103.5859375,103.58203125,103.5859375,2242.0
2025-03-04 21:12:00+00:00,103.578125,103.578125,103.57421875,103.578125,218.0
2025-03-04 21:13:00+00:00,103.57421875,103.578125,103.57421875,103.578125,1124.0
2025-03-04 21:14:00+00:00,103.5703125,103.5703125,103.5703125,103.5703125,2737.0
2025-03-04 21:15:00+00:00,103.56640625,103.57421875,103.56640625,103.57421875,1934.0
2025-03-04 21:16:00+00:00,103.56640625,103.56640625,103.56640625,103.56640625,428.0
2025-03-04 21:17:00+00:00,103.5625,103.56640625,103.5625,103.56640625,513.0
2025-03-04 21:18:00+00:00,103.55859375,103.5625,103.55859375,103.5625,120.0
2025-03-04 21:19:00+00:00,103.55078125,103.55859375,103.55078125,103.55859375,3330.0
2025-03-04 21:20:00+00:00,103.53125,103.546875,103.53125,103.546875,5095.0
2025-03-04 21:21:00+00:00,103.515625,103.53125,103.51171875,103.53125,2033.0
2025-03-04 21:22:00+00:00,103.51171875,103.51953125,103.5078125,103.515625,5827.0
2025-03-04 21:23:00+00:00,103.51171875,103.515625,103.5078125,103.51171875,2021.0
2025-03-04 21:24:00+00:00,103.5078125,103.515625,103.5078125,103.51171875,949.0
2025-03-04 21:25:00+00:00,103.49609375,103.51171875,103.4921875,103.51171875,2731.0
2025-03-04 21:26:00+00:00,103.49609375,103.5,103.49609375,103.49609375,2022.0
2025-03-04 21:27:00+00:00,103.4921875,103.50390625,103.4921875,103.49609375,1914.0
2025-03-04 21:28:00+00:00,103.5,103.5,103.48828125,103.49609375,3937.0
2025-03-04 21:29:00+00:00,103.51953125,103.51953125,103.50390625,103.50390625,2408.0
2025-03-04 21:30:00+00:00,103.5234375,103.52734375,103.26171875,103.51953125,820.0
2025-03-04 21:31:00+00:00,103.515625,103.51953125,103.2578125,103.51953125,1240.0
2025-03-04 21:32:00+00:00,103.51953125,103.51953125,103.26171875,103.515625,1156.0
2025-03-04 21:33:00+00:00,103.5234375,103.52734375,103.26953125,103.26953125,1949.0
2025-03-04 21:34:00+00:00,103.51953125,103.52734375,103.515625,103.5234375,1092.0
2025-03-04 21:35:00+00:00,103.515625,103.5234375,103.26171875,103.51953125,1697.0
2025-03-04 21:36:00+00:00,103.515625,103.515625,103.51171875,103.515625,2246.0
2025-03-04 21:37:00+00:00,103.25390625,103.515625,103.25390625,103.515625,0.0
2025-03-04 21:38:00+00:00,103.25390625,103.51171875,103.25390625,103.25390625,5.0
2025-03-04 21:39:00+00:00,103.51953125,103.5234375,103.25390625,103.5078125,1315404.0
2025-03-04 21:40:00+00:00,103.51953125,103.51953125,103.51953125,103.51953125,964.0
2025-03-04 21:41:00+00:00,103.51171875,103.51953125,103.25390625,103.265625,1648.0
2025-03-04 21:42:00+00:00,103.5078125,103.51171875,103.25390625,103.51171875,561.0
2025-03-04 21:43:00+00:00,103.24609375,103.5078125,103.24609375,103.5078125,0.0
2025-03-04 21:44:00+00:00,103.50390625,103.50390625,103.24609375,103.5,1320644.0
2025-03-04 21:45:00+00:00,103.265625,103.5078125,103.25,103.50390625,0.0
2025-03-04 21:46:00+00:00,103.26171875,103.5,103.26171875,103.5,20.0
2025-03-04 21:47:00+00:00,103.49609375,103.49609375,103.26953125,103.49609375,1323361.0
2025-03-04 21:48:00+00:00,103.4921875,103.49609375,103.265625,103.49609375,1272.0
2025-03-04 21:49:00+00:00,103.49609375,103.49609375,103.24609375,103.4921875,2225.0
2025-03-04 21:50:00+00:00,103.49609375,103.5,103.24609375,103.49609375,4086.0
2025-03-04 21:51:00+00:00,103.25,103.49609375,103.25,103.25,0.0
2025-03-04 21:52:00+00:00,103.25,103.49609375,103.25,103.4921875,3.0
2025-03-04 21:53:00+00:00,103.49609375,103.5,103.25390625,103.49609375,1331804.0
2025-03-04 21:54:00+00:00,103.25390625,103.49609375,103.25390625,103.49609375,0.0
2025-03-04 21:55:00+00:00,103.48828125,103.49609375,103.25390625,103.49609375,1332261.0
2025-03-04 21:56:00+00:00,103.48828125,103.4921875,103.24609375,103.48828125,329.0
2025-03-04 21:57:00+00:00,103.4921875,103.4921875,103.25390625,103.4921875,1427.0
2025-03-04 21:58:00+00:00,103.49609375,103.5,103.4921875,103.4921875,320.0
2025-03-04 21:59:00+00:00,103.48828125,103.49609375,103.484375,103.4921875,0.0
2025-03-04 23:00:00+00:00,103.4765625,103.484375,103.47265625,103.484375,849.0
2025-03-04 23:01:00+00:00,103.4765625,103.48046875,103.4765625,103.4765625,9.0
2025-03-04 23:02:00+00:00,103.48828125,103.4921875,103.4765625,103.4765625,3242.0
2025-03-04 23:03:00+00:00,103.48828125,103.48828125,103.48828125,103.48828125,5.0
2025-03-04 23:04:00+00:00,103.48828125,103.48828125,103.48828125,103.48828125,61.0
2025-03-04 23:05:00+00:00,103.48828125,103.4921875,103.48828125,103.4921875,98.0
2025-03-04 23:06:00+00:00,103.4921875,103.4921875,103.4921875,103.4921875,100.0
2025-03-04 23:07:00+00:00,103.48828125,103.48828125,103.48828125,103.48828125,130.0
2025-03-04 23:10:00+00:00,103.48828125,103.4921875,103.48828125,103.4921875,373.0
2025-03-04 23:11:00+00:00,103.48828125,103.48828125,103.48828125,103.48828125,17.0
2025-03-04 23:12:00+00:00,103.4921875,103.4921875,103.48828125,103.48828125,40.0
2025-03-04 23:13:00+00:00,103.48828125,103.48828125,103.48828125,103.48828125,70.0
2025-03-04 23:15:00+00:00,103.48828125,103.48828125,103.48828125,103.48828125,2.0
2025-03-04 23:17:00+00:00,103.49609375,103.49609375,103.4921875,103.4921875,75.0
2025-03-04 23:18:00+00:00,103.49609375,103.49609375,103.49609375,103.49609375,75.0
2025-03-04 23:19:00+00:00,103.49609375,103.49609375,103.49609375,103.49609375,431.0
2025-03-04 23:20:00+00:00,103.5,103.5,103.5,103.5,189.0
2025-03-04 23:21:00+00:00,103.5,103.5,103.5,103.5,21.0
2025-03-04 23:23:00+00:00,103.50390625,103.50390625,103.50390625,103.50390625,219.0
2025-03-04 23:24:00+00:00,103.51171875,103.51171875,103.5078125,103.5078125,99.0
2025-03-04 23:25:00+00:00,103.51171875,103.515625,103.51171875,103.51171875,444.0
2025-03-04 23:26:00+00:00,103.5078125,103.515625,103.5078125,103.51171875,433.0
2025-03-04 23:27:00+00:00,103.50390625,103.5078125,103.50390625,103.5078125,83.0
2025-03-04 23:28:00+00:00,103.51171875,103.51171875,103.5078125,103.5078125,65.0
2025-03-04 23:29:00+00:00,103.51171875,103.51171875,103.51171875,103.51171875,64.0
2025-03-04 23:30:00+00:00,103.5078125,103.51171875,103.5078125,103.5078125,162.0
2025-03-04 23:31:00+00:00,103.5078125,103.5078125,103.50390625,103.5078125,124.0
2025-03-04 23:32:00+00:00,103.51171875,103.51171875,103.51171875,103.51171875,49.0
2025-03-04 23:33:00+00:00,103.51171875,103.515625,103.51171875,103.515625,27.0
2025-03-04 23:34:00+00:00,103.51171875,103.51171875,103.5078125,103.5078125,505.0
2025-03-04 23:35:00+00:00,103.5078125,103.51171875,103.5078125,103.51171875,83.0
2025-03-04 23:36:00+00:00,103.51171875,103.51171875,103.5078125,103.5078125,92.0
2025-03-04 23:37:00+00:00,103.51171875,103.515625,103.51171875,103.515625,19.0
2025-03-04 23:39:00+00:00,103.5078125,103.5078125,103.5078125,103.5078125,1.0
2025-03-04 23:40:00+00:00,103.51171875,103.51171875,103.51171875,103.51171875,44.0
2025-03-04 23:41:00+00:00,103.51171875,103.51171875,103.51171875,103.51171875,24.0
2025-03-04 23:42:00+00:00,103.5078125,103.51171875,103.5078125,103.5078125,52.0
2025-03-04 23:44:00+00:00,103.51171875,103.51171875,103.51171875,103.51171875,148.0
2025-03-04 23:45:00+00:00,103.515625,103.515625,103.51171875,103.51171875,271.0
2025-03-04 23:46:00+00:00,103.515625,103.515625,103.515625,103.515625,305.0
2025-03-04 23:47:00+00:00,103.51171875,103.515625,103.51171875,103.515625,161.0
2025-03-04 23:48:00+00:00,103.51953125,103.51953125,103.51171875,103.51171875,371.0
2025-03-04 23:49:00+00:00,103.515625,103.51953125,103.515625,103.51953125,689.0
2025-03-04 23:50:00+00:00,103.515625,103.515625,103.515625,103.515625,59.0
2025-03-04 23:51:00+00:00,103.515625,103.515625,103.515625,103.515625,19.0
2025-03-04 23:52:00+00:00,103.51953125,103.5234375,103.51953125,103.51953125,107.0
2025-03-04 23:53:00+00:00,103.51953125,103.51953125,103.51953125,103.51953125,37.0
2025-03-04 23:55:00+00:00,103.5234375,103.5234375,103.5234375,103.5234375,219.0
2025-03-04 23:56:00+00:00,103.51953125,103.51953125,103.51953125,103.51953125,4.0
2025-03-04 23:57:00+00:00,103.51953125,103.51953125,103.51953125,103.51953125,291.0
2025-03-04 23:58:00+00:00,103.51953125,103.51953125,103.51953125,103.51953125,153.0
2025-03-05 00:00:00+00:00,103.51953125,103.51953125,103.515625,103.515625,58.0
2025-03-05 00:01:00+00:00,103.51953125,103.51953125,103.51953125,103.51953125,112.0
2025-03-05 00:02:00+00:00,103.51953125,103.51953125,103.51953125,103.51953125,122.0
2025-03-05 00:03:00+00:00,103.51953125,103.51953125,103.51953125,103.51953125,145.0
2025-03-05 00:04:00+00:00,103.5234375,103.5234375,103.5234375,103.5234375,1.0
2025-03-05 00:05:00+00:00,103.5234375,103.5234375,103.5234375,103.5234375,455.0
2025-03-05 00:06:00+00:00,103.5234375,103.52734375,103.5234375,103.5234375,155.0
2025-03-05 00:07:00+00:00,103.52734375,103.52734375,103.52734375,103.52734375,124.0
2025-03-05 00:08:00+00:00,103.52734375,103.52734375,103.52734375,103.52734375,80.0
2025-03-05 00:09:00+00:00,103.53125,103.53125,103.53125,103.53125,143.0
2025-03-05 00:10:00+00:00,103.53125,103.53125,103.53125,103.53125,113.0
2025-03-05 00:11:00+00:00,103.53125,103.53515625,103.53125,103.53125,13.0
2025-03-05 00:12:00+00:00,103.53125,103.53125,103.53125,103.53125,297.0
2025-03-05 00:13:00+00:00,103.53125,103.53125,103.53125,103.53125,2.0
2025-03-05 00:14:00+00:00,103.53125,103.53125,103.53125,103.53125,421.0
2025-03-05 00:15:00+00:00,103.53125,103.53125,103.53125,103.53125,206.0
2025-03-05 00:16:00+00:00,103.53515625,103.53515625,103.53125,103.53125,30.0
2025-03-05 00:17:00+00:00,103.53515625,103.53515625,103.53515625,103.53515625,835.0
2025-03-05 00:18:00+00:00,103.5390625,103.5390625,103.5390625,103.5390625,291.0
2025-03-05 00:19:00+00:00,103.5390625,103.5390625,103.5390625,103.5390625,177.0
2025-03-05 00:20:00+00:00,103.5390625,103.5390625,103.5390625,103.5390625,14.0
2025-03-05 00:21:00+00:00,103.54296875,103.54296875,103.5390625,103.5390625,158.0
2025-03-05 00:22:00+00:00,103.5390625,103.5390625,103.5390625,103.5390625,168.0
2025-03-05 00:23:00+00:00,103.54296875,103.546875,103.5390625,103.5390625,1560.0
2025-03-05 00:24:00+00:00,103.54296875,103.54296875,103.54296875,103.54296875,297.0
2025-03-05 00:25:00+00:00,103.546875,103.546875,103.54296875,103.54296875,868.0
2025-03-05 00:26:00+00:00,103.546875,103.55078125,103.546875,103.546875,240.0
2025-03-05 00:27:00+00:00,103.546875,103.546875,103.546875,103.546875,108.0
2025-03-05 00:28:00+00:00,103.54296875,103.54296875,103.54296875,103.54296875,417.0
2025-03-05 00:29:00+00:00,103.5390625,103.54296875,103.5390625,103.54296875,213.0
2025-03-05 00:30:00+00:00,103.5390625,103.5390625,103.5390625,103.5390625,201.0
2025-03-05 00:31:00+00:00,103.54296875,103.54296875,103.5390625,103.5390625,273.0
2025-03-05 00:32:00+00:00,103.5390625,103.54296875,103.53125,103.54296875,6050.0
2025-03-05 00:33:00+00:00,103.53515625,103.53515625,103.53515625,103.53515625,660.0
2025-03-05 00:34:00+00:00,103.5390625,103.5390625,103.5390625,103.5390625,595.0
2025-03-05 00:35:00+00:00,103.5390625,103.5390625,103.5390625,103.5390625,151.0
2025-03-05 00:37:00+00:00,103.54296875,103.54296875,103.54296875,103.54296875,218.0
2025-03-05 00:38:00+00:00,103.54296875,103.54296875,103.54296875,103.54296875,1.0
2025-03-05 00:39:00+00:00,103.54296875,103.54296875,103.54296875,103.54296875,5.0
2025-03-05 00:40:00+00:00,103.54296875,103.54296875,103.54296875,103.54296875,4.0
2025-03-05 00:41:00+00:00,103.53515625,103.54296875,103.53515625,103.54296875,248.0
2025-03-05 00:42:00+00:00,103.52734375,103.53515625,103.52734375,103.53515625,322.0
2025-03-05 00:43:00+00:00,103.52734375,103.52734375,103.5234375,103.52734375,772.0
2025-03-05 00:44:00+00:00,103.5234375,103.52734375,103.5234375,103.52734375,38.0
2025-03-05 00:45:00+00:00,103.5234375,103.5234375,103.5234375,103.5234375,256.0
2025-03-05 00:46:00+00:00,103.5234375,103.5234375,103.5234375,103.5234375,196.0
2025-03-05 00:47:00+00:00,103.5234375,103.5234375,103.5234375,103.5234375,54.0
2025-03-05 00:48:00+00:00,103.5234375,103.5234375,103.5234375,103.5234375,75.0
2025-03-05 00:49:00+00:00,103.5234375,103.5234375,103.5234375,103.5234375,16.0
2025-03-05 00:50:00+00:00,103.52734375,103.52734375,103.52734375,103.52734375,67.0
2025-03-05 00:52:00+00:00,103.52734375,103.52734375,103.52734375,103.52734375,34.0
2025-03-05 00:53:00+00:00,103.53125,103.53125,103.52734375,103.52734375,96.0
2025-03-05 00:54:00+00:00,103.53125,103.53125,103.53125,103.53125,26.0
2025-03-05 00:55:00+00:00,103.52734375,103.52734375,103.52734375,103.52734375,12.0
2025-03-05 00:56:00+00:00,103.52734375,103.52734375,103.52734375,103.52734375,114.0
2025-03-05 00:57:00+00:00,103.5234375,103.52734375,103.5234375,103.52734375,95.0
2025-03-05 00:59:00+00:00,103.51953125,103.51953125,103.51953125,103.51953125,172.0
2025-03-05 01:00:00+00:00,103.5234375,103.5234375,103.51953125,103.51953125,285.0
2025-03-05 01:01:00+00:00,103.5234375,103.5234375,103.5234375,103.5234375,73.0
2025-03-05 01:02:00+00:00,103.5234375,103.5234375,103.51953125,103.5234375,223.0
2025-03-05 01:03:00+00:00,103.51953125,103.5234375,103.51953125,103.5234375,102.0
2025-03-05 01:04:00+00:00,103.51953125,103.51953125,103.51953125,103.51953125,284.0
2025-03-05 01:05:00+00:00,103.52734375,103.52734375,103.5234375,103.5234375,198.0
2025-03-05 01:06:00+00:00,103.53125,103.53125,103.53125,103.53125,15.0
2025-03-05 01:07:00+00:00,103.53125,103.53125,103.53125,103.53125,349.0
2025-03-05 01:08:00+00:00,103.52734375,103.52734375,103.52734375,103.52734375,88.0
2025-03-05 01:10:00+00:00,103.52734375,103.52734375,103.5234375,103.52734375,359.0
2025-03-05 01:11:00+00:00,103.53125,103.53125,103.53125,103.53125,5.0
2025-03-05 01:12:00+00:00,103.52734375,103.52734375,103.52734375,103.52734375,185.0
2025-03-05 01:13:00+00:00,103.52734375,103.52734375,103.52734375,103.52734375,3.0
2025-03-05 01:14:00+00:00,103.53125,103.53125,103.52734375,103.52734375,162.0
2025-03-05 01:15:00+00:00,103.53125,103.53125,103.53125,103.53125,195.0
2025-03-05 01:16:00+00:00,103.53125,103.53125,103.53125,103.53125,17.0
2025-03-05 01:17:00+00:00,103.52734375,103.52734375,103.52734375,103.52734375,157.0
2025-03-05 01:18:00+00:00,103.52734375,103.52734375,103.52734375,103.52734375,77.0
2025-03-05 01:19:00+00:00,103.52734375,103.52734375,103.52734375,103.52734375,166.0
2025-03-05 01:20:00+00:00,103.52734375,103.52734375,103.52734375,103.52734375,192.0
2025-03-05 01:21:00+00:00,103.52734375,103.52734375,103.52734375,103.52734375,266.0
2025-03-05 01:22:00+00:00,103.51953125,103.52734375,103.515625,103.52734375,1705.0
2025-03-05 01:23:00+00:00,103.51953125,103.51953125,103.51953125,103.51953125,159.0
2025-03-05 01:24:00+00:00,103.484375,103.515625,103.48046875,103.515625,6976.0
2025-03-05 01:25:00+00:00,103.4921875,103.49609375,103.484375,103.484375,747.0
2025-03-05 01:26:00+00:00,103.48828125,103.4921875,103.48828125,103.48828125,664.0
2025-03-05 01:27:00+00:00,103.48046875,103.48828125,103.4765625,103.48828125,2538.0
2025-03-05 01:28:00+00:00,103.49609375,103.49609375,103.4765625,103.48046875,2722.0
2025-03-05 01:29:00+00:00,103.49609375,103.5,103.49609375,103.49609375,75.0
2025-03-05 01:30:00+00:00,103.51171875,103.51171875,103.5,103.5,1298.0
2025-03-05 01:31:00+00:00,103.5078125,103.515625,103.5,103.51171875,1350.0
2025-03-05 01:32:00+00:00,103.51953125,103.51953125,103.51171875,103.51171875,209.0
2025-03-05 01:33:00+00:00,103.51171875,103.5234375,103.51171875,103.51953125,468.0
2025-03-05 01:34:00+00:00,103.5078125,103.515625,103.5078125,103.51171875,165.0
2025-03-05 01:35:00+00:00,103.51171875,103.515625,103.50390625,103.5078125,635.0
2025-03-05 01:36:00+00:00,103.51953125,103.51953125,103.515625,103.515625,177.0
2025-03-05 01:37:00+00:00,103.5,103.515625,103.49609375,103.515625,7544.0
2025-03-05 01:38:00+00:00,103.5,103.5,103.49609375,103.5,367.0
2025-03-05 01:39:00+00:00,103.4921875,103.50390625,103.4921875,103.50390625,561.0
2025-03-05 01:40:00+00:00,103.48046875,103.49609375,103.48046875,103.49609375,2417.0
2025-03-05 01:41:00+00:00,103.48046875,103.484375,103.48046875,103.484375,564.0
2025-03-05 01:42:00+00:00,103.48046875,103.48046875,103.4765625,103.48046875,691.0
2025-03-05 01:43:00+00:00,103.4765625,103.484375,103.4765625,103.484375,191.0
2025-03-05 01:44:00+00:00,103.4765625,103.48046875,103.25390625,103.48046875,443.0
2025-03-05 01:45:00+00:00,103.48046875,103.484375,103.4765625,103.48046875,376.0
2025-03-05 01:46:00+00:00,103.4765625,103.48046875,103.25390625,103.48046875,302.0
2025-03-05 01:47:00+00:00,103.4765625,103.4765625,103.47265625,103.4765625,223.0
2025-03-05 01:48:00+00:00,103.4765625,103.4765625,103.4765625,103.4765625,424.0
2025-03-05 01:49:00+00:00,103.484375,103.484375,103.48046875,103.48046875,406.0
2025-03-05 01:50:00+00:00,103.484375,103.48828125,103.48046875,103.484375,251.0
2025-03-05 01:51:00+00:00,103.48828125,103.48828125,103.484375,103.484375,276.0
2025-03-05 01:52:00+00:00,103.48046875,103.48828125,103.48046875,103.48828125,82.0
2025-03-05 01:53:00+00:00,103.484375,103.48828125,103.484375,103.484375,116.0
2025-03-05 01:54:00+00:00,103.48828125,103.48828125,103.48828125,103.48828125,119.0
2025-03-05 01:55:00+00:00,103.48828125,103.4921875,103.48828125,103.4921875,158.0
2025-03-05 01:56:00+00:00,103.5,103.5,103.4921875,103.4921875,513.0
2025-03-05 01:57:00+00:00,103.5,103.5,103.5,103.5,6.0
2025-03-05 01:58:00+00:00,103.5,103.5,103.5,103.5,162.0
2025-03-05 01:59:00+00:00,103.49609375,103.5,103.49609375,103.5,213.0
2025-03-05 02:00:00+00:00,103.49609375,103.49609375,103.49609375,103.49609375,184.0
2025-03-05 02:01:00+00:00,103.49609375,103.5,103.49609375,103.49609375,605.0
2025-03-05 02:02:00+00:00,103.5,103.50390625,103.5,103.5,218.0
2025-03-05 02:04:00+00:00,103.49609375,103.5,103.49609375,103.5,292.0
2025-03-05 02:05:00+00:00,103.50390625,103.50390625,103.4921875,103.49609375,141.0
2025-03-05 02:07:00+00:00,103.50390625,103.5078125,103.50390625,103.5078125,326.0
2025-03-05 02:08:00+00:00,103.50390625,103.5078125,103.50390625,103.5078125,133.0
2025-03-05 02:09:00+00:00,103.50390625,103.50390625,103.50390625,103.50390625,39.0
2025-03-05 02:10:00+00:00,103.50390625,103.5078125,103.50390625,103.50390625,31.0
2025-03-05 02:11:00+00:00,103.50390625,103.50390625,103.5,103.50390625,73.0
2025-03-05 02:12:00+00:00,103.5078125,103.5078125,103.5078125,103.5078125,288.0
2025-03-05 02:13:00+00:00,103.5078125,103.5078125,103.5078125,103.5078125,91.0
2025-03-05 02:14:00+00:00,103.5078125,103.5078125,103.5078125,103.5078125,135.0
2025-03-05 02:15:00+00:00,103.5078125,103.5078125,103.5078125,103.5078125,72.0
2025-03-05 02:16:00+00:00,103.5078125,103.5078125,103.5078125,103.5078125,31.0
2025-03-05 02:17:00+00:00,103.51171875,103.51171875,103.5078125,103.5078125,125.0
2025-03-05 02:18:00+00:00,103.515625,103.515625,103.51171875,103.51171875,17.0
2025-03-05 02:20:00+00:00,103.5078125,103.51171875,103.5078125,103.51171875,237.0
2025-03-05 02:21:00+00:00,103.50390625,103.5078125,103.50390625,103.5078125,110.0
2025-03-05 02:22:00+00:00,103.50390625,103.50390625,103.50390625,103.50390625,2.0
2025-03-05 02:23:00+00:00,103.50390625,103.50390625,103.5,103.5,3.0
2025-03-05 02:24:00+00:00,103.5078125,103.5078125,103.50390625,103.50390625,232.0
2025-03-05 02:25:00+00:00,103.5078125,103.5078125,103.5078125,103.5078125,259.0
2025-03-05 02:26:00+00:00,103.51171875,103.51171875,103.51171875,103.51171875,103.0
2025-03-05 02:27:00+00:00,103.51171875,103.51171875,103.51171875,103.51171875,101.0
2025-03-05 02:28:00+00:00,103.51171875,103.51171875,103.5078125,103.5078125,40.0
2025-03-05 02:29:00+00:00,103.51171875,103.51171875,103.51171875,103.51171875,90.0
2025-03-05 02:31:00+00:00,103.51171875,103.515625,103.51171875,103.51171875,238.0
2025-03-05 02:32:00+00:00,103.5078125,103.5078125,103.5078125,103.5078125,109.0
2025-03-05 02:34:00+00:00,103.5078125,103.5078125,103.5078125,103.5078125,178.0
2025-03-05 02:36:00+00:00,103.5078125,103.5078125,103.5078125,103.5078125,111.0
2025-03-05 02:38:00+00:00,103.5078125,103.51171875,103.5078125,103.5078125,153.0
2025-03-05 02:40:00+00:00,103.5078125,103.5078125,103.5078125,103.5078125,33.0
2025-03-05 02:41:00+00:00,103.5078125,103.5078125,103.5078125,103.5078125,305.0
2025-03-05 02:42:00+00:00,103.515625,103.515625,103.51171875,103.51171875,187.0
2025-03-05 02:43:00+00:00,103.5078125,103.51171875,103.5078125,103.51171875,66.0
2025-03-05 02:44:00+00:00,103.5078125,103.5078125,103.5078125,103.5078125,15.0
2025-03-05 02:45:00+00:00,103.5078125,103.5078125,103.5078125,103.5078125,27.0
2025-03-05 02:46:00+00:00,103.5078125,103.5078125,103.5078125,103.5078125,187.0
2025-03-05 02:47:00+00:00,103.5078125,103.51171875,103.5078125,103.5078125,113.0
2025-03-05 02:48:00+00:00,103.5,103.50390625,103.5,103.50390625,506.0
2025-03-05 02:49:00+00:00,103.5,103.5078125,103.5,103.5,231.0
2025-03-05 02:50:00+00:00,103.50390625,103.50390625,103.50390625,103.50390625,64.0
2025-03-05 02:51:00+00:00,103.50390625,103.50390625,103.50390625,103.50390625,26.0
2025-03-05 02:52:00+00:00,103.51171875,103.51171875,103.5078125,103.5078125,63.0
2025-03-05 02:53:00+00:00,103.51171875,103.51171875,103.51171875,103.51171875,52.0
2025-03-05 02:54:00+00:00,103.5078125,103.51171875,103.5078125,103.51171875,158.0
2025-03-05 02:55:00+00:00,103.5078125,103.5078125,103.5078125,103.5078125,54.0
2025-03-05 02:56:00+00:00,103.50390625,103.5078125,103.50390625,103.5078125,117.0
2025-03-05 02:57:00+00:00,103.5078125,103.5078125,103.50390625,103.50390625,57.0
2025-03-05 02:58:00+00:00,103.515625,103.515625,103.51171875,103.51171875,358.0
2025-03-05 02:59:00+00:00,103.515625,103.515625,103.51171875,103.51171875,141.0
2025-03-05 03:00:00+00:00,103.51953125,103.51953125,103.515625,103.515625,250.0
2025-03-05 03:01:00+00:00,103.52734375,103.53125,103.5234375,103.5234375,1123.0
2025-03-05 03:02:00+00:00,103.5234375,103.52734375,103.5234375,103.5234375,428.0
2025-03-05 03:03:00+00:00,103.52734375,103.52734375,103.5234375,103.5234375,478.0
2025-03-05 03:04:00+00:00,103.52734375,103.52734375,103.52734375,103.52734375,15.0
2025-03-05 03:05:00+00:00,103.52734375,103.52734375,103.5234375,103.52734375,67.0
2025-03-05 03:06:00+00:00,103.52734375,103.52734375,103.52734375,103.52734375,30.0
2025-03-05 03:07:00+00:00,103.5234375,103.5234375,103.51953125,103.5234375,596.0
2025-03-05 03:08:00+00:00,103.51953125,103.5234375,103.51953125,103.5234375,84.0
2025-03-05 03:09:00+00:00,103.51953125,103.51953125,103.51953125,103.51953125,65.0
2025-03-05 03:10:00+00:00,103.51953125,103.51953125,103.51953125,103.51953125,253.0
2025-03-05 03:11:00+00:00,103.51953125,103.51953125,103.51953125,103.51953125,108.0
2025-03-05 03:12:00+00:00,103.51953125,103.51953125,103.515625,103.51953125,172.0
2025-03-05 03:13:00+00:00,103.5234375,103.52734375,103.5234375,103.5234375,412.0
2025-03-05 03:14:00+00:00,103.5234375,103.5234375,103.51953125,103.5234375,100.0
2025-03-05 03:15:00+00:00,103.5234375,103.5234375,103.5234375,103.5234375,9.0
2025-03-05 03:16:00+00:00,103.5234375,103.5234375,103.5234375,103.5234375,495.0
2025-03-05 03:17:00+00:00,103.5234375,103.5234375,103.51953125,103.5234375,785.0
2025-03-05 03:18:00+00:00,103.5234375,103.5234375,103.51953125,103.5234375,63.0
2025-03-05 03:19:00+00:00,103.5234375,103.5234375,103.51953125,103.5234375,56.0
2025-03-05 03:21:00+00:00,103.5234375,103.5234375,103.51953125,103.5234375,78.0
2025-03-05 03:22:00+00:00,103.5234375,103.5234375,103.51953125,103.5234375,32.0
2025-03-05 03:24:00+00:00,103.5234375,103.5234375,103.51953125,103.51953125,237.0
2025-03-05 03:25:00+00:00,103.5234375,103.5234375,103.51953125,103.5234375,14.0
2025-03-05 03:26:00+00:00,103.5234375,103.5234375,103.5234375,103.5234375,277.0
2025-03-05 03:28:00+00:00,103.5234375,103.5234375,103.5234375,103.5234375,35.0
2025-03-05 03:30:00+00:00,103.515625,103.51953125,103.515625,103.51953125,331.0
2025-03-05 03:31:00+00:00,103.515625,103.515625,103.515625,103.515625,80.0
2025-03-05 03:32:00+00:00,103.515625,103.515625,103.51171875,103.51171875,365.0
2025-03-05 03:33:00+00:00,103.515625,103.515625,103.515625,103.515625,37.0
2025-03-05 03:36:00+00:00,103.51953125,103.51953125,103.51953125,103.51953125,106.0
2025-03-05 03:37:00+00:00,103.51953125,103.51953125,103.51953125,103.51953125,27.0
2025-03-05 03:38:00+00:00,103.51953125,103.5234375,103.51953125,103.5234375,296.0
2025-03-05 03:39:00+00:00,103.51953125,103.5234375,103.51953125,103.5234375,142.0
2025-03-05 03:41:00+00:00,103.515625,103.515625,103.515625,103.515625,515.0
2025-03-05 03:42:00+00:00,103.51171875,103.515625,103.51171875,103.515625,258.0
2025-03-05 03:43:00+00:00,103.515625,103.515625,103.515625,103.515625,57.0
2025-03-05 03:44:00+00:00,103.515625,103.515625,103.515625,103.515625,21.0
2025-03-05 03:45:00+00:00,103.515625,103.51953125,103.515625,103.51953125,662.0
2025-03-05 03:46:00+00:00,103.51953125,103.51953125,103.51953125,103.51953125,105.0
2025-03-05 03:47:00+00:00,103.5078125,103.51953125,103.5078125,103.51953125,1067.0
2025-03-05 03:48:00+00:00,103.5078125,103.5078125,103.5078125,103.5078125,729.0
2025-03-05 03:49:00+00:00,103.51171875,103.51171875,103.5078125,103.5078125,543.0
2025-03-05 03:50:00+00:00,103.51171875,103.51171875,103.51171875,103.51171875,39.0
2025-03-05 03:51:00+00:00,103.515625,103.515625,103.515625,103.515625,39.0
2025-03-05 03:52:00+00:00,103.515625,103.515625,103.51171875,103.51171875,35.0
2025-03-05 03:53:00+00:00,103.515625,103.51953125,103.515625,103.515625,434.0
2025-03-05 03:54:00+00:00,103.515625,103.51953125,103.515625,103.51953125,269.0
2025-03-05 03:55:00+00:00,103.51171875,103.51171875,103.51171875,103.51171875,284.0
2025-03-05 03:56:00+00:00,103.515625,103.515625,103.51171875,103.51171875,226.0
2025-03-05 03:57:00+00:00,103.515625,103.515625,103.515625,103.515625,76.0
2025-03-05 03:58:00+00:00,103.515625,103.515625,103.515625,103.515625,1.0
2025-03-05 03:59:00+00:00,103.515625,103.515625,103.515625,103.515625,36.0
2025-03-05 04:00:00+00:00,103.5234375,103.5234375,103.515625,103.515625,453.0
2025-03-05 04:01:00+00:00,103.5234375,103.5234375,103.5234375,103.5234375,372.0
2025-03-05 04:02:00+00:00,103.5234375,103.5234375,103.51953125,103.5234375,426.0
2025-03-05 04:03:00+00:00,103.52734375,103.53125,103.5234375,103.5234375,1146.0
2025-03-05 04:04:00+00:00,103.53125,103.53125,103.52734375,103.52734375,394.0
2025-03-05 04:05:00+00:00,103.53125,103.53125,103.53125,103.53125,597.0
2025-03-05 04:06:00+00:00,103.53515625,103.5390625,103.53125,103.53125,798.0
2025-03-05 04:07:00+00:00,103.53515625,103.53515625,103.53515625,103.53515625,343.0
2025-03-05 04:08:00+00:00,103.52734375,103.53515625,103.52734375,103.53515625,692.0
2025-03-05 04:09:00+00:00,103.52734375,103.52734375,103.52734375,103.52734375,81.0
2025-03-05 04:11:00+00:00,103.52734375,103.52734375,103.52734375,103.52734375,2.0
2025-03-05 04:12:00+00:00,103.53515625,103.53515625,103.53125,103.53125,557.0
2025-03-05 04:14:00+00:00,103.53515625,103.53515625,103.53515625,103.53515625,196.0
2025-03-05 04:15:00+00:00,103.53125,103.5390625,103.53125,103.53515625,59.0
2025-03-05 04:17:00+00:00,103.53515625,103.53515625,103.53125,103.53125,101.0
2025-03-05 04:18:00+00:00,103.53515625,103.53515625,103.53515625,103.53515625,104.0
2025-03-05 04:19:00+00:00,103.5390625,103.5390625,103.53515625,103.53515625,237.0
2025-03-05 04:21:00+00:00,103.5390625,103.5390625,103.5390625,103.5390625,164.0
2025-03-05 04:22:00+00:00,103.54296875,103.54296875,103.5390625,103.54296875,5.0
2025-03-05 04:23:00+00:00,103.54296875,103.54296875,103.5390625,103.54296875,229.0
2025-03-05 04:24:00+00:00,103.546875,103.546875,103.5390625,103.54296875,194.0
2025-03-05 04:25:00+00:00,103.546875,103.546875,103.54296875,103.546875,56.0
2025-03-05 04:26:00+00:00,103.55078125,103.55078125,103.54296875,103.546875,1878.0
2025-03-05 04:27:00+00:00,103.55078125,103.55078125,103.55078125,103.55078125,132.0
2025-03-05 04:28:00+00:00,103.55078125,103.55078125,103.546875,103.546875,235.0
2025-03-05 04:29:00+00:00,103.55078125,103.55078125,103.55078125,103.55078125,186.0
2025-03-05 04:30:00+00:00,103.55078125,103.55078125,103.55078125,103.55078125,36.0
2025-03-05 04:31:00+00:00,103.546875,103.546875,103.546875,103.546875,319.0
2025-03-05 04:32:00+00:00,103.55078125,103.55078125,103.546875,103.546875,589.0
2025-03-05 04:33:00+00:00,103.55078125,103.55078125,103.55078125,103.55078125,163.0
2025-03-05 04:35:00+00:00,103.55078125,103.55078125,103.55078125,103.55078125,28.0
2025-03-05 04:36:00+00:00,103.54296875,103.546875,103.54296875,103.546875,100.0
2025-03-05 04:37:00+00:00,103.546875,103.546875,103.546875,103.546875,72.0
2025-03-05 04:38:00+00:00,103.546875,103.546875,103.546875,103.546875,30.0
2025-03-05 04:39:00+00:00,103.546875,103.546875,103.54296875,103.54296875,73.0
2025-03-05 04:40:00+00:00,103.546875,103.546875,103.546875,103.546875,176.0
2025-03-05 04:42:00+00:00,103.55078125,103.55078125,103.546875,103.546875,16.0
2025-03-05 04:43:00+00:00,103.55078125,103.55078125,103.55078125,103.55078125,120.0
2025-03-05 04:44:00+00:00,103.5546875,103.5546875,103.55078125,103.55078125,22.0
2025-03-05 04:45:00+00:00,103.5546875,103.5546875,103.55078125,103.55078125,345.0
2025-03-05 04:46:00+00:00,103.5546875,103.5546875,103.5546875,103.5546875,22.0
2025-03-05 04:47:00+00:00,103.55078125,103.5546875,103.55078125,103.5546875,52.0
2025-03-05 04:48:00+00:00,103.5546875,103.55859375,103.5546875,103.5546875,74.0
2025-03-05 04:49:00+00:00,103.5546875,103.55859375,103.5546875,103.55859375,82.0
2025-03-05 04:50:00+00:00,103.55078125,103.55078125,103.55078125,103.55078125,167.0
2025-03-05 04:51:00+00:00,103.55078125,103.55078125,103.55078125,103.55078125,26.0
2025-03-05 04:53:00+00:00,103.55078125,103.55078125,103.55078125,103.55078125,1.0
2025-03-05 04:54:00+00:00,103.5546875,103.5546875,103.55078125,103.5546875,92.0
2025-03-05 04:55:00+00:00,103.55078125,103.5546875,103.55078125,103.5546875,36.0
2025-03-05 04:56:00+00:00,103.55078125,103.55078125,103.55078125,103.55078125,2.0
2025-03-05 05:00:00+00:00,103.55078125,103.55078125,103.55078125,103.55078125,54.0
2025-03-05 05:01:00+00:00,103.55078125,103.55078125,103.55078125,103.55078125,113.0
2025-03-05 05:02:00+00:00,103.55078125,103.55078125,103.55078125,103.55078125,21.0
2025-03-05 05:03:00+00:00,103.55078125,103.55078125,103.55078125,103.55078125,8.0
2025-03-05 05:04:00+00:00,103.55078125,103.5546875,103.55078125,103.5546875,4.0
2025-03-05 05:05:00+00:00,103.5546875,103.5546875,103.5546875,103.5546875,1.0
2025-03-05 05:06:00+00:00,103.55078125,103.5546875,103.55078125,103.5546875,210.0
2025-03-05 05:07:00+00:00,103.55078125,103.55078125,103.546875,103.55078125,24.0
2025-03-05 05:09:00+00:00,103.55078125,103.55078125,103.55078125,103.55078125,17.0
2025-03-05 05:10:00+00:00,103.546875,103.55078125,103.546875,103.55078125,3.0
2025-03-05 05:13:00+00:00,103.54296875,103.546875,103.54296875,103.54296875,11.0
2025-03-05 05:14:00+00:00,103.54296875,103.54296875,103.54296875,103.54296875,14.0
2025-03-05 05:15:00+00:00,103.55078125,103.55078125,103.546875,103.546875,278.0
2025-03-05 05:16:00+00:00,103.55078125,103.55078125,103.546875,103.55078125,76.0
2025-03-05 05:18:00+00:00,103.5546875,103.5546875,103.5546875,103.5546875,14.0
2025-03-05 05:22:00+00:00,103.5546875,103.5546875,103.5546875,103.5546875,54.0
2025-03-05 05:23:00+00:00,103.5546875,103.5546875,103.5546875,103.5546875,121.0
2025-03-05 05:24:00+00:00,103.55078125,103.55078125,103.55078125,103.55078125,30.0
2025-03-05 05:27:00+00:00,103.5546875,103.5546875,103.5546875,103.5546875,297.0
2025-03-05 05:32:00+00:00,103.5546875,103.55859375,103.5546875,103.55859375,54.0
2025-03-05 05:34:00+00:00,103.5546875,103.5546875,103.5546875,103.5546875,26.0
2025-03-05 05:38:00+00:00,103.55078125,103.5546875,103.55078125,103.5546875,46.0
2025-03-05 05:40:00+00:00,103.5546875,103.5546875,103.5546875,103.5546875,287.0
2025-03-05 05:41:00+00:00,103.5546875,103.55859375,103.5546875,103.5546875,6.0
2025-03-05 05:42:00+00:00,103.5546875,103.5546875,103.5546875,103.5546875,266.0
2025-03-05 05:43:00+00:00,103.5546875,103.5546875,103.5546875,103.5546875,513.0
2025-03-05 05:47:00+00:00,103.546875,103.55078125,103.546875,103.55078125,381.0
2025-03-05 05:48:00+00:00,103.546875,103.546875,103.546875,103.546875,48.0
2025-03-05 05:49:00+00:00,103.5546875,103.5546875,103.546875,103.546875,302.0
2025-03-05 05:50:00+00:00,103.5546875,103.5546875,103.5546875,103.5546875,182.0
2025-03-05 05:53:00+00:00,103.55078125,103.55078125,103.55078125,103.55078125,16.0
2025-03-05 05:55:00+00:00,103.55078125,103.55078125,103.55078125,103.55078125,67.0
2025-03-05 05:56:00+00:00,103.55078125,103.55078125,103.546875,103.55078125,93.0
2025-03-05 05:58:00+00:00,103.55078125,103.55078125,103.55078125,103.55078125,20.0
2025-03-05 05:59:00+00:00,103.546875,103.55078125,103.546875,103.55078125,5.0
2025-03-05 06:00:00+00:00,103.55078125,103.55078125,103.55078125,103.55078125,84.0
2025-03-05 06:02:00+00:00,103.546875,103.55078125,103.546875,103.55078125,91.0
2025-03-05 06:03:00+00:00,103.55078125,103.55078125,103.55078125,103.55078125,24.0
2025-03-05 06:04:00+00:00,103.546875,103.546875,103.546875,103.546875,82.0
2025-03-05 06:05:00+00:00,103.546875,103.546875,103.546875,103.546875,326.0
2025-03-05 06:06:00+00:00,103.546875,103.546875,103.546875,103.546875,6.0
2025-03-05 06:07:00+00:00,103.55078125,103.55078125,103.546875,103.546875,155.0
2025-03-05 06:08:00+00:00,103.546875,103.55078125,103.546875,103.55078125,13.0
2025-03-05 06:09:00+00:00,103.546875,103.546875,103.546875,103.546875,35.0
2025-03-05 06:10:00+00:00,103.546875,103.546875,103.546875,103.546875,2.0
2025-03-05 06:11:00+00:00,103.546875,103.546875,103.546875,103.546875,42.0
2025-03-05 06:12:00+00:00,103.546875,103.546875,103.546875,103.546875,43.0
2025-03-05 06:14:00+00:00,103.546875,103.546875,103.546875,103.546875,45.0
2025-03-05 06:16:00+00:00,103.54296875,103.54296875,103.54296875,103.54296875,15.0
2025-03-05 06:17:00+00:00,103.546875,103.546875,103.546875,103.546875,84.0
2025-03-05 06:18:00+00:00,103.546875,103.5546875,103.546875,103.55078125,141.0
2025-03-05 06:19:00+00:00,103.55078125,103.55078125,103.55078125,103.55078125,202.0
2025-03-05 06:20:00+00:00,103.5546875,103.5546875,103.5546875,103.5546875,28.0
2025-03-05 06:21:00+00:00,103.5546875,103.5546875,103.55078125,103.55078125,353.0
2025-03-05 06:22:00+00:00,103.55859375,103.55859375,103.5546875,103.5546875,1503.0
2025-03-05 06:23:00+00:00,103.55859375,103.55859375,103.5546875,103.55859375,86.0
2025-03-05 06:25:00+00:00,103.5625,103.5625,103.55859375,103.55859375,159.0
2025-03-05 06:26:00+00:00,103.55859375,103.5625,103.55859375,103.5625,90.0
2025-03-05 06:27:00+00:00,103.56640625,103.56640625,103.5625,103.5625,730.0
2025-03-05 06:28:00+00:00,103.5625,103.56640625,103.55859375,103.5625,1016.0
2025-03-05 06:29:00+00:00,103.56640625,103.56640625,103.5625,103.5625,3.0
2025-03-05 06:30:00+00:00,103.56640625,103.56640625,103.5625,103.5625,1418.0
2025-03-05 06:31:00+00:00,103.56640625,103.56640625,103.56640625,103.56640625,6.0
2025-03-05 06:32:00+00:00,103.56640625,103.56640625,103.5625,103.5625,125.0
2025-03-05 06:33:00+00:00,103.55859375,103.5625,103.55859375,103.5625,167.0
2025-03-05 06:34:00+00:00,103.55859375,103.55859375,103.55859375,103.55859375,2.0
2025-03-05 06:35:00+00:00,103.5625,103.5625,103.55859375,103.55859375,333.0
2025-03-05 06:36:00+00:00,103.5625,103.5625,103.5625,103.5625,363.0
2025-03-05 06:37:00+00:00,103.5625,103.56640625,103.55859375,103.5625,381.0
2025-03-05 06:39:00+00:00,103.56640625,103.56640625,103.5625,103.5625,266.0
2025-03-05 06:40:00+00:00,103.5625,103.56640625,103.5625,103.5625,1431.0
2025-03-05 06:41:00+00:00,103.5625,103.5625,103.5625,103.5625,143.0
2025-03-05 06:42:00+00:00,103.55859375,103.55859375,103.55859375,103.55859375,261.0
2025-03-05 06:43:00+00:00,103.55859375,103.55859375,103.55859375,103.55859375,288.0
2025-03-05 06:45:00+00:00,103.55859375,103.55859375,103.5546875,103.5546875,117.0
2025-03-05 06:46:00+00:00,103.55859375,103.55859375,103.55859375,103.55859375,148.0
2025-03-05 06:47:00+00:00,103.55859375,103.55859375,103.55859375,103.55859375,4.0
2025-03-05 06:48:00+00:00,103.55859375,103.55859375,103.55859375,103.55859375,175.0
2025-03-05 06:49:00+00:00,103.5546875,103.5546875,103.5546875,103.5546875,86.0
2025-03-05 06:50:00+00:00,103.5546875,103.5546875,103.5546875,103.5546875,270.0
2025-03-05 06:51:00+00:00,103.5546875,103.5546875,103.5546875,103.5546875,101.0
2025-03-05 06:52:00+00:00,103.5546875,103.5546875,103.5546875,103.5546875,37.0
2025-03-05 06:53:00+00:00,103.5546875,103.5546875,103.55078125,103.55078125,38.0
2025-03-05 06:54:00+00:00,103.5546875,103.5546875,103.5546875,103.5546875,222.0
2025-03-05 06:55:00+00:00,103.5546875,103.5546875,103.5546875,103.5546875,8.0
2025-03-05 06:56:00+00:00,103.5546875,103.5546875,103.5546875,103.5546875,2.0
2025-03-05 06:57:00+00:00,103.5546875,103.5546875,103.5546875,103.5546875,38.0
2025-03-05 06:58:00+00:00,103.5546875,103.5546875,103.5546875,103.5546875,192.0
2025-03-05 07:00:00+00:00,103.5546875,103.55859375,103.5546875,103.55859375,245.0
2025-03-05 07:01:00+00:00,103.54296875,103.55078125,103.54296875,103.55078125,1194.0
2025-03-05 07:02:00+00:00,103.54296875,103.546875,103.54296875,103.546875,617.0
2025-03-05 07:03:00+00:00,103.5390625,103.54296875,103.5390625,103.54296875,271.0
2025-03-05 07:04:00+00:00,103.54296875,103.54296875,103.5390625,103.5390625,509.0
2025-03-05 07:05:00+00:00,103.546875,103.546875,103.546875,103.546875,354.0
2025-03-05 07:06:00+00:00,103.55078125,103.55078125,103.54296875,103.546875,177.0
2025-03-05 07:07:00+00:00,103.55078125,103.55078125,103.546875,103.546875,187.0
2025-03-05 07:08:00+00:00,103.55078125,103.55078125,103.546875,103.55078125,324.0
2025-03-05 07:09:00+00:00,103.55078125,103.55078125,103.546875,103.55078125,702.0
2025-03-05 07:10:00+00:00,103.546875,103.546875,103.546875,103.546875,60.0
2025-03-05 07:11:00+00:00,103.546875,103.546875,103.546875,103.546875,240.0
2025-03-05 07:12:00+00:00,103.54296875,103.54296875,103.54296875,103.54296875,126.0
2025-03-05 07:13:00+00:00,103.5390625,103.5390625,103.5390625,103.5390625,176.0
2025-03-05 07:14:00+00:00,103.54296875,103.54296875,103.54296875,103.54296875,290.0
2025-03-05 07:15:00+00:00,103.54296875,103.54296875,103.54296875,103.54296875,155.0
2025-03-05 07:16:00+00:00,103.5390625,103.54296875,103.5390625,103.54296875,474.0
2025-03-05 07:17:00+00:00,103.53515625,103.5390625,103.53515625,103.5390625,109.0
2025-03-05 07:18:00+00:00,103.53125,103.53515625,103.53125,103.53515625,69.0
2025-03-05 07:19:00+00:00,103.53125,103.53125,103.53125,103.53125,406.0
2025-03-05 07:20:00+00:00,103.53125,103.53125,103.53125,103.53125,257.0
2025-03-05 07:21:00+00:00,103.53125,103.53125,103.53125,103.53125,147.0
2025-03-05 07:22:00+00:00,103.52734375,103.52734375,103.52734375,103.52734375,130.0
2025-03-05 07:23:00+00:00,103.5234375,103.5234375,103.5234375,103.5234375,465.0
2025-03-05 07:24:00+00:00,103.5234375,103.5234375,103.5234375,103.5234375,55.0
2025-03-05 07:25:00+00:00,103.52734375,103.52734375,103.5234375,103.5234375,346.0
2025-03-05 07:26:00+00:00,103.52734375,103.53125,103.5234375,103.52734375,1492.0
2025-03-05 07:27:00+00:00,103.52734375,103.53125,103.52734375,103.53125,790.0
2025-03-05 07:28:00+00:00,103.53125,103.53125,103.52734375,103.53125,1288.0
2025-03-05 07:29:00+00:00,103.53125,103.53125,103.52734375,103.53125,2152.0
2025-03-05 07:30:00+00:00,103.5234375,103.53515625,103.5234375,103.53125,1668.0
2025-03-05 07:31:00+00:00,103.5234375,103.5234375,103.51953125,103.51953125,619.0
2025-03-05 07:32:00+00:00,103.5234375,103.5234375,103.5234375,103.5234375,49.0
2025-03-05 07:33:00+00:00,103.53125,103.53125,103.52734375,103.52734375,144.0
2025-03-05 07:34:00+00:00,103.52734375,103.52734375,103.52734375,103.52734375,263.0
2025-03-05 07:35:00+00:00,103.5234375,103.52734375,103.5234375,103.52734375,655.0
2025-03-05 07:36:00+00:00,103.51953125,103.5234375,103.51953125,103.5234375,393.0
2025-03-05 07:37:00+00:00,103.51953125,103.51953125,103.51953125,103.51953125,14.0
2025-03-05 07:38:00+00:00,103.5234375,103.5234375,103.515625,103.515625,644.0
2025-03-05 07:39:00+00:00,103.51953125,103.5234375,103.51953125,103.51953125,269.0
2025-03-05 07:40:00+00:00,103.51953125,103.5234375,103.51953125,103.51953125,888.0
2025-03-05 07:41:00+00:00,103.51953125,103.51953125,103.51953125,103.51953125,330.0
2025-03-05 07:42:00+00:00,103.5234375,103.5234375,103.51953125,103.51953125,304.0
2025-03-05 07:43:00+00:00,103.51953125,103.51953125,103.51953125,103.51953125,240.0
2025-03-05 07:44:00+00:00,103.51953125,103.51953125,103.51953125,103.51953125,239.0
2025-03-05 07:45:00+00:00,103.53125,103.53125,103.515625,103.51953125,580.0
2025-03-05 07:46:00+00:00,103.53125,103.53125,103.52734375,103.52734375,261.0
2025-03-05 07:47:00+00:00,103.53125,103.53125,103.53125,103.53125,987.0
2025-03-05 07:48:00+00:00,103.53125,103.53515625,103.53125,103.53125,153.0
2025-03-05 07:49:00+00:00,103.53125,103.53125,103.52734375,103.53125,647.0
2025-03-05 07:50:00+00:00,103.53125,103.53125,103.53125,103.53125,276.0
2025-03-05 07:51:00+00:00,103.5390625,103.5390625,103.53515625,103.53515625,153.0
2025-03-05 07:52:00+00:00,103.54296875,103.546875,103.5390625,103.5390625,274.0
2025-03-05 07:53:00+00:00,103.54296875,103.546875,103.54296875,103.54296875,553.0
2025-03-05 07:54:00+00:00,103.5390625,103.54296875,103.5390625,103.54296875,349.0
2025-03-05 07:55:00+00:00,103.5390625,103.54296875,103.5390625,103.5390625,994.0
2025-03-05 07:56:00+00:00,103.5390625,103.5390625,103.5390625,103.5390625,64.0
2025-03-05 07:57:00+00:00,103.52734375,103.53515625,103.52734375,103.53515625,456.0
2025-03-05 07:58:00+00:00,103.53125,103.53125,103.52734375,103.52734375,1499.0
2025-03-05 07:59:00+00:00,103.54296875,103.54296875,103.53125,103.53125,313.0
2025-03-05 08:00:00+00:00,103.5390625,103.54296875,103.5390625,103.5390625,1301.0
2025-03-05 08:01:00+00:00,103.54296875,103.54296875,103.5390625,103.5390625,233.0
2025-03-05 08:02:00+00:00,103.5546875,103.5546875,103.546875,103.546875,741.0
2025-03-05 08:03:00+00:00,103.5546875,103.5546875,103.5546875,103.5546875,485.0
2025-03-05 08:04:00+00:00,103.55859375,103.55859375,103.5546875,103.5546875,177.0
2025-03-05 08:05:00+00:00,103.55859375,103.55859375,103.55859375,103.55859375,291.0
2025-03-05 08:06:00+00:00,103.5546875,103.5546875,103.5546875,103.5546875,570.0
2025-03-05 08:07:00+00:00,103.55859375,103.55859375,103.5546875,103.5546875,339.0
2025-03-05 08:08:00+00:00,103.55859375,103.55859375,103.55859375,103.55859375,249.0
2025-03-05 08:09:00+00:00,103.5546875,103.55859375,103.5546875,103.55859375,301.0
2025-03-05 08:10:00+00:00,103.55078125,103.5546875,103.55078125,103.5546875,340.0
2025-03-05 08:11:00+00:00,103.54296875,103.546875,103.54296875,103.546875,1064.0
2025-03-05 08:12:00+00:00,103.54296875,103.54296875,103.54296875,103.54296875,403.0
2025-03-05 08:13:00+00:00,103.54296875,103.54296875,103.5390625,103.5390625,223.0
2025-03-05 08:14:00+00:00,103.53515625,103.546875,103.53515625,103.54296875,685.0
2025-03-05 08:15:00+00:00,103.53125,103.5390625,103.53125,103.5390625,542.0
2025-03-05 08:18:00+00:00,103.53125,103.53515625,103.52734375,103.53515625,1231.0
2025-03-05 08:19:00+00:00,103.52734375,103.53125,103.52734375,103.53125,458.0
2025-03-05 08:20:00+00:00,103.5234375,103.5234375,103.5234375,103.5234375,963.0
2025-03-05 08:21:00+00:00,103.53125,103.53125,103.52734375,103.52734375,328.0
2025-03-05 08:22:00+00:00,103.53515625,103.53515625,103.53125,103.53125,244.0
2025-03-05 08:23:00+00:00,103.53515625,103.5390625,103.53515625,103.5390625,560.0
2025-03-05 08:24:00+00:00,103.53515625,103.5390625,103.53515625,103.5390625,182.0
2025-03-05 08:25:00+00:00,103.52734375,103.5390625,103.52734375,103.53515625,1702.0
2025-03-05 08:26:00+00:00,103.52734375,103.53125,103.5234375,103.52734375,633.0
2025-03-05 08:27:00+00:00,103.53515625,103.53515625,103.52734375,103.52734375,434.0
2025-03-05 08:28:00+00:00,103.5390625,103.5390625,103.53515625,103.53515625,71.0
2025-03-05 08:29:00+00:00,103.53515625,103.53515625,103.53125,103.53515625,456.0
2025-03-05 08:30:00+00:00,103.54296875,103.54296875,103.5390625,103.5390625,241.0
2025-03-05 08:31:00+00:00,103.53125,103.54296875,103.53125,103.54296875,671.0
2025-03-05 08:32:00+00:00,103.5390625,103.5390625,103.53125,103.53125,259.0
2025-03-05 08:33:00+00:00,103.5390625,103.5390625,103.5390625,103.5390625,105.0
2025-03-05 08:34:00+00:00,103.5390625,103.54296875,103.5390625,103.5390625,337.0
2025-03-05 08:35:00+00:00,103.546875,103.546875,103.5390625,103.5390625,570.0
2025-03-05 08:36:00+00:00,103.546875,103.55078125,103.54296875,103.54296875,467.0
2025-03-05 08:37:00+00:00,103.546875,103.55078125,103.54296875,103.546875,432.0
2025-03-05 08:38:00+00:00,103.546875,103.55078125,103.546875,103.55078125,236.0
2025-03-05 08:39:00+00:00,103.5546875,103.55859375,103.55078125,103.55078125,987.0
2025-03-05 08:40:00+00:00,103.5546875,103.5546875,103.5546875,103.5546875,204.0
2025-03-05 08:41:00+00:00,103.5546875,103.5546875,103.5546875,103.5546875,649.0
2025-03-05 08:42:00+00:00,103.5546875,103.5546875,103.55078125,103.5546875,216.0
2025-03-05 08:43:00+00:00,103.55078125,103.5546875,103.55078125,103.5546875,169.0
2025-03-05 08:44:00+00:00,103.55078125,103.5546875,103.55078125,103.55078125,406.0
2025-03-05 08:45:00+00:00,103.546875,103.546875,103.546875,103.546875,281.0
2025-03-05 08:46:00+00:00,103.546875,103.546875,103.546875,103.546875,114.0
2025-03-05 08:48:00+00:00,103.546875,103.546875,103.546875,103.546875,88.0
2025-03-05 08:49:00+00:00,103.55078125,103.55078125,103.54296875,103.54296875,173.0
2025-03-05 08:50:00+00:00,103.546875,103.55078125,103.546875,103.546875,269.0
2025-03-05 08:51:00+00:00,103.55078125,103.55078125,103.55078125,103.55078125,5.0
2025-03-05 08:53:00+00:00,103.55078125,103.55078125,103.55078125,103.55078125,346.0
2025-03-05 08:54:00+00:00,103.54296875,103.546875,103.54296875,103.546875,276.0
2025-03-05 08:55:00+00:00,103.55078125,103.55078125,103.546875,103.546875,123.0
2025-03-05 08:56:00+00:00,103.5546875,103.5546875,103.55078125,103.55078125,185.0
2025-03-05 08:57:00+00:00,103.5546875,103.5546875,103.55078125,103.5546875,54.0
2025-03-05 08:58:00+00:00,103.5546875,103.5546875,103.55078125,103.5546875,107.0
2025-03-05 08:59:00+00:00,103.5546875,103.5546875,103.5546875,103.5546875,56.0
2025-03-05 09:00:00+00:00,103.55859375,103.55859375,103.5546875,103.55859375,500.0
2025-03-05 09:01:00+00:00,103.55859375,103.55859375,103.55859375,103.55859375,62.0
2025-03-05 09:02:00+00:00,103.55859375,103.55859375,103.55859375,103.55859375,114.0
2025-03-05 09:03:00+00:00,103.5546875,103.5546875,103.5546875,103.5546875,205.0
2025-03-05 09:04:00+00:00,103.55859375,103.55859375,103.5546875,103.5546875,341.0
2025-03-05 09:06:00+00:00,103.5546875,103.55859375,103.55078125,103.55859375,937.0
2025-03-05 09:07:00+00:00,103.55859375,103.55859375,103.5546875,103.55859375,766.0
2025-03-05 09:08:00+00:00,103.55859375,103.55859375,103.55859375,103.55859375,297.0
2025-03-05 09:09:00+00:00,103.55859375,103.55859375,103.55859375,103.55859375,97.0
2025-03-05 09:10:00+00:00,103.55859375,103.55859375,103.55859375,103.55859375,310.0
2025-03-05 09:21:00+00:00,103.54296875,103.54299926757812,103.54296875,103.54299926757812,4031.0
2025-03-05 09:22:00+00:00,103.546875,103.546875,103.546875,103.546875,148.0
2025-03-05 09:23:00+00:00,103.546875,103.55078125,103.546875,103.546875,1179.0
2025-03-05 09:24:00+00:00,103.54296875,103.54296875,103.5390625,103.54296875,927.0
2025-03-05 09:25:00+00:00,103.546875,103.546875,103.5390625,103.54296875,210.0
2025-03-05 09:26:00+00:00,103.53515625,103.54296875,103.53515625,103.54296875,1011.0
2025-03-05 09:27:00+00:00,103.53515625,103.5390625,103.53515625,103.5390625,497.0
2025-03-05 09:28:00+00:00,103.52734375,103.53125,103.5234375,103.53125,1480.0
2025-03-05 09:29:00+00:00,103.53125,103.53125,103.52734375,103.52734375,86.0
2025-03-05 09:30:00+00:00,103.53125,103.53125,103.53125,103.53125,168.0
2025-03-05 09:31:00+00:00,103.53125,103.53125,103.53125,103.53125,190.0
2025-03-05 09:32:00+00:00,103.52734375,103.53125,103.52734375,103.53125,461.0
2025-03-05 09:33:00+00:00,103.52734375,103.52734375,103.5234375,103.52734375,200.0
2025-03-05 09:34:00+00:00,103.52734375,103.53125,103.52734375,103.53125,124.0
2025-03-05 09:35:00+00:00,103.5234375,103.5234375,103.5234375,103.5234375,787.0
2025-03-05 09:36:00+00:00,103.5234375,103.5234375,103.51953125,103.5234375,284.0
2025-03-05 09:37:00+00:00,103.5234375,103.5234375,103.5234375,103.5234375,380.0
2025-03-05 09:38:00+00:00,103.51953125,103.5234375,103.51953125,103.5234375,21.0
2025-03-05 09:39:00+00:00,103.51953125,103.5234375,103.51953125,103.5234375,11.0
2025-03-05 09:40:00+00:00,103.5234375,103.5234375,103.5234375,103.5234375,117.0
2025-03-05 09:41:00+00:00,103.5234375,103.52734375,103.51953125,103.5234375,386.0
2025-03-05 09:42:00+00:00,103.5234375,103.5234375,103.5234375,103.5234375,532.0
2025-03-05 09:43:00+00:00,103.5234375,103.5234375,103.5234375,103.5234375,8.0
2025-03-05 09:44:00+00:00,103.51953125,103.5234375,103.51953125,103.5234375,656.0
2025-03-05 09:45:00+00:00,103.51953125,103.51953125,103.515625,103.515625,517.0
2025-03-05 09:46:00+00:00,103.515625,103.5234375,103.515625,103.51953125,1245.0
2025-03-05 09:47:00+00:00,103.51171875,103.51171875,103.51171875,103.51171875,539.0
2025-03-05 09:48:00+00:00,103.51171875,103.51171875,103.51171875,103.51171875,497.0
2025-03-05 09:49:00+00:00,103.5078125,103.51171875,103.5078125,103.51171875,1023.0
2025-03-05 09:50:00+00:00,103.50390625,103.5078125,103.50390625,103.50390625,538.0
2025-03-05 09:51:00+00:00,103.50390625,103.5078125,103.5,103.50390625,359.0
2025-03-05 09:52:00+00:00,103.50390625,103.5078125,103.50390625,103.50390625,491.0
2025-03-05 09:53:00+00:00,103.50390625,103.5078125,103.50390625,103.5078125,333.0
2025-03-05 09:54:00+00:00,103.50390625,103.50390625,103.5,103.50390625,261.0
2025-03-05 09:55:00+00:00,103.5078125,103.5078125,103.5078125,103.5078125,976.0
2025-03-05 09:56:00+00:00,103.5078125,103.51171875,103.5078125,103.5078125,105.0
2025-03-05 09:57:00+00:00,103.51171875,103.51171875,103.50390625,103.50390625,40.0
2025-03-05 09:58:00+00:00,103.50390625,103.5078125,103.50390625,103.5078125,254.0
2025-03-05 09:59:00+00:00,103.50390625,103.50390625,103.50390625,103.50390625,55.0
2025-03-05 10:00:00+00:00,103.50390625,103.50390625,103.5,103.50390625,592.0
2025-03-05 10:01:00+00:00,103.5,103.50390625,103.5,103.50390625,346.0
2025-03-05 10:02:00+00:00,103.5,103.5,103.49609375,103.49609375,327.0
2025-03-05 10:03:00+00:00,103.50390625,103.50390625,103.5,103.5,990.0
2025-03-05 10:04:00+00:00,103.50390625,103.50390625,103.50390625,103.50390625,202.0
2025-03-05 10:05:00+00:00,103.50390625,103.50390625,103.50390625,103.50390625,173.0
2025-03-05 10:06:00+00:00,103.49609375,103.50390625,103.49609375,103.5,449.0
2025-03-05 10:07:00+00:00,103.49609375,103.5,103.49609375,103.49609375,270.0
2025-03-05 10:08:00+00:00,103.49609375,103.5,103.4921875,103.5,1438.0
2025-03-05 10:10:00+00:00,103.5,103.5,103.49609375,103.49609375,629.0
2025-03-05 10:11:00+00:00,103.49609375,103.5,103.49609375,103.5,261.0
2025-03-05 10:12:00+00:00,103.50390625,103.50390625,103.5,103.5,1309.0
2025-03-05 10:13:00+00:00,103.50390625,103.50390625,103.50390625,103.50390625,49.0
2025-03-05 10:14:00+00:00,103.50390625,103.50390625,103.5,103.50390625,66.0
2025-03-05 10:15:00+00:00,103.5078125,103.5078125,103.5,103.50390625,273.0
2025-03-05 10:16:00+00:00,103.51171875,103.515625,103.51171875,103.51171875,386.0
2025-03-05 10:17:00+00:00,103.51953125,103.51953125,103.51171875,103.515625,211.0
2025-03-05 10:18:00+00:00,103.515625,103.51953125,103.515625,103.51953125,21.0
2025-03-05 10:19:00+00:00,103.51171875,103.515625,103.51171875,103.515625,195.0
2025-03-05 10:20:00+00:00,103.51171875,103.51171875,103.51171875,103.51171875,207.0
2025-03-05 10:21:00+00:00,103.5078125,103.51171875,103.5078125,103.51171875,190.0
2025-03-05 10:22:00+00:00,103.5078125,103.51171875,103.5078125,103.5078125,54.0
2025-03-05 10:23:00+00:00,103.5078125,103.51171875,103.5078125,103.51171875,328.0
2025-03-05 10:24:00+00:00,103.5078125,103.5078125,103.50390625,103.5078125,266.0
2025-03-05 10:25:00+00:00,103.515625,103.515625,103.51171875,103.51171875,486.0
2025-03-05 10:26:00+00:00,103.51953125,103.5234375,103.515625,103.515625,147.0
2025-03-05 10:27:00+00:00,103.5234375,103.5234375,103.51953125,103.51953125,383.0
2025-03-05 10:28:00+00:00,103.5234375,103.5234375,103.5234375,103.5234375,13.0
2025-03-05 10:29:00+00:00,103.5234375,103.52734375,103.5234375,103.52734375,602.0
2025-03-05 10:30:00+00:00,103.51953125,103.5234375,103.51953125,103.5234375,58.0
2025-03-05 10:31:00+00:00,103.51953125,103.5234375,103.51953125,103.51953125,140.0
2025-03-05 10:32:00+00:00,103.51953125,103.51953125,103.51953125,103.51953125,6.0
2025-03-05 10:33:00+00:00,103.515625,103.51953125,103.515625,103.51953125,270.0
2025-03-05 10:34:00+00:00,103.515625,103.51953125,103.515625,103.51953125,44.0
2025-03-05 10:35:00+00:00,103.515625,103.51953125,103.515625,103.51953125,233.0
2025-03-05 10:36:00+00:00,103.515625,103.515625,103.515625,103.515625,233.0
2025-03-05 10:37:00+00:00,103.515625,103.515625,103.515625,103.515625,84.0
2025-03-05 10:39:00+00:00,103.51171875,103.515625,103.51171875,103.51171875,421.0
2025-03-05 10:40:00+00:00,103.51171875,103.51171875,103.51171875,103.51171875,36.0
2025-03-05 10:41:00+00:00,103.515625,103.515625,103.51171875,103.51171875,73.0
2025-03-05 10:42:00+00:00,103.51171875,103.515625,103.51171875,103.515625,208.0
2025-03-05 10:43:00+00:00,103.51171875,103.51171875,103.51171875,103.51171875,89.0
2025-03-05 10:44:00+00:00,103.51171875,103.51171875,103.51171875,103.51171875,180.0
2025-03-05 10:45:00+00:00,103.5078125,103.51171875,103.5078125,103.51171875,201.0
2025-03-05 10:47:00+00:00,103.5078125,103.5078125,103.5078125,103.5078125,97.0
2025-03-05 10:48:00+00:00,103.51171875,103.51171875,103.51171875,103.51171875,4.0
2025-03-05 10:49:00+00:00,103.51171875,103.51171875,103.51171875,103.51171875,120.0
2025-03-05 10:50:00+00:00,103.51171875,103.51171875,103.51171875,103.51171875,3.0
2025-03-05 10:52:00+00:00,103.51171875,103.51171875,103.51171875,103.51171875,341.0
2025-03-05 10:53:00+00:00,103.515625,103.515625,103.51171875,103.51171875,3.0
2025-03-05 10:54:00+00:00,103.515625,103.51953125,103.515625,103.515625,662.0
2025-03-05 10:55:00+00:00,103.515625,103.51953125,103.515625,103.515625,57.0
2025-03-05 10:56:00+00:00,103.5234375,103.5234375,103.515625,103.51953125,770.0
2025-03-05 10:57:00+00:00,103.51953125,103.51953125,103.51953125,103.51953125,241.0
2025-03-05 10:58:00+00:00,103.5234375,103.5234375,103.51953125,103.51953125,347.0
2025-03-05 10:59:00+00:00,103.52734375,103.52734375,103.5234375,103.52734375,384.0
2025-03-05 11:00:00+00:00,103.52734375,103.53125,103.52734375,103.52734375,8.0
2025-03-05 11:01:00+00:00,103.52734375,103.53125,103.52734375,103.53125,207.0
2025-03-05 11:02:00+00:00,103.5234375,103.52734375,103.5234375,103.52734375,166.0
2025-03-05 11:03:00+00:00,103.52734375,103.52734375,103.52734375,103.52734375,577.0
2025-03-05 11:04:00+00:00,103.5234375,103.5234375,103.5234375,103.5234375,58.0
2025-03-05 11:05:00+00:00,103.5234375,103.5234375,103.51953125,103.51953125,585.0
2025-03-05 11:06:00+00:00,103.5234375,103.5234375,103.51953125,103.51953125,217.0
2025-03-05 11:07:00+00:00,103.5234375,103.5234375,103.5234375,103.5234375,72.0
2025-03-05 11:08:00+00:00,103.5234375,103.5234375,103.52300262451172,103.5234375,97.0
2025-03-05 11:09:00+00:00,103.5234375,103.5234375,103.5234375,103.5234375,128.0
2025-03-05 11:10:00+00:00,103.51953125,103.5234375,103.51953125,103.5234375,32.0
2025-03-05 11:11:00+00:00,103.5234375,103.5234375,103.51953125,103.51953125,384.0
2025-03-05 11:12:00+00:00,103.5234375,103.5234375,103.5234375,103.5234375,115.0
2025-03-05 11:13:00+00:00,103.5234375,103.5234375,103.5234375,103.5234375,118.0
2025-03-05 11:14:00+00:00,103.5234375,103.5234375,103.51953125,103.5234375,113.0
2025-03-05 11:15:00+00:00,103.5234375,103.5234375,103.5234375,103.5234375,124.0
2025-03-05 11:16:00+00:00,103.5234375,103.52734375,103.5234375,103.5234375,142.0
2025-03-05 11:17:00+00:00,103.51953125,103.5234375,103.51953125,103.5234375,197.0
2025-03-05 11:18:00+00:00,103.52734375,103.52734375,103.51953125,103.51953125,123.0
2025-03-05 11:19:00+00:00,103.52734375,103.53125,103.52734375,103.52734375,99.0
2025-03-05 11:20:00+00:00,103.53515625,103.53515625,103.53125,103.53125,258.0
2025-03-05 11:21:00+00:00,103.53515625,103.53515625,103.53515625,103.53515625,192.0
2025-03-05 11:22:00+00:00,103.5390625,103.5390625,103.53515625,103.53515625,1857.0
2025-03-05 11:23:00+00:00,103.5390625,103.5390625,103.5390625,103.5390625,212.0
2025-03-05 11:24:00+00:00,103.54296875,103.54296875,103.5390625,103.5390625,246.0
2025-03-05 11:25:00+00:00,103.5390625,103.54296875,103.5390625,103.54296875,759.0
2025-03-05 11:26:00+00:00,103.5390625,103.5390625,103.5390625,103.5390625,27.0
2025-03-05 11:27:00+00:00,103.53125,103.53515625,103.53125,103.53515625,201.0
2025-03-05 11:28:00+00:00,103.53125,103.53125,103.53125,103.53125,32.0
2025-03-05 11:30:00+00:00,103.53125,103.53515625,103.53125,103.53125,2330.0
2025-03-05 11:31:00+00:00,103.53125,103.53125,103.53125,103.53125,802.0
2025-03-05 11:32:00+00:00,103.53515625,103.53515625,103.53125,103.53125,2182.0
2025-03-05 11:33:00+00:00,103.5390625,103.5390625,103.53515625,103.53515625,332.0
2025-03-05 11:34:00+00:00,103.55078125,103.55078125,103.5390625,103.5390625,211.0
2025-03-05 11:35:00+00:00,103.5546875,103.5546875,103.546875,103.546875,798.0
2025-03-05 11:36:00+00:00,103.5546875,103.5546875,103.5546875,103.5546875,370.0
2025-03-05 11:37:00+00:00,103.5546875,103.5546875,103.5546875,103.5546875,357.0
2025-03-05 11:38:00+00:00,103.55859375,103.55859375,103.5546875,103.55859375,992.0
2025-03-05 11:39:00+00:00,103.55859375,103.55859375,103.5546875,103.55859375,189.0
2025-03-05 11:40:00+00:00,103.5625,103.5625,103.55859375,103.55859375,1395.0
2025-03-05 11:41:00+00:00,103.5625,103.5625,103.55859375,103.5625,357.0
2025-03-05 11:42:00+00:00,103.5625,103.5625,103.5625,103.5625,211.0
2025-03-05 11:43:00+00:00,103.5625,103.5625,103.5625,103.5625,495.0
2025-03-05 11:44:00+00:00,103.5625,103.5625,103.5625,103.5625,251.0
2025-03-05 11:45:00+00:00,103.5625,103.5625,103.5625,103.5625,114.0
2025-03-05 11:46:00+00:00,103.55078125,103.55859375,103.55078125,103.55859375,779.0
2025-03-05 11:48:00+00:00,103.55078125,103.55078125,103.55078125,103.55078125,545.0
2025-03-05 11:49:00+00:00,103.546875,103.546875,103.546875,103.546875,129.0
2025-03-05 11:50:00+00:00,103.546875,103.546875,103.546875,103.546875,71.0
2025-03-05 11:51:00+00:00,103.55078125,103.55078125,103.546875,103.546875,423.0
2025-03-05 11:52:00+00:00,103.546875,103.55078125,103.5390625,103.55078125,3107.0
2025-03-05 11:53:00+00:00,103.5625,103.5625,103.546875,103.55078125,1259.0
2025-03-05 11:54:00+00:00,103.578125,103.578125,103.56640625,103.56640625,1185.0
2025-03-05 11:55:00+00:00,103.56640625,103.57421875,103.56640625,103.57421875,689.0
2025-03-05 11:56:00+00:00,103.56640625,103.56640625,103.56640625,103.56640625,132.0
2025-03-05 11:58:00+00:00,103.56640625,103.56640625,103.5625,103.5625,322.0
2025-03-05 11:59:00+00:00,103.5625,103.56640625,103.5625,103.56640625,27.0
2025-03-05 12:00:00+00:00,103.5625,103.56640625,103.5625,103.56640625,182.0
2025-03-05 12:01:00+00:00,103.5625,103.56640625,103.5625,103.56640625,502.0
2025-03-05 12:02:00+00:00,103.55859375,103.5625,103.5546875,103.5625,597.0
2025-03-05 12:03:00+00:00,103.5625,103.5625,103.55859375,103.5625,172.0
2025-03-05 12:04:00+00:00,103.5625,103.5625,103.55859375,103.5625,194.0
2025-03-05 12:05:00+00:00,103.56640625,103.56640625,103.5625,103.5625,190.0
2025-03-05 12:06:00+00:00,103.56640625,103.5703125,103.5625,103.56640625,338.0
2025-03-05 12:07:00+00:00,103.56640625,103.56640625,103.5625,103.5625,162.0
2025-03-05 12:08:00+00:00,103.56640625,103.56640625,103.5625,103.56640625,260.0
2025-03-05 12:09:00+00:00,103.56640625,103.56640625,103.56640625,103.56640625,477.0
2025-03-05 12:10:00+00:00,103.5703125,103.5703125,103.5546875,103.56640625,5246.0
2025-03-05 12:11:00+00:00,103.58203125,103.58203125,103.57421875,103.57421875,1712.0
2025-03-05 12:12:00+00:00,103.58984375,103.58984375,103.578125,103.578125,1292.0
2025-03-05 12:13:00+00:00,103.58984375,103.59375,103.58984375,103.58984375,820.0
2025-03-05 12:14:00+00:00,103.58984375,103.59375,103.58984375,103.59375,853.0
2025-03-05 12:15:00+00:00,103.59375,103.59765625,103.58984375,103.58984375,488.0
2025-03-05 12:16:00+00:00,103.59765625,103.6015625,103.59765625,103.59765625,753.0
2025-03-05 12:17:00+00:00,103.6015625,103.6015625,103.58984375,103.59375,939.0
2025-03-05 12:18:00+00:00,103.59765625,103.60546875,103.59765625,103.6015625,896.0
2025-03-05 12:19:00+00:00,103.59765625,103.59765625,103.59375,103.59375,630.0
2025-03-05 12:20:00+00:00,103.6015625,103.6015625,103.59765625,103.59765625,927.0
2025-03-05 12:21:00+00:00,103.609375,103.61328125,103.35546875,103.6015625,591.0
2025-03-05 12:22:00+00:00,103.609375,103.61328125,103.6015625,103.609375,740.0
2025-03-05 12:23:00+00:00,103.59765625,103.609375,103.59765625,103.60546875,332.0
2025-03-05 12:24:00+00:00,103.59765625,103.6015625,103.59375,103.6015625,557.0
2025-03-05 12:25:00+00:00,103.59375,103.59765625,103.58984375,103.59765625,3310.0
2025-03-05 12:26:00+00:00,103.59375,103.59765625,103.59375,103.59375,1515.0
2025-03-05 12:27:00+00:00,103.59375,103.59765625,103.58984375,103.59375,2137.0
2025-03-05 12:28:00+00:00,103.59375,103.6015625,103.59375,103.59375,485.0
2025-03-05 12:29:00+00:00,103.59375,103.59765625,103.59375,103.59765625,1346.0
2025-03-05 12:30:00+00:00,103.58203125,103.59375,103.58203125,103.59375,593.0
2025-03-05 12:31:00+00:00,103.5859375,103.5859375,103.58203125,103.5859375,2038.0
2025-03-05 12:32:00+00:00,103.5859375,103.5859375,103.58203125,103.5859375,1056.0
2025-03-05 12:33:00+00:00,103.5859375,103.58984375,103.5859375,103.5859375,392.0
2025-03-05 12:34:00+00:00,103.58203125,103.5859375,103.58203125,103.5859375,513.0
2025-03-05 12:35:00+00:00,103.5859375,103.5859375,103.58203125,103.58203125,310.0
2025-03-05 12:36:00+00:00,103.5859375,103.5859375,103.58203125,103.5859375,530.0
2025-03-05 12:37:00+00:00,103.57421875,103.5859375,103.57421875,103.5859375,739.0
2025-03-05 12:38:00+00:00,103.57421875,103.578125,103.5703125,103.57421875,629.0
2025-03-05 12:39:00+00:00,103.578125,103.578125,103.57421875,103.57421875,622.0
2025-03-05 12:40:00+00:00,103.58203125,103.5859375,103.578125,103.578125,244.0
2025-03-05 12:41:00+00:00,103.5859375,103.5859375,103.58203125,103.58203125,133.0
2025-03-05 12:42:00+00:00,103.57421875,103.5859375,103.57421875,103.5859375,621.0
2025-03-05 12:43:00+00:00,103.5703125,103.578125,103.56640625,103.578125,242.0
2025-03-05 12:44:00+00:00,103.57421875,103.57421875,103.5703125,103.5703125,891.0
2025-03-05 12:45:00+00:00,103.58203125,103.58203125,103.57421875,103.578125,1367.0
2025-03-05 12:46:00+00:00,103.58203125,103.58984375,103.58203125,103.58203125,2124.0
2025-03-05 12:47:00+00:00,103.58984375,103.58984375,103.58203125,103.58203125,1692.0
2025-03-05 12:48:00+00:00,103.5859375,103.5859375,103.5859375,103.5859375,318.0
2025-03-05 12:49:00+00:00,103.58984375,103.59375,103.5859375,103.5859375,423.0
2025-03-05 12:50:00+00:00,103.5703125,103.5859375,103.56640625,103.5859375,1576.0
2025-03-05 12:51:00+00:00,103.56640625,103.5703125,103.56640625,103.5703125,850.0
2025-03-05 12:52:00+00:00,103.56640625,103.56640625,103.5625,103.56640625,1674.0
2025-03-05 12:53:00+00:00,103.56640625,103.56640625,103.56640625,103.56640625,300.0
2025-03-05 12:54:00+00:00,103.56640625,103.56640625,103.56640625,103.56640625,880.0
2025-03-05 12:55:00+00:00,103.56640625,103.5703125,103.56640625,103.5703125,161.0
2025-03-05 12:56:00+00:00,103.5625,103.5703125,103.5625,103.5703125,532.0
2025-03-05 12:57:00+00:00,103.5703125,103.5703125,103.5625,103.5625,693.0
2025-03-05 12:58:00+00:00,103.57421875,103.57421875,103.56640625,103.5703125,905.0
2025-03-05 12:59:00+00:00,103.56640625,103.57421875,103.56640625,103.5703125,1545.0
2025-03-05 13:00:00+00:00,103.55859375,103.5625,103.55078125,103.5625,1692.0
2025-03-05 13:01:00+00:00,103.5546875,103.55859375,103.5546875,103.5546875,854.0
2025-03-05 13:02:00+00:00,103.55078125,103.5546875,103.30078125,103.5546875,2448.0
2025-03-05 13:03:00+00:00,103.54296875,103.55859375,103.5390625,103.5546875,2348.0
2025-03-05 13:04:00+00:00,103.54296875,103.55078125,103.5390625,103.546875,1354.0
2025-03-05 13:05:00+00:00,103.54296875,103.546875,103.54296875,103.54296875,1013.0
2025-03-05 13:06:00+00:00,103.54296875,103.54296875,103.53515625,103.5390625,1249.0
2025-03-05 13:07:00+00:00,103.54296875,103.546875,103.5390625,103.5390625,1893.0
2025-03-05 13:08:00+00:00,103.53515625,103.54296875,103.53125,103.5390625,832.0
2025-03-05 13:09:00+00:00,103.53125,103.54296875,103.53125,103.5390625,801.0
2025-03-05 13:10:00+00:00,103.53125,103.53515625,103.52734375,103.53125,1453.0
2025-03-05 13:11:00+00:00,103.5390625,103.5390625,103.53125,103.53125,648.0
2025-03-05 13:12:00+00:00,103.546875,103.55078125,103.5390625,103.5390625,980.0
2025-03-05 13:13:00+00:00,103.5546875,103.5546875,103.546875,103.546875,1013.0
2025-03-05 13:14:00+00:00,103.55859375,103.56640625,103.55078125,103.55859375,1856.0
2025-03-05 13:15:00+00:00,103.59765625,103.625,103.55859375,103.55859375,12688.0
2025-03-05 13:16:00+00:00,103.59375,103.60546875,103.59375,103.59765625,5162.0
2025-03-05 13:17:00+00:00,103.59765625,103.59765625,103.58203125,103.58984375,2086.0
2025-03-05 13:18:00+00:00,103.59765625,103.6015625,103.59765625,103.59765625,1512.0
2025-03-05 13:19:00+00:00,103.6015625,103.6015625,103.59765625,103.59765625,2512.0
2025-03-05 13:20:00+00:00,103.609375,103.61328125,103.60546875,103.60546875,4515.0
2025-03-05 13:21:00+00:00,103.61328125,103.61328125,103.60546875,103.609375,2743.0
2025-03-05 13:22:00+00:00,103.609375,103.61328125,103.60546875,103.609375,1695.0
2025-03-05 13:23:00+00:00,103.61328125,103.62109375,103.609375,103.61328125,2750.0
2025-03-05 13:24:00+00:00,103.6171875,103.62109375,103.61328125,103.61328125,3318.0
2025-03-05 13:25:00+00:00,103.625,103.62890625,103.61328125,103.61328125,6146.0
2025-03-05 13:26:00+00:00,103.62890625,103.6328125,103.625,103.625,2486.0
2025-03-05 13:27:00+00:00,103.62890625,103.63671875,103.62890625,103.6328125,3293.0
2025-03-05 13:28:00+00:00,103.64453125,103.64453125,103.62890625,103.62890625,4965.0
2025-03-05 13:29:00+00:00,103.640625,103.64453125,103.63671875,103.640625,3712.0
2025-03-05 13:30:00+00:00,103.6328125,103.63671875,103.625,103.63671875,4774.0
2025-03-05 13:31:00+00:00,103.6328125,103.63671875,103.62890625,103.6328125,1535.0
2025-03-05 13:32:00+00:00,103.640625,103.64453125,103.6328125,103.6328125,2408.0
2025-03-05 13:33:00+00:00,103.64453125,103.64453125,103.63671875,103.640625,977.0
2025-03-05 13:34:00+00:00,103.62890625,103.64453125,103.62890625,103.64453125,2520.0
2025-03-05 13:35:00+00:00,103.640625,103.640625,103.62890625,103.6328125,1976.0
2025-03-05 13:36:00+00:00,103.6328125,103.640625,103.6328125,103.640625,1161.0
2025-03-05 13:37:00+00:00,103.6328125,103.6328125,103.62890625,103.62890625,1981.0
2025-03-05 13:38:00+00:00,103.640625,103.640625,103.390625,103.6328125,1115.0
2025-03-05 13:39:00+00:00,103.640625,103.64453125,103.63671875,103.63671875,1470.0
2025-03-05 13:40:00+00:00,103.6328125,103.640625,103.62890625,103.63671875,2213.0
2025-03-05 13:41:00+00:00,103.62890625,103.62890625,103.625,103.62890625,820.0
2025-03-05 13:42:00+00:00,103.63671875,103.63671875,103.625,103.62890625,1870.0
2025-03-05 13:43:00+00:00,103.62890625,103.63671875,103.62890625,103.63671875,1047.0
2025-03-05 13:44:00+00:00,103.62890625,103.62890625,103.625,103.62890625,287.0
2025-03-05 13:45:00+00:00,103.640625,103.64453125,103.62890625,103.62890625,5353.0
2025-03-05 13:46:00+00:00,103.64453125,103.64453125,103.640625,103.640625,1659.0
2025-03-05 13:47:00+00:00,103.64453125,103.64453125,103.6328125,103.640625,1558.0
2025-03-05 13:48:00+00:00,103.65625,103.65625,103.64453125,103.64453125,1771.0
2025-03-05 13:49:00+00:00,103.65625,103.6640625,103.65234375,103.65625,3779.0
2025-03-05 13:50:00+00:00,103.6640625,103.6640625,103.65625,103.65625,976.0
2025-03-05 13:51:00+00:00,103.65625,103.66796875,103.65625,103.6640625,1467.0
2025-03-05 13:52:00+00:00,103.65234375,103.65625,103.6484375,103.65625,1731.0
2025-03-05 13:53:00+00:00,103.65234375,103.66015625,103.65234375,103.65234375,1617.0
2025-03-05 13:54:00+00:00,103.65625,103.65625,103.65234375,103.65234375,945.0
2025-03-05 13:55:00+00:00,103.65234375,103.66015625,103.6484375,103.66015625,2934.0
2025-03-05 13:56:00+00:00,103.65234375,103.65625,103.65234375,103.65234375,2042.0
2025-03-05 13:57:00+00:00,103.65234375,103.65625,103.6484375,103.65234375,1936.0
2025-03-05 13:58:00+00:00,103.65234375,103.65625,103.6484375,103.65234375,560.0
2025-03-05 13:59:00+00:00,103.65234375,103.65234375,103.6484375,103.65234375,1080.0
2025-03-05 14:00:00+00:00,103.6484375,103.65625,103.64453125,103.65234375,2742.0
2025-03-05 14:01:00+00:00,103.66015625,103.66015625,103.6484375,103.6484375,1646.0
2025-03-05 14:02:00+00:00,103.6640625,103.6640625,103.66015625,103.66015625,1410.0
2025-03-05 14:03:00+00:00,103.671875,103.67578125,103.6640625,103.6640625,5213.0
2025-03-05 14:04:00+00:00,103.67578125,103.67578125,103.66796875,103.671875,1805.0
2025-03-05 14:05:00+00:00,103.65625,103.67578125,103.65625,103.67578125,1987.0
2025-03-05 14:06:00+00:00,103.6640625,103.6640625,103.66015625,103.66015625,703.0
2025-03-05 14:07:00+00:00,103.6640625,103.66796875,103.66015625,103.6640625,2100.0
2025-03-05 14:08:00+00:00,103.65625,103.66015625,103.65625,103.66015625,2122.0
2025-03-05 14:09:00+00:00,103.65234375,103.65625,103.65234375,103.65234375,2964.0
2025-03-05 14:10:00+00:00,103.65234375,103.65625,103.6484375,103.65234375,1534.0
2025-03-05 14:11:00+00:00,103.65234375,103.65625,103.6484375,103.65234375,1356.0
2025-03-05 14:12:00+00:00,103.6484375,103.65234375,103.6484375,103.65234375,765.0
2025-03-05 14:13:00+00:00,103.640625,103.6484375,103.640625,103.6484375,992.0
2025-03-05 14:14:00+00:00,103.64453125,103.64453125,103.640625,103.640625,3931.0
2025-03-05 14:15:00+00:00,103.6328125,103.640625,103.6328125,103.640625,1699.0
2025-03-05 14:16:00+00:00,103.63671875,103.63671875,103.6328125,103.63671875,2249.0
2025-03-05 14:17:00+00:00,103.63671875,103.63671875,103.6328125,103.6328125,2345.0
2025-03-05 14:18:00+00:00,103.63671875,103.640625,103.63671875,103.63671875,786.0
2025-03-05 14:19:00+00:00,103.63671875,103.63671875,103.6328125,103.63671875,1292.0
2025-03-05 14:20:00+00:00,103.64453125,103.64453125,103.63671875,103.63671875,1005.0
2025-03-05 14:21:00+00:00,103.6484375,103.6484375,103.64453125,103.64453125,1756.0
2025-03-05 14:22:00+00:00,103.640625,103.6484375,103.640625,103.64453125,2086.0
2025-03-05 14:23:00+00:00,103.640625,103.640625,103.63671875,103.640625,729.0
2025-03-05 14:24:00+00:00,103.640625,103.640625,103.63671875,103.63671875,486.0
2025-03-05 14:25:00+00:00,103.6484375,103.6484375,103.63671875,103.640625,1840.0
2025-03-05 14:26:00+00:00,103.6484375,103.6484375,103.640625,103.6484375,1570.0
2025-03-05 14:27:00+00:00,103.6484375,103.6484375,103.64453125,103.6484375,2427.0
2025-03-05 14:28:00+00:00,103.65234375,103.65234375,103.6484375,103.6484375,4034.0
2025-03-05 14:29:00+00:00,103.65234375,103.66015625,103.65234375,103.65625,698.0
2025-03-05 14:30:00+00:00,103.640625,103.65625,103.640625,103.65234375,1933.0
2025-03-05 14:31:00+00:00,103.6484375,103.6484375,103.63671875,103.640625,1051.0
2025-03-05 14:32:00+00:00,103.65234375,103.65234375,103.64453125,103.6484375,1724.0
2025-03-05 14:33:00+00:00,103.65234375,103.65625,103.6484375,103.65234375,983.0
2025-03-05 14:34:00+00:00,103.6484375,103.65625,103.6484375,103.65625,1756.0
2025-03-05 14:35:00+00:00,103.6484375,103.6484375,103.640625,103.6484375,2343.0
2025-03-05 14:36:00+00:00,103.66015625,103.6640625,103.6484375,103.65234375,2242.0
2025-03-05 14:37:00+00:00,103.6640625,103.6640625,103.66015625,103.66015625,1125.0
2025-03-05 14:38:00+00:00,103.66796875,103.66796875,103.6640625,103.66796875,1086.0
2025-03-05 14:39:00+00:00,103.6640625,103.66796875,103.66015625,103.66796875,1132.0
2025-03-05 14:40:00+00:00,103.65625,103.6640625,103.65625,103.66015625,878.0
2025-03-05 14:41:00+00:00,103.66015625,103.6640625,103.65625,103.66015625,1313.0
2025-03-05 14:42:00+00:00,103.65625,103.66015625,103.65625,103.66015625,603.0
2025-03-05 14:43:00+00:00,103.66015625,103.66015625,103.65625,103.65625,1806.0
2025-03-05 14:44:00+00:00,103.6640625,103.66796875,103.66015625,103.66015625,762.0
2025-03-05 14:45:00+00:00,103.64453125,103.6640625,103.64453125,103.6640625,2174.0
2025-03-05 14:46:00+00:00,103.66796875,103.66796875,103.64453125,103.64453125,2045.0
2025-03-05 14:47:00+00:00,103.66796875,103.67578125,103.6640625,103.6640625,3018.0
2025-03-05 14:48:00+00:00,103.65625,103.6640625,103.65625,103.6640625,1601.0
2025-03-05 14:49:00+00:00,103.65625,103.65625,103.6484375,103.65625,1024.0
2025-03-05 14:50:00+00:00,103.65625,103.66015625,103.6484375,103.65625,1334.0
2025-03-05 14:51:00+00:00,103.66015625,103.6640625,103.65234375,103.65625,1808.0
2025-03-05 14:52:00+00:00,103.65625,103.6640625,103.65625,103.66015625,1029.0
2025-03-05 14:53:00+00:00,103.6640625,103.66796875,103.65625,103.65625,2534.0
2025-03-05 14:54:00+00:00,103.6640625,103.66796875,103.66015625,103.6640625,1940.0
2025-03-05 14:55:00+00:00,103.671875,103.67578125,103.66015625,103.6640625,2838.0
2025-03-05 14:56:00+00:00,103.6796875,103.6796875,103.6640625,103.671875,3949.0
2025-03-05 14:57:00+00:00,103.6796875,103.6796875,103.67578125,103.67578125,374.0
2025-03-05 14:58:00+00:00,103.67578125,103.6796875,103.67578125,103.67578125,583.0
2025-03-05 14:59:00+00:00,103.6640625,103.6796875,103.65625,103.67578125,2308.0
2025-03-05 15:00:00+00:00,103.5859375,103.6640625,103.375,103.6640625,18510.0
2025-03-05 15:01:00+00:00,103.59375,103.59375,103.578125,103.58984375,4597.0
2025-03-05 15:02:00+00:00,103.6015625,103.6015625,103.58203125,103.59765625,7640.0
2025-03-05 15:03:00+00:00,103.58203125,103.6015625,103.57421875,103.6015625,5999.0
2025-03-05 15:04:00+00:00,103.578125,103.5859375,103.578125,103.578125,5445.0
2025-03-05 15:05:00+00:00,103.56640625,103.5859375,103.56640625,103.58203125,3343.0
2025-03-05 15:06:00+00:00,103.56640625,103.5703125,103.5625,103.56640625,3626.0
2025-03-05 15:07:00+00:00,103.5546875,103.5625,103.55078125,103.5625,2963.0
2025-03-05 15:08:00+00:00,103.55859375,103.55859375,103.5546875,103.55859375,3512.0
2025-03-05 15:09:00+00:00,103.56640625,103.57421875,103.5546875,103.55859375,4165.0
2025-03-05 15:10:00+00:00,103.58203125,103.58203125,103.56640625,103.5703125,4736.0
2025-03-05 15:11:00+00:00,103.58203125,103.5859375,103.578125,103.58203125,3106.0
2025-03-05 15:12:00+00:00,103.578125,103.59375,103.33984375,103.58203125,2188.0
2025-03-05 15:13:00+00:00,103.578125,103.5859375,103.57421875,103.578125,1679.0
2025-03-05 15:14:00+00:00,103.58203125,103.5859375,103.57421875,103.58203125,2020.0
2025-03-05 15:15:00+00:00,103.5859375,103.5859375,103.578125,103.58203125,1392.0
2025-03-05 15:16:00+00:00,103.5859375,103.5859375,103.578125,103.5859375,1923.0
2025-03-05 15:17:00+00:00,103.58984375,103.6015625,103.58203125,103.58203125,2112.0
2025-03-05 15:18:00+00:00,103.58203125,103.58984375,103.58203125,103.5859375,2807.0
2025-03-05 15:19:00+00:00,103.578125,103.58203125,103.5703125,103.58203125,2598.0
2025-03-05 15:20:00+00:00,103.58203125,103.5859375,103.57421875,103.578125,2483.0
2025-03-05 15:21:00+00:00,103.60546875,103.60546875,103.5859375,103.5859375,2070.0
2025-03-05 15:22:00+00:00,103.609375,103.6171875,103.609375,103.609375,5942.0
2025-03-05 15:23:00+00:00,103.60546875,103.60546875,103.6015625,103.60546875,2536.0
2025-03-05 15:24:00+00:00,103.6171875,103.6171875,103.60546875,103.60546875,4599.0
2025-03-05 15:25:00+00:00,103.609375,103.6171875,103.609375,103.6171875,1557.0
2025-03-05 15:26:00+00:00,103.609375,103.6171875,103.60546875,103.61328125,1513.0
2025-03-05 15:27:00+00:00,103.609375,103.61328125,103.609375,103.609375,1882.0
2025-03-05 15:28:00+00:00,103.609375,103.61328125,103.609375,103.609375,3893.0
2025-03-05 15:29:00+00:00,103.6171875,103.62109375,103.60546875,103.61328125,2441.0
2025-03-05 15:30:00+00:00,103.62890625,103.62890625,103.6171875,103.6171875,1509.0
2025-03-05 15:31:00+00:00,103.61328125,103.625,103.61328125,103.625,1644.0
2025-03-05 15:32:00+00:00,103.61328125,103.62109375,103.609375,103.6171875,1515.0
2025-03-05 15:33:00+00:00,103.59375,103.6171875,103.59375,103.61328125,8172.0
2025-03-05 15:34:00+00:00,103.59375,103.59765625,103.59375,103.59765625,1454.0
2025-03-05 15:35:00+00:00,103.58984375,103.59375,103.58984375,103.59375,1784.0
2025-03-05 15:36:00+00:00,103.60546875,103.60546875,103.59375,103.59375,1843.0
2025-03-05 15:37:00+00:00,103.609375,103.609375,103.6015625,103.60546875,1630.0
2025-03-05 15:38:00+00:00,103.60546875,103.609375,103.60546875,103.609375,1169.0
2025-03-05 15:39:00+00:00,103.59375,103.6015625,103.58984375,103.6015625,2066.0
2025-03-05 15:40:00+00:00,103.58984375,103.59765625,103.58984375,103.59375,1899.0
2025-03-05 15:41:00+00:00,103.5859375,103.59375,103.5859375,103.59375,762.0
2025-03-05 15:42:00+00:00,103.59375,103.59375,103.58984375,103.58984375,786.0
2025-03-05 15:43:00+00:00,103.5859375,103.59375,103.5859375,103.59375,1382.0
2025-03-05 15:44:00+00:00,103.5859375,103.58984375,103.5859375,103.5859375,1896.0
2025-03-05 15:45:00+00:00,103.578125,103.5859375,103.578125,103.5859375,803.0
2025-03-05 15:46:00+00:00,103.5703125,103.578125,103.5703125,103.578125,1630.0
2025-03-05 15:47:00+00:00,103.57421875,103.578125,103.5703125,103.57421875,1501.0
2025-03-05 15:48:00+00:00,103.58203125,103.5859375,103.57421875,103.57421875,1495.0
2025-03-05 15:49:00+00:00,103.57421875,103.58203125,103.57421875,103.58203125,838.0
2025-03-05 15:50:00+00:00,103.57421875,103.578125,103.5703125,103.578125,614.0
2025-03-05 15:51:00+00:00,103.58203125,103.58203125,103.56640625,103.5703125,1769.0
2025-03-05 15:52:00+00:00,103.57421875,103.5859375,103.57421875,103.5859375,1514.0
2025-03-05 15:53:00+00:00,103.56640625,103.57421875,103.5625,103.57421875,1438.0
2025-03-05 15:54:00+00:00,103.5625,103.5703125,103.55859375,103.5703125,824.0
2025-03-05 15:55:00+00:00,103.55859375,103.5625,103.5546875,103.5625,3432.0
2025-03-05 15:56:00+00:00,103.5546875,103.55859375,103.5546875,103.5546875,4034.0
2025-03-05 15:57:00+00:00,103.54296875,103.55859375,103.54296875,103.5546875,3744.0
2025-03-05 15:58:00+00:00,103.55078125,103.55078125,103.54296875,103.54296875,4634.0
2025-03-05 15:59:00+00:00,103.55078125,103.55859375,103.54296875,103.55078125,5787.0
2025-03-05 16:00:00+00:00,103.55078125,103.5546875,103.55078125,103.5546875,1859.0
2025-03-05 16:01:00+00:00,103.55859375,103.55859375,103.546875,103.55078125,6445.0
2025-03-05 16:02:00+00:00,103.56640625,103.5703125,103.5625,103.5625,1538.0
2025-03-05 16:03:00+00:00,103.5703125,103.578125,103.56640625,103.56640625,4997.0
2025-03-05 16:04:00+00:00,103.5703125,103.578125,103.5703125,103.57421875,2041.0
2025-03-05 16:05:00+00:00,103.578125,103.578125,103.5703125,103.57421875,1675.0
2025-03-05 16:06:00+00:00,103.5703125,103.578125,103.5703125,103.578125,903.0
2025-03-05 16:07:00+00:00,103.56640625,103.57421875,103.5625,103.57421875,1738.0
2025-03-05 16:08:00+00:00,103.578125,103.578125,103.5703125,103.5703125,976.0
2025-03-05 16:09:00+00:00,103.58203125,103.58203125,103.578125,103.578125,1838.0
2025-03-05 16:10:00+00:00,103.5859375,103.58984375,103.578125,103.58203125,3132.0
2025-03-05 16:11:00+00:00,103.59765625,103.59765625,103.5859375,103.5859375,1071.0
2025-03-05 16:12:00+00:00,103.58984375,103.59765625,103.5859375,103.59765625,988.0
2025-03-05 16:13:00+00:00,103.58984375,103.58984375,103.5859375,103.58984375,612.0
2025-03-05 16:14:00+00:00,103.58984375,103.59765625,103.58984375,103.58984375,793.0
2025-03-05 16:15:00+00:00,103.58984375,103.58984375,103.58984375,103.58984375,577.0
2025-03-05 16:16:00+00:00,103.6015625,103.60546875,103.59375,103.59375,1793.0
2025-03-05 16:17:00+00:00,103.60546875,103.60546875,103.60546875,103.60546875,1264.0
2025-03-05 16:18:00+00:00,103.59765625,103.60546875,103.59375,103.60546875,1104.0
2025-03-05 16:19:00+00:00,103.59765625,103.59765625,103.59375,103.59375,678.0
2025-03-05 16:20:00+00:00,103.58984375,103.6015625,103.58984375,103.59375,1614.0
2025-03-05 16:21:00+00:00,103.59375,103.59375,103.58984375,103.58984375,853.0
2025-03-05 16:22:00+00:00,103.59375,103.59765625,103.59375,103.59765625,684.0
2025-03-05 16:23:00+00:00,103.6015625,103.6015625,103.59375,103.59375,2087.0
2025-03-05 16:24:00+00:00,103.59765625,103.60546875,103.59375,103.6015625,1211.0
2025-03-05 16:25:00+00:00,103.609375,103.609375,103.59375,103.59765625,2565.0
2025-03-05 16:26:00+00:00,103.61328125,103.6171875,103.60546875,103.60546875,3085.0
2025-03-05 16:27:00+00:00,103.61328125,103.6171875,103.61328125,103.61328125,868.0
2025-03-05 16:28:00+00:00,103.61328125,103.6171875,103.609375,103.61328125,540.0
2025-03-05 16:29:00+00:00,103.60546875,103.61328125,103.60546875,103.61328125,432.0
2025-03-05 16:30:00+00:00,103.60546875,103.60546875,103.60546875,103.60546875,665.0
2025-03-05 16:31:00+00:00,103.6015625,103.60546875,103.6015625,103.60546875,711.0
2025-03-05 16:32:00+00:00,103.59765625,103.6015625,103.59375,103.59765625,1814.0
2025-03-05 16:33:00+00:00,103.59765625,103.60546875,103.58984375,103.59375,4470.0
2025-03-05 16:34:00+00:00,103.609375,103.609375,103.59765625,103.6015625,980.0
2025-03-05 16:35:00+00:00,103.609375,103.61328125,103.609375,103.609375,1441.0
2025-03-05 16:36:00+00:00,103.60546875,103.61328125,103.60546875,103.609375,1080.0
2025-03-05 16:37:00+00:00,103.59375,103.60546875,103.59375,103.60546875,706.0
2025-03-05 16:38:00+00:00,103.58984375,103.59375,103.58984375,103.59375,925.0
2025-03-05 16:39:00+00:00,103.59375,103.59375,103.5859375,103.58984375,1447.0
2025-03-05 16:40:00+00:00,103.6015625,103.60546875,103.59375,103.59375,1110.0
2025-03-05 16:41:00+00:00,103.60546875,103.60546875,103.59765625,103.6015625,917.0
2025-03-05 16:42:00+00:00,103.60546875,103.60546875,103.6015625,103.60546875,528.0
2025-03-05 16:43:00+00:00,103.6015625,103.60546875,103.6015625,103.60546875,887.0
2025-03-05 16:44:00+00:00,103.60546875,103.609375,103.59765625,103.60546875,1001.0
2025-03-05 16:45:00+00:00,103.58984375,103.60546875,103.58984375,103.60546875,1362.0
2025-03-05 16:46:00+00:00,103.58984375,103.59375,103.58984375,103.59375,767.0
2025-03-05 16:47:00+00:00,103.59375,103.59765625,103.58984375,103.58984375,396.0
2025-03-05 16:48:00+00:00,103.59375,103.59375,103.5859375,103.58984375,491.0
2025-03-05 16:49:00+00:00,103.5859375,103.58984375,103.5859375,103.58984375,2219.0
2025-03-05 16:50:00+00:00,103.59375,103.59375,103.5859375,103.5859375,730.0
2025-03-05 16:51:00+00:00,103.6015625,103.6015625,103.59765625,103.59765625,617.0
2025-03-05 16:52:00+00:00,103.6015625,103.60546875,103.6015625,103.6015625,353.0
2025-03-05 16:53:00+00:00,103.6015625,103.60546875,103.59765625,103.60546875,1149.0
2025-03-05 16:54:00+00:00,103.58984375,103.6015625,103.58984375,103.59765625,893.0
2025-03-05 16:55:00+00:00,103.5859375,103.59375,103.5859375,103.58984375,2384.0
2025-03-05 16:56:00+00:00,103.5859375,103.58984375,103.5859375,103.58984375,509.0
2025-03-05 16:57:00+00:00,103.56640625,103.5859375,103.5625,103.58203125,14794.0
2025-03-05 16:58:00+00:00,103.546875,103.56640625,103.54296875,103.5625,12035.0
2025-03-05 16:59:00+00:00,103.5625,103.5625,103.54296875,103.546875,5365.0
2025-03-05 17:00:00+00:00,103.55078125,103.5625,103.54296875,103.5625,2797.0
2025-03-05 17:01:00+00:00,103.55859375,103.55859375,103.54296875,103.546875,2430.0
2025-03-05 17:02:00+00:00,103.5625,103.5625,103.55859375,103.55859375,1417.0
2025-03-05 17:03:00+00:00,103.578125,103.578125,103.5625,103.5625,2134.0
2025-03-05 17:04:00+00:00,103.578125,103.5859375,103.57421875,103.578125,1802.0
2025-03-05 17:05:00+00:00,103.57421875,103.578125,103.5703125,103.578125,718.0
2025-03-05 17:06:00+00:00,103.57421875,103.578125,103.5703125,103.57421875,744.0
2025-03-05 17:07:00+00:00,103.57421875,103.57421875,103.57421875,103.57421875,363.0
2025-03-05 17:08:00+00:00,103.5703125,103.578125,103.5703125,103.57421875,1218.0
2025-03-05 17:09:00+00:00,103.56640625,103.5703125,103.56640625,103.5703125,753.0
2025-03-05 17:10:00+00:00,103.57421875,103.57421875,103.56640625,103.56640625,618.0
2025-03-05 17:11:00+00:00,103.57421875,103.57421875,103.57421875,103.57421875,214.0
2025-03-05 17:12:00+00:00,103.57421875,103.578125,103.57421875,103.57421875,991.0
2025-03-05 17:13:00+00:00,103.5703125,103.5703125,103.56640625,103.5703125,1518.0
2025-03-05 17:14:00+00:00,103.56640625,103.5703125,103.56640625,103.5703125,1018.0
2025-03-05 17:15:00+00:00,103.56640625,103.56640625,103.5625,103.56640625,984.0
2025-03-05 17:16:00+00:00,103.5625,103.56640625,103.55859375,103.56640625,1686.0
2025-03-05 17:17:00+00:00,103.55078125,103.55859375,103.55078125,103.55859375,1388.0
2025-03-05 17:18:00+00:00,103.546875,103.55078125,103.546875,103.55078125,1528.0
2025-03-05 17:19:00+00:00,103.55859375,103.55859375,103.55078125,103.55078125,920.0
2025-03-05 17:20:00+00:00,103.5546875,103.55859375,103.5546875,103.55859375,662.0
2025-03-05 17:21:00+00:00,103.5546875,103.5546875,103.55078125,103.5546875,691.0
2025-03-05 17:22:00+00:00,103.55078125,103.55859375,103.55078125,103.55859375,374.0
2025-03-05 17:23:00+00:00,103.546875,103.5546875,103.546875,103.546875,511.0
2025-03-05 17:24:00+00:00,103.55078125,103.55078125,103.31640625,103.55078125,122.0
2025-03-05 17:25:00+00:00,103.55078125,103.5546875,103.546875,103.5546875,586.0
2025-03-05 17:26:00+00:00,103.5546875,103.55859375,103.55078125,103.5546875,1213.0
2025-03-05 17:27:00+00:00,103.5546875,103.5546875,103.5546875,103.5546875,1439.0
2025-03-05 17:28:00+00:00,103.55078125,103.5546875,103.55078125,103.5546875,454.0
2025-03-05 17:29:00+00:00,103.55078125,103.55078125,103.55078125,103.55078125,158.0
2025-03-05 17:30:00+00:00,103.5546875,103.5546875,103.546875,103.55078125,607.0
2025-03-05 17:31:00+00:00,103.54296875,103.55078125,103.54296875,103.55078125,226.0
2025-03-05 17:32:00+00:00,103.546875,103.546875,103.54296875,103.54296875,616.0
2025-03-05 17:33:00+00:00,103.54296875,103.54296875,103.54296875,103.54296875,24.0
2025-03-05 17:34:00+00:00,103.546875,103.546875,103.54296875,103.54296875,44.0
2025-03-05 17:35:00+00:00,103.55078125,103.55078125,103.546875,103.546875,3298.0
2025-03-05 17:36:00+00:00,103.5546875,103.55859375,103.55078125,103.55078125,899.0
2025-03-05 17:37:00+00:00,103.5546875,103.5546875,103.5546875,103.5546875,764.0
2025-03-05 17:38:00+00:00,103.55078125,103.55859375,103.55078125,103.5546875,157.0
2025-03-05 17:39:00+00:00,103.55078125,103.55078125,103.546875,103.546875,384.0
2025-03-05 17:40:00+00:00,103.546875,103.5546875,103.546875,103.55078125,911.0
2025-03-05 17:41:00+00:00,103.546875,103.55078125,103.546875,103.55078125,419.0
2025-03-05 17:42:00+00:00,103.54296875,103.54296875,103.5390625,103.54296875,1442.0
2025-03-05 17:43:00+00:00,103.546875,103.546875,103.54296875,103.54296875,254.0
2025-03-05 17:44:00+00:00,103.54296875,103.546875,103.54296875,103.546875,45.0
2025-03-05 17:45:00+00:00,103.55078125,103.55078125,103.54296875,103.54296875,409.0
2025-03-05 17:46:00+00:00,103.546875,103.55078125,103.546875,103.55078125,529.0
2025-03-05 17:47:00+00:00,103.54296875,103.546875,103.54296875,103.546875,333.0
2025-03-05 17:48:00+00:00,103.54296875,103.54296875,103.5390625,103.54296875,1286.0
2025-03-05 17:49:00+00:00,103.5390625,103.54296875,103.5390625,103.54296875,461.0
2025-03-05 17:50:00+00:00,103.54296875,103.54296875,103.5390625,103.5390625,306.0
2025-03-05 17:51:00+00:00,103.5390625,103.54296875,103.5390625,103.5390625,1457.0
2025-03-05 17:52:00+00:00,103.53515625,103.5390625,103.53515625,103.5390625,1699.0
2025-03-05 17:53:00+00:00,103.52734375,103.53515625,103.52734375,103.53515625,1484.0
2025-03-05 17:54:00+00:00,103.52734375,103.53125,103.52734375,103.52734375,735.0
2025-03-05 17:55:00+00:00,103.52734375,103.53125,103.52734375,103.53125,426.0
2025-03-05 17:56:00+00:00,103.5234375,103.52734375,103.5234375,103.52734375,2056.0
2025-03-05 17:57:00+00:00,103.52734375,103.52734375,103.5234375,103.5234375,947.0
2025-03-05 17:58:00+00:00,103.52734375,103.52734375,103.52734375,103.52734375,219.0
2025-03-05 17:59:00+00:00,103.5234375,103.5234375,103.51953125,103.5234375,951.0
2025-03-05 18:00:00+00:00,103.5234375,103.5234375,103.5234375,103.5234375,460.0
2025-03-05 18:01:00+00:00,103.5234375,103.5234375,103.51953125,103.5234375,1599.0
2025-03-05 18:02:00+00:00,103.5234375,103.5234375,103.51953125,103.5234375,1156.0
2025-03-05 18:03:00+00:00,103.515625,103.51953125,103.515625,103.51953125,2969.0
2025-03-05 18:04:00+00:00,103.51953125,103.5234375,103.51953125,103.51953125,1502.0
2025-03-05 18:05:00+00:00,103.51953125,103.5234375,103.51953125,103.51953125,635.0
2025-03-05 18:06:00+00:00,103.5234375,103.5234375,103.51953125,103.5234375,1955.0
2025-03-05 18:07:00+00:00,103.53125,103.54296875,103.515625,103.51953125,4384.0
2025-03-05 18:08:00+00:00,103.5390625,103.5390625,103.53125,103.53125,1472.0
2025-03-05 18:09:00+00:00,103.55078125,103.55859375,103.5390625,103.5390625,2288.0
2025-03-05 18:10:00+00:00,103.54296875,103.55078125,103.54296875,103.55078125,1647.0
2025-03-05 18:11:00+00:00,103.53125,103.54296875,103.53125,103.5390625,950.0
2025-03-05 18:12:00+00:00,103.53125,103.53125,103.52734375,103.53125,499.0
2025-03-05 18:13:00+00:00,103.52734375,103.53125,103.29296875,103.53125,835.0
2025-03-05 18:14:00+00:00,103.53515625,103.53515625,103.52734375,103.52734375,610.0
2025-03-05 18:15:00+00:00,103.53515625,103.5390625,103.53515625,103.53515625,848.0
2025-03-05 18:16:00+00:00,103.53515625,103.53515625,103.53515625,103.53515625,908.0
2025-03-05 18:17:00+00:00,103.52734375,103.53515625,103.52734375,103.53125,2311.0
2025-03-05 18:18:00+00:00,103.53515625,103.53515625,103.52734375,103.52734375,384.0
2025-03-05 18:19:00+00:00,103.52734375,103.53515625,103.52734375,103.53515625,698.0
2025-03-05 18:20:00+00:00,103.52734375,103.52734375,103.5234375,103.52734375,455.0
2025-03-05 18:21:00+00:00,103.53125,103.53515625,103.52734375,103.52734375,667.0
2025-03-05 18:22:00+00:00,103.53125,103.53125,103.53125,103.53125,173.0
2025-03-05 18:23:00+00:00,103.52734375,103.52734375,103.51953125,103.52734375,2347.0
2025-03-05 18:24:00+00:00,103.515625,103.5234375,103.28515625,103.5234375,1491.0
2025-03-05 18:25:00+00:00,103.51171875,103.515625,103.5078125,103.51171875,1376.0
2025-03-05 18:26:00+00:00,103.51953125,103.51953125,103.51171875,103.51171875,789.0
2025-03-05 18:27:00+00:00,103.51171875,103.51953125,103.51171875,103.51953125,481.0
2025-03-05 18:28:00+00:00,103.515625,103.515625,103.51171875,103.51171875,421.0
2025-03-05 18:29:00+00:00,103.51953125,103.51953125,103.515625,103.515625,662.0
2025-03-05 18:30:00+00:00,103.51953125,103.5234375,103.51953125,103.51953125,247.0
2025-03-05 18:31:00+00:00,103.51953125,103.5234375,103.51953125,103.5234375,677.0
2025-03-05 18:32:00+00:00,103.52734375,103.52734375,103.51953125,103.51953125,677.0
2025-03-05 18:33:00+00:00,103.51953125,103.52734375,103.51953125,103.52734375,1808.0
2025-03-05 18:34:00+00:00,103.52734375,103.52734375,103.51953125,103.51953125,848.0
2025-03-05 18:35:00+00:00,103.5234375,103.53125,103.5234375,103.52734375,1397.0
2025-03-05 18:36:00+00:00,103.52734375,103.52734375,103.5234375,103.5234375,2083.0
2025-03-05 18:37:00+00:00,103.53125,103.53125,103.5234375,103.52734375,777.0
2025-03-05 18:38:00+00:00,103.5234375,103.53125,103.5234375,103.52734375,1137.0
2025-03-05 18:39:00+00:00,103.51953125,103.5234375,103.2734375,103.5234375,2190.0
2025-03-05 18:40:00+00:00,103.52734375,103.52734375,103.2734375,103.51953125,1009.0
2025-03-05 18:41:00+00:00,103.52734375,103.52734375,103.52734375,103.52734375,439.0
2025-03-05 18:42:00+00:00,103.52734375,103.53125,103.52734375,103.52734375,383.0
2025-03-05 18:43:00+00:00,103.53125,103.53125,103.52734375,103.52734375,806.0
2025-03-05 18:44:00+00:00,103.53125,103.53125,103.52734375,103.52734375,202.0
2025-03-05 18:45:00+00:00,103.52734375,103.53125,103.5234375,103.53125,674.0
2025-03-05 18:46:00+00:00,103.5234375,103.52734375,103.5234375,103.5234375,885.0
2025-03-05 18:47:00+00:00,103.5234375,103.5234375,103.51953125,103.51953125,42.0
2025-03-05 18:48:00+00:00,103.51953125,103.5234375,103.51953125,103.51953125,1389.0
2025-03-05 18:49:00+00:00,103.51953125,103.5234375,103.51953125,103.51953125,1889.0
2025-03-05 18:50:00+00:00,103.515625,103.51953125,103.51171875,103.51953125,1787.0
2025-03-05 18:51:00+00:00,103.515625,103.515625,103.51171875,103.515625,395.0
2025-03-05 18:52:00+00:00,103.515625,103.515625,103.51171875,103.51171875,1356.0
2025-03-05 18:53:00+00:00,103.51953125,103.51953125,103.51953125,103.51953125,288.0
2025-03-05 18:54:00+00:00,103.515625,103.51953125,103.515625,103.51953125,522.0
2025-03-05 18:55:00+00:00,103.515625,103.51953125,103.515625,103.515625,464.0
2025-03-05 18:56:00+00:00,103.515625,103.515625,103.515625,103.515625,313.0
2025-03-05 18:57:00+00:00,103.515625,103.515625,103.515625,103.515625,11.0
2025-03-05 18:58:00+00:00,103.515625,103.51953125,103.515625,103.515625,274.0
2025-03-05 19:00:00+00:00,103.51953125,103.51953125,103.51171875,103.51171875,1740.0
2025-03-05 19:01:00+00:00,103.515625,103.51953125,103.515625,103.51953125,486.0
2025-03-05 19:02:00+00:00,103.5078125,103.51171875,103.26953125,103.51171875,3483.0
2025-03-05 19:03:00+00:00,103.5078125,103.5078125,103.50390625,103.5078125,1510.0
2025-03-05 19:04:00+00:00,103.5078125,103.5078125,103.50390625,103.5078125,701.0
2025-03-05 19:05:00+00:00,103.5,103.5078125,103.5,103.50390625,3280.0
2025-03-05 19:06:00+00:00,103.49609375,103.5,103.49609375,103.5,3236.0
2025-03-05 19:07:00+00:00,103.49609375,103.49609375,103.4921875,103.49609375,707.0
2025-03-05 19:08:00+00:00,103.50390625,103.50390625,103.5,103.5,760.0
2025-03-05 19:09:00+00:00,103.50390625,103.50390625,103.5,103.5,478.0
2025-03-05 19:10:00+00:00,103.5,103.50390625,103.5,103.50390625,924.0
2025-03-05 19:11:00+00:00,103.50390625,103.50390625,103.5,103.5,130.0
2025-03-05 19:12:00+00:00,103.50390625,103.50390625,103.49609375,103.5,770.0
2025-03-05 19:13:00+00:00,103.5,103.50390625,103.5,103.5,1764.0
2025-03-05 19:14:00+00:00,103.5,103.5,103.49609375,103.5,1402.0
2025-03-05 19:15:00+00:00,103.49609375,103.49609375,103.4921875,103.49609375,747.0
2025-03-05 19:16:00+00:00,103.4921875,103.4921875,103.4921875,103.4921875,395.0
2025-03-05 19:17:00+00:00,103.4921875,103.4921875,103.48828125,103.4921875,885.0
2025-03-05 19:18:00+00:00,103.49609375,103.49609375,103.4921875,103.4921875,1216.0
2025-03-05 19:19:00+00:00,103.5,103.5,103.49609375,103.49609375,850.0
2025-03-05 19:20:00+00:00,103.5,103.5,103.49609375,103.5,1266.0
2025-03-05 19:21:00+00:00,103.4921875,103.49609375,103.4921875,103.49609375,143.0
2025-03-05 19:22:00+00:00,103.4921875,103.4921875,103.4921875,103.4921875,20.0
2025-03-05 19:23:00+00:00,103.4921875,103.4921875,103.4921875,103.4921875,87.0
2025-03-05 19:24:00+00:00,103.4921875,103.4921875,103.48828125,103.4921875,1404.0
2025-03-05 19:25:00+00:00,103.4921875,103.4921875,103.4921875,103.4921875,1031.0
2025-03-05 19:26:00+00:00,103.4921875,103.4921875,103.48828125,103.4921875,1311.0
2025-03-05 19:27:00+00:00,103.4921875,103.4921875,103.48828125,103.4921875,683.0
2025-03-05 19:28:00+00:00,103.4921875,103.4921875,103.48828125,103.48828125,1321.0
2025-03-05 19:29:00+00:00,103.48828125,103.48828125,103.48828125,103.48828125,917.0
2025-03-05 19:30:00+00:00,103.4921875,103.4921875,103.48828125,103.48828125,119.0
2025-03-05 19:31:00+00:00,103.4921875,103.4921875,103.48828125,103.48828125,742.0
2025-03-05 19:32:00+00:00,103.48828125,103.48828125,103.48046875,103.48828125,2102.0
2025-03-05 19:33:00+00:00,103.484375,103.484375,103.484375,103.484375,1176.0
2025-03-05 19:34:00+00:00,103.484375,103.484375,103.484375,103.484375,39.0
2025-03-05 19:35:00+00:00,103.48828125,103.4921875,103.48828125,103.48828125,352.0
2025-03-05 19:36:00+00:00,103.48828125,103.48828125,103.484375,103.48828125,429.0
2025-03-05 19:37:00+00:00,103.48828125,103.48828125,103.484375,103.484375,1042.0
2025-03-05 19:38:00+00:00,103.484375,103.4921875,103.484375,103.48828125,1067.0
2025-03-05 19:39:00+00:00,103.484375,103.484375,103.484375,103.484375,597.0
2025-03-05 19:40:00+00:00,103.484375,103.48828125,103.48046875,103.484375,54.0
2025-03-05 19:41:00+00:00,103.48046875,103.484375,103.48046875,103.484375,49.0
2025-03-05 19:42:00+00:00,103.4765625,103.48046875,103.4765625,103.48046875,873.0
2025-03-05 19:43:00+00:00,103.4765625,103.48046875,103.47265625,103.4765625,1089.0
2025-03-05 19:44:00+00:00,103.48046875,103.48046875,103.4765625,103.4765625,200.0
2025-03-05 19:45:00+00:00,103.4765625,103.484375,103.4765625,103.48046875,2455.0
2025-03-05 19:46:00+00:00,103.484375,103.484375,103.48046875,103.48046875,1016.0
2025-03-05 19:47:00+00:00,103.48046875,103.48046875,103.48046875,103.48046875,1499.0
2025-03-05 19:48:00+00:00,103.48046875,103.484375,103.48046875,103.48046875,54.0
2025-03-05 19:50:00+00:00,103.484375,103.48828125,103.48046875,103.484375,1193.0
2025-03-05 19:51:00+00:00,103.484375,103.484375,103.48046875,103.484375,273.0
2025-03-05 19:52:00+00:00,103.484375,103.484375,103.48046875,103.484375,772.0
2025-03-05 19:53:00+00:00,103.48046875,103.484375,103.4765625,103.48046875,1247.0
2025-03-05 19:54:00+00:00,103.48046875,103.48046875,103.4765625,103.4765625,307.0
2025-03-05 19:55:00+00:00,103.484375,103.48828125,103.48046875,103.48046875,1443.0
2025-03-05 19:56:00+00:00,103.48828125,103.48828125,103.48046875,103.484375,1471.0
2025-03-05 19:57:00+00:00,103.4921875,103.49609375,103.48828125,103.48828125,577.0
2025-03-05 19:58:00+00:00,103.4921875,103.49609375,103.48828125,103.49609375,2551.0
2025-03-05 19:59:00+00:00,103.50390625,103.5078125,103.4921875,103.4921875,14378.0
2025-03-05 20:00:00+00:00,103.50390625,103.5078125,103.5,103.5,2100.0
2025-03-05 20:01:00+00:00,103.5,103.50390625,103.49609375,103.50390625,1656.0
2025-03-05 20:02:00+00:00,103.5,103.5,103.49609375,103.5,943.0
2025-03-05 20:03:00+00:00,103.5,103.50390625,103.49609375,103.5,743.0
2025-03-05 20:04:00+00:00,103.5,103.50390625,103.49609375,103.5,616.0
2025-03-05 20:05:00+00:00,103.49609375,103.5,103.4921875,103.5,1226.0
2025-03-05 20:06:00+00:00,103.5,103.5,103.49609375,103.5,498.0
2025-03-05 20:07:00+00:00,103.49609375,103.5,103.49609375,103.5,445.0
2025-03-05 20:08:00+00:00,103.5,103.5,103.49609375,103.49609375,43.0
2025-03-05 20:09:00+00:00,103.49609375,103.5,103.49609375,103.5,868.0
2025-03-05 20:10:00+00:00,103.484375,103.49609375,103.484375,103.4921875,2052.0
2025-03-05 20:11:00+00:00,103.484375,103.484375,103.484375,103.484375,36.0
2025-03-05 20:12:00+00:00,103.484375,103.484375,103.48046875,103.48046875,771.0
2025-03-05 20:13:00+00:00,103.4765625,103.48046875,103.4765625,103.48046875,2524.0
2025-03-05 20:14:00+00:00,103.484375,103.484375,103.4765625,103.4765625,1397.0
2025-03-05 20:15:00+00:00,103.47265625,103.48046875,103.46875,103.48046875,1400.0
2025-03-05 20:16:00+00:00,103.47265625,103.47265625,103.46484375,103.47265625,2616.0
2025-03-05 20:17:00+00:00,103.484375,103.48828125,103.47265625,103.47265625,1803.0
2025-03-05 20:18:00+00:00,103.48046875,103.48828125,103.48046875,103.484375,1618.0
2025-03-05 20:19:00+00:00,103.48046875,103.48046875,103.48046875,103.48046875,2747.0
2025-03-05 20:20:00+00:00,103.48046875,103.48046875,103.48046875,103.48046875,101.0
2025-03-05 20:21:00+00:00,103.4765625,103.484375,103.4765625,103.484375,1432.0
2025-03-05 20:22:00+00:00,103.4765625,103.4765625,103.4765625,103.4765625,232.0
2025-03-05 20:23:00+00:00,103.47265625,103.4765625,103.47265625,103.4765625,1762.0
2025-03-05 20:24:00+00:00,103.47265625,103.47265625,103.47265625,103.47265625,302.0
2025-03-05 20:25:00+00:00,103.47265625,103.4765625,103.46875,103.4765625,1346.0
2025-03-05 20:26:00+00:00,103.47265625,103.47265625,103.47265625,103.47265625,448.0
2025-03-05 20:27:00+00:00,103.4765625,103.4765625,103.47265625,103.47265625,1209.0
2025-03-05 20:28:00+00:00,103.47265625,103.4765625,103.47265625,103.47265625,1440.0
2025-03-05 20:29:00+00:00,103.46875,103.47265625,103.46875,103.47265625,261.0
2025-03-05 20:30:00+00:00,103.4765625,103.4765625,103.47265625,103.47265625,1807.0
2025-03-05 20:31:00+00:00,103.47265625,103.4765625,103.47265625,103.4765625,714.0
2025-03-05 20:32:00+00:00,103.47265625,103.47265625,103.47265625,103.47265625,204.0
2025-03-05 20:33:00+00:00,103.4765625,103.4765625,103.4765625,103.4765625,401.0
2025-03-05 20:34:00+00:00,103.4765625,103.4765625,103.4765625,103.4765625,356.0
2025-03-05 20:35:00+00:00,103.4765625,103.4765625,103.47265625,103.47265625,567.0
2025-03-05 20:36:00+00:00,103.48046875,103.48046875,103.47265625,103.4765625,3371.0
2025-03-05 20:37:00+00:00,103.48046875,103.48046875,103.48046875,103.48046875,1039.0
2025-03-05 20:38:00+00:00,103.4765625,103.48046875,103.4765625,103.48046875,914.0
2025-03-05 20:39:00+00:00,103.48046875,103.48046875,103.4765625,103.4765625,223.0
2025-03-05 20:40:00+00:00,103.4765625,103.48046875,103.4765625,103.4765625,36.0
2025-03-05 20:41:00+00:00,103.4765625,103.4765625,103.4765625,103.4765625,178.0
2025-03-05 20:42:00+00:00,103.4765625,103.48046875,103.47265625,103.48046875,1883.0
2025-03-05 20:43:00+00:00,103.4765625,103.48046875,103.4765625,103.4765625,1150.0
2025-03-05 20:44:00+00:00,103.4765625,103.48046875,103.4765625,103.48046875,895.0
2025-03-05 20:45:00+00:00,103.484375,103.484375,103.48046875,103.48046875,1402.0
2025-03-05 20:46:00+00:00,103.484375,103.484375,103.484375,103.484375,1646.0
2025-03-05 20:47:00+00:00,103.484375,103.484375,103.484375,103.484375,1648.0
2025-03-05 20:48:00+00:00,103.484375,103.48828125,103.484375,103.484375,315.0
2025-03-05 20:49:00+00:00,103.484375,103.484375,103.48046875,103.484375,414.0
2025-03-05 20:50:00+00:00,103.484375,103.484375,103.484375,103.484375,29.0
2025-03-05 20:51:00+00:00,103.48046875,103.48828125,103.48046875,103.48828125,1400.0
2025-03-05 20:52:00+00:00,103.48046875,103.48046875,103.48046875,103.48046875,374.0
2025-03-05 20:53:00+00:00,103.4765625,103.48046875,103.4765625,103.48046875,166.0
2025-03-05 20:54:00+00:00,103.4765625,103.48046875,103.4765625,103.48046875,1585.0
2025-03-05 20:55:00+00:00,103.4765625,103.4765625,103.47265625,103.4765625,841.0
2025-03-05 20:56:00+00:00,103.47265625,103.4765625,103.47265625,103.4765625,595.0
2025-03-05 20:57:00+00:00,103.47265625,103.47265625,103.47265625,103.47265625,569.0
2025-03-05 20:58:00+00:00,103.46875,103.46875,103.46484375,103.46875,1153.0
2025-03-05 20:59:00+00:00,103.46875,103.47265625,103.46484375,103.46484375,3871.0
2025-03-05 21:00:00+00:00,103.46484375,103.47265625,103.46484375,103.47265625,2984.0
2025-03-05 21:01:00+00:00,103.46875,103.46875,103.46484375,103.46484375,441.0
2025-03-05 21:02:00+00:00,103.46875,103.46875,103.46875,103.46875,141.0
2025-03-05 21:03:00+00:00,103.4609375,103.46875,103.4609375,103.46875,1197.0
2025-03-05 21:04:00+00:00,103.46484375,103.46484375,103.4609375,103.46484375,1194.0
2025-03-05 21:05:00+00:00,103.46484375,103.46875,103.46484375,103.46484375,730.0
2025-03-05 21:06:00+00:00,103.46484375,103.46875,103.46484375,103.46875,356.0
2025-03-05 21:07:00+00:00,103.46484375,103.46484375,103.46484375,103.46484375,141.0
2025-03-05 21:08:00+00:00,103.45703125,103.4609375,103.45703125,103.4609375,314.0
2025-03-05 21:09:00+00:00,103.45703125,103.4609375,103.45703125,103.4609375,146.0
2025-03-05 21:10:00+00:00,103.4609375,103.4609375,103.45703125,103.45703125,2946.0
2025-03-05 21:11:00+00:00,103.45703125,103.4609375,103.45703125,103.4609375,328.0
2025-03-05 21:12:00+00:00,103.45703125,103.4609375,103.45703125,103.4609375,999.0
2025-03-05 21:13:00+00:00,103.45703125,103.4609375,103.45703125,103.4609375,54.0
2025-03-05 21:14:00+00:00,103.45703125,103.45703125,103.45703125,103.45703125,301.0
2025-03-05 21:15:00+00:00,103.44921875,103.45703125,103.44921875,103.45703125,628.0
2025-03-05 21:16:00+00:00,103.453125,103.453125,103.453125,103.453125,1838.0
2025-03-05 21:17:00+00:00,103.45703125,103.45703125,103.453125,103.453125,216.0
2025-03-05 21:18:00+00:00,103.453125,103.45703125,103.453125,103.453125,443.0
2025-03-05 21:19:00+00:00,103.453125,103.45703125,103.453125,103.45703125,2.0
2025-03-05 21:20:00+00:00,103.453125,103.45703125,103.453125,103.453125,400.0
2025-03-05 21:21:00+00:00,103.45703125,103.45703125,103.453125,103.453125,321.0
2025-03-05 21:22:00+00:00,103.45703125,103.45703125,103.45703125,103.45703125,633.0
2025-03-05 21:23:00+00:00,103.45703125,103.4609375,103.453125,103.45703125,615.0
2025-03-05 21:24:00+00:00,103.45703125,103.45703125,103.453125,103.453125,20.0
2025-03-05 21:25:00+00:00,103.4609375,103.4609375,103.453125,103.453125,1598.0
2025-03-05 21:26:00+00:00,103.4609375,103.4609375,103.45703125,103.4609375,1313.0
2025-03-05 21:27:00+00:00,103.45703125,103.4609375,103.45703125,103.4609375,200.0
2025-03-05 21:28:00+00:00,103.45703125,103.4609375,103.45703125,103.45703125,212.0
2025-03-05 21:29:00+00:00,103.453125,103.45703125,103.453125,103.45703125,1308.0
2025-03-05 21:30:00+00:00,103.4609375,103.4609375,103.453125,103.453125,734.0
2025-03-05 21:31:00+00:00,103.4609375,103.4609375,103.45703125,103.4609375,879.0
2025-03-05 21:32:00+00:00,103.4609375,103.4609375,103.45703125,103.4609375,302.0
2025-03-05 21:33:00+00:00,103.45703125,103.4609375,103.45703125,103.4609375,1442.0
2025-03-05 21:34:00+00:00,103.45703125,103.45703125,103.45703125,103.45703125,4.0
2025-03-05 21:35:00+00:00,103.45703125,103.4609375,103.45703125,103.45703125,1912.0
2025-03-05 21:36:00+00:00,103.45703125,103.4609375,103.45703125,103.45703125,658.0
2025-03-05 21:37:00+00:00,103.45703125,103.45703125,103.45703125,103.45703125,1010.0
2025-03-05 21:38:00+00:00,103.45703125,103.4609375,103.45703125,103.45703125,736.0
2025-03-05 21:39:00+00:00,103.45703125,103.4609375,103.453125,103.45703125,1010.0
2025-03-05 21:40:00+00:00,103.45703125,103.45703125,103.45703125,103.45703125,1202.0
2025-03-05 21:41:00+00:00,103.45703125,103.4609375,103.45703125,103.45703125,80.0
2025-03-05 21:42:00+00:00,103.4609375,103.4609375,103.4609375,103.4609375,1276.0
2025-03-05 21:43:00+00:00,103.4609375,103.4609375,103.4609375,103.4609375,318.0
2025-03-05 21:44:00+00:00,103.45703125,103.4609375,103.45703125,103.4609375,842.0
2025-03-05 21:45:00+00:00,103.45703125,103.45703125,103.453125,103.45703125,786.0
2025-03-05 21:46:00+00:00,103.4609375,103.4609375,103.45703125,103.45703125,491.0
2025-03-05 21:47:00+00:00,103.45703125,103.4609375,103.45703125,103.4609375,771.0
2025-03-05 21:48:00+00:00,103.45703125,103.45703125,103.453125,103.45703125,363.0
2025-03-05 21:49:00+00:00,103.4609375,103.4609375,103.45703125,103.45703125,44.0
2025-03-05 21:50:00+00:00,103.4609375,103.4609375,103.45703125,103.45703125,280.0
2025-03-05 21:51:00+00:00,103.45703125,103.4609375,103.45703125,103.4609375,324.0
2025-03-05 21:52:00+00:00,103.4609375,103.4609375,103.45703125,103.45703125,125.0
2025-03-05 21:53:00+00:00,103.4609375,103.4609375,103.45703125,103.4609375,274.0
2025-03-05 21:54:00+00:00,103.4609375,103.4609375,103.45703125,103.4609375,743.0
2025-03-05 21:55:00+00:00,103.45703125,103.4609375,103.45703125,103.4609375,1236.0
2025-03-05 21:56:00+00:00,103.4609375,103.4609375,103.45703125,103.45703125,217.0
2025-03-05 21:57:00+00:00,103.45703125,103.4609375,103.453125,103.4609375,447.0
2025-03-05 21:58:00+00:00,103.45703125,103.45703125,103.45703125,103.45703125,203.0
2025-03-05 21:59:00+00:00,103.453125,103.45703125,103.453125,103.45703125,322.0
2025-03-05 23:00:00+00:00,103.4609375,103.4609375,103.44921875,103.44921875,0.0
2025-03-05 23:01:00+00:00,103.46484375,103.46875,103.4609375,103.46484375,629.0
2025-03-05 23:02:00+00:00,103.4609375,103.46484375,103.4609375,103.46484375,43.0
2025-03-05 23:03:00+00:00,103.4609375,103.46484375,103.4609375,103.4609375,184.0
2025-03-05 23:04:00+00:00,103.4609375,103.4609375,103.4609375,103.4609375,67.0
2025-03-05 23:07:00+00:00,103.46484375,103.46484375,103.46484375,103.46484375,25.0
2025-03-05 23:12:00+00:00,103.46484375,103.46484375,103.4609375,103.4609375,24.0
2025-03-05 23:13:00+00:00,103.46484375,103.46484375,103.46484375,103.46484375,241.0
2025-03-05 23:14:00+00:00,103.4609375,103.4609375,103.4609375,103.4609375,408.0
2025-03-05 23:16:00+00:00,103.4609375,103.4609375,103.4609375,103.4609375,44.0
2025-03-05 23:19:00+00:00,103.45703125,103.45703125,103.45703125,103.45703125,97.0
2025-03-05 23:23:00+00:00,103.453125,103.453125,103.44921875,103.453125,318.0
2025-03-05 23:25:00+00:00,103.453125,103.453125,103.453125,103.453125,90.0
2025-03-05 23:26:00+00:00,103.45703125,103.45703125,103.453125,103.45703125,554.0
2025-03-05 23:28:00+00:00,103.453125,103.453125,103.453125,103.453125,140.0
2025-03-05 23:29:00+00:00,103.45703125,103.45703125,103.45703125,103.45703125,30.0
2025-03-05 23:30:00+00:00,103.45703125,103.45703125,103.45703125,103.45703125,57.0
2025-03-05 23:34:00+00:00,103.453125,103.453125,103.453125,103.453125,55.0
2025-03-05 23:35:00+00:00,103.44921875,103.44921875,103.44921875,103.44921875,28.0
2025-03-05 23:36:00+00:00,103.44921875,103.44921875,103.44921875,103.44921875,62.0
2025-03-05 23:39:00+00:00,103.4375,103.4453125,103.4296875,103.4453125,3706.0
2025-03-05 23:41:00+00:00,103.4375,103.4375,103.4375,103.4375,625.0
2025-03-05 23:42:00+00:00,103.44140625,103.44140625,103.44140625,103.44140625,1.0
2025-03-05 23:43:00+00:00,103.44140625,103.44140625,103.44140625,103.44140625,67.0
2025-03-05 23:45:00+00:00,103.44140625,103.44140625,103.44140625,103.44140625,12.0
2025-03-05 23:46:00+00:00,103.4375,103.44140625,103.4375,103.44140625,2.0
2025-03-05 23:47:00+00:00,103.4375,103.4375,103.4375,103.4375,427.0
2025-03-05 23:48:00+00:00,103.4375,103.4375,103.4375,103.4375,271.0
2025-03-05 23:49:00+00:00,103.4375,103.4375,103.4375,103.4375,1.0
2025-03-05 23:50:00+00:00,103.4375,103.4375,103.4375,103.4375,39.0
2025-03-05 23:51:00+00:00,103.4375,103.4375,103.4375,103.4375,183.0
2025-03-05 23:52:00+00:00,103.21875,103.21875,103.21875,103.21875,0.0
2025-03-05 23:54:00+00:00,103.44140625,103.44140625,103.44140625,103.44140625,9358.0
2025-03-05 23:55:00+00:00,103.44140625,103.44140625,103.44140625,103.44140625,93.0
2025-03-05 23:56:00+00:00,103.44140625,103.44140625,103.44140625,103.44140625,110.0
2025-03-05 23:58:00+00:00,103.4375,103.4375,103.43359375,103.4375,69.0
2025-03-05 23:59:00+00:00,103.4375,103.4375,103.4375,103.4375,67.0
2025-03-06 00:00:00+00:00,103.4375,103.4375,103.4375,103.4375,71.0
2025-03-06 00:01:00+00:00,103.4375,103.4375,103.4375,103.4375,433.0
2025-03-06 00:02:00+00:00,103.43359375,103.4375,103.43359375,103.4375,9.0
2025-03-06 00:07:00+00:00,103.43359375,103.4375,103.43359375,103.4375,8.0
2025-03-06 00:08:00+00:00,103.43359375,103.4375,103.43359375,103.4375,427.0
2025-03-06 00:09:00+00:00,103.4375,103.4375,103.43359375,103.43359375,563.0
2025-03-06 00:10:00+00:00,103.4296875,103.43359375,103.4296875,103.43359375,964.0
2025-03-06 00:11:00+00:00,103.4296875,103.4296875,103.4296875,103.4296875,178.0
2025-03-06 00:12:00+00:00,103.4296875,103.4296875,103.4296875,103.4296875,69.0
2025-03-06 00:13:00+00:00,103.4296875,103.4296875,103.4296875,103.4296875,36.0
2025-03-06 00:15:00+00:00,103.4296875,103.4296875,103.4296875,103.4296875,143.0
2025-03-06 00:16:00+00:00,103.4296875,103.4296875,103.42578125,103.42578125,76.0
2025-03-06 00:17:00+00:00,103.4296875,103.4296875,103.42578125,103.42578125,371.0
2025-03-06 00:19:00+00:00,103.421875,103.42578125,103.421875,103.42578125,407.0
2025-03-06 00:20:00+00:00,103.4140625,103.421875,103.4140625,103.421875,1095.0
2025-03-06 00:21:00+00:00,103.40625,103.41015625,103.40625,103.41015625,1250.0
2025-03-06 00:22:00+00:00,103.40234375,103.41015625,103.40234375,103.41015625,937.0
2025-03-06 00:23:00+00:00,103.3984375,103.40625,103.3984375,103.40234375,799.0
2025-03-06 00:24:00+00:00,103.40234375,103.40234375,103.3984375,103.40234375,724.0
2025-03-06 00:25:00+00:00,103.40234375,103.40625,103.40234375,103.40625,329.0
2025-03-06 00:26:00+00:00,103.40234375,103.40234375,103.3984375,103.40234375,359.0
2025-03-06 00:27:00+00:00,103.40625,103.40625,103.40234375,103.40625,267.0
2025-03-06 00:28:00+00:00,103.4140625,103.4140625,103.40625,103.40625,336.0
2025-03-06 00:29:00+00:00,103.4140625,103.4140625,103.40625,103.41015625,214.0
2025-03-06 00:30:00+00:00,103.40625,103.41015625,103.40625,103.41015625,33.0
2025-03-06 00:31:00+00:00,103.41015625,103.41015625,103.41015625,103.41015625,14.0
2025-03-06 00:32:00+00:00,103.41015625,103.4140625,103.41015625,103.41015625,245.0
2025-03-06 00:33:00+00:00,103.41015625,103.41015625,103.41015625,103.41015625,176.0
2025-03-06 00:34:00+00:00,103.40625,103.41015625,103.40625,103.41015625,567.0
2025-03-06 00:36:00+00:00,103.40625,103.40625,103.40625,103.40625,1.0
2025-03-06 00:37:00+00:00,103.41015625,103.41015625,103.40625,103.40625,121.0
2025-03-06 00:38:00+00:00,103.4140625,103.4140625,103.41015625,103.41015625,187.0
2025-03-06 00:39:00+00:00,103.41796875,103.41796875,103.4140625,103.4140625,258.0
2025-03-06 00:40:00+00:00,103.41796875,103.41796875,103.41796875,103.41796875,25.0
2025-03-06 00:41:00+00:00,103.41796875,103.41796875,103.41796875,103.41796875,20.0
2025-03-06 00:42:00+00:00,103.4140625,103.4140625,103.4140625,103.4140625,371.0
2025-03-06 00:43:00+00:00,103.4140625,103.4140625,103.4140625,103.4140625,52.0
2025-03-06 00:44:00+00:00,103.41796875,103.41796875,103.41796875,103.41796875,1.0
2025-03-06 00:46:00+00:00,103.4140625,103.4140625,103.4140625,103.4140625,291.0
2025-03-06 00:47:00+00:00,103.4140625,103.4140625,103.41015625,103.41015625,157.0
2025-03-06 00:48:00+00:00,103.41015625,103.4140625,103.41015625,103.4140625,181.0
2025-03-06 00:49:00+00:00,103.40625,103.40625,103.40625,103.40625,354.0
2025-03-06 00:50:00+00:00,103.40234375,103.40234375,103.40234375,103.40234375,183.0
2025-03-06 00:51:00+00:00,103.40625,103.40625,103.40234375,103.40234375,450.0
2025-03-06 00:52:00+00:00,103.40625,103.40625,103.40234375,103.40234375,217.0
2025-03-06 00:53:00+00:00,103.40234375,103.40234375,103.40234375,103.40234375,186.0
2025-03-06 00:54:00+00:00,103.40234375,103.40234375,103.40234375,103.40234375,25.0
2025-03-06 00:55:00+00:00,103.40234375,103.40234375,103.40234375,103.40234375,203.0
2025-03-06 00:56:00+00:00,103.40234375,103.40625,103.3984375,103.40625,281.0
2025-03-06 00:57:00+00:00,103.40234375,103.40234375,103.40234375,103.40234375,15.0
2025-03-06 00:58:00+00:00,103.3984375,103.40234375,103.3984375,103.40234375,292.0
2025-03-06 01:00:00+00:00,103.3984375,103.40234375,103.39453125,103.40234375,116.0
2025-03-06 01:01:00+00:00,103.40234375,103.40234375,103.3984375,103.3984375,614.0
2025-03-06 01:02:00+00:00,103.3984375,103.3984375,103.3984375,103.3984375,44.0
2025-03-06 01:03:00+00:00,103.40234375,103.40234375,103.3984375,103.3984375,74.0
2025-03-06 01:04:00+00:00,103.3984375,103.3984375,103.3984375,103.3984375,57.0
2025-03-06 01:05:00+00:00,103.39453125,103.40234375,103.39453125,103.3984375,476.0
2025-03-06 01:06:00+00:00,103.39453125,103.3984375,103.39453125,103.3984375,268.0
2025-03-06 01:07:00+00:00,103.390625,103.39453125,103.38671875,103.390625,1544.0
2025-03-06 01:08:00+00:00,103.390625,103.390625,103.38671875,103.38671875,153.0
2025-03-06 01:09:00+00:00,103.390625,103.390625,103.390625,103.390625,559.0
2025-03-06 01:10:00+00:00,103.39453125,103.39453125,103.39453125,103.39453125,160.0
2025-03-06 01:11:00+00:00,103.3984375,103.3984375,103.39453125,103.39453125,84.0
2025-03-06 01:12:00+00:00,103.3984375,103.3984375,103.39453125,103.39453125,308.0
2025-03-06 01:13:00+00:00,103.40234375,103.40234375,103.39453125,103.3984375,381.0
2025-03-06 01:14:00+00:00,103.40234375,103.40234375,103.3984375,103.3984375,171.0
2025-03-06 01:15:00+00:00,103.40625,103.40625,103.40234375,103.40234375,26.0
2025-03-06 01:16:00+00:00,103.40234375,103.40234375,103.40234375,103.40234375,461.0
2025-03-06 01:18:00+00:00,103.40234375,103.40234375,103.40234375,103.40234375,265.0
2025-03-06 01:19:00+00:00,103.40234375,103.40234375,103.40234375,103.40234375,38.0
2025-03-06 01:22:00+00:00,103.40625,103.40625,103.40625,103.40625,415.0
2025-03-06 01:24:00+00:00,103.41015625,103.41015625,103.40625,103.41015625,301.0
2025-03-06 01:25:00+00:00,103.41015625,103.41015625,103.41015625,103.41015625,2.0
2025-03-06 01:26:00+00:00,103.41015625,103.41015625,103.41015625,103.41015625,21.0
2025-03-06 01:28:00+00:00,103.41015625,103.41015625,103.41015625,103.41015625,5.0
2025-03-06 01:30:00+00:00,103.41015625,103.41015625,103.41015625,103.41015625,26.0
2025-03-06 01:32:00+00:00,103.40625,103.40625,103.40625,103.40625,725.0
2025-03-06 01:33:00+00:00,103.40625,103.40625,103.40625,103.40625,580.0
2025-03-06 01:34:00+00:00,103.40234375,103.40625,103.40234375,103.40625,160.0
2025-03-06 01:35:00+00:00,103.40625,103.40625,103.40625,103.40625,124.0
2025-03-06 01:37:00+00:00,103.40234375,103.40234375,103.40234375,103.40234375,557.0
2025-03-06 01:38:00+00:00,103.40625,103.40625,103.40625,103.40625,56.0
2025-03-06 01:39:00+00:00,103.40625,103.41015625,103.40625,103.41015625,3.0
2025-03-06 01:40:00+00:00,103.40625,103.40625,103.40625,103.40625,281.0
2025-03-06 01:41:00+00:00,103.41015625,103.41015625,103.40625,103.40625,6.0
2025-03-06 01:42:00+00:00,103.4140625,103.4140625,103.41015625,103.41015625,115.0
2025-03-06 01:44:00+00:00,103.4140625,103.4140625,103.4140625,103.4140625,119.0
2025-03-06 01:45:00+00:00,103.4140625,103.4140625,103.4140625,103.4140625,316.0
2025-03-06 01:46:00+00:00,103.41015625,103.4140625,103.41015625,103.4140625,104.0
2025-03-06 01:47:00+00:00,103.4140625,103.4140625,103.4140625,103.4140625,7.0
2025-03-06 01:48:00+00:00,103.41015625,103.41015625,103.41015625,103.41015625,384.0
2025-03-06 01:49:00+00:00,103.40625,103.41015625,103.40625,103.41015625,607.0
2025-03-06 01:54:00+00:00,103.4140625,103.4140625,103.41015625,103.41015625,169.0
2025-03-06 01:55:00+00:00,103.41015625,103.41015625,103.41015625,103.41015625,310.0
2025-03-06 01:56:00+00:00,103.41015625,103.41015625,103.41015625,103.41015625,18.0
2025-03-06 01:57:00+00:00,103.40625,103.41015625,103.1953125,103.41015625,53.0
2025-03-06 01:59:00+00:00,103.40625,103.40625,103.17578125,103.17578125,29.0
2025-03-06 02:00:00+00:00,103.41015625,103.41015625,103.40625,103.40625,142.0
2025-03-06 02:01:00+00:00,103.41015625,103.41015625,103.41015625,103.41015625,197.0
2025-03-06 02:02:00+00:00,103.41015625,103.41015625,103.171875,103.40625,38.0
2025-03-06 02:05:00+00:00,103.40625,103.40625,103.40234375,103.40625,303.0
2025-03-06 02:06:00+00:00,103.40234375,103.40625,103.40234375,103.40625,138.0
2025-03-06 02:07:00+00:00,103.3984375,103.40234375,103.16796875,103.40234375,429.0
2025-03-06 02:08:00+00:00,103.40234375,103.40234375,103.40234375,103.40234375,239.0
2025-03-06 02:09:00+00:00,103.40234375,103.40234375,103.40234375,103.40234375,463.0
2025-03-06 02:11:00+00:00,103.3984375,103.3984375,103.3984375,103.3984375,236.0
2025-03-06 02:12:00+00:00,103.3984375,103.3984375,103.3984375,103.3984375,153.0
2025-03-06 02:13:00+00:00,103.3984375,103.3984375,103.3984375,103.3984375,34.0
2025-03-06 02:15:00+00:00,103.40234375,103.40234375,103.40234375,103.40234375,4.0
2025-03-06 02:16:00+00:00,103.3984375,103.3984375,103.3984375,103.3984375,156.0
2025-03-06 02:17:00+00:00,103.17578125,103.3984375,103.17578125,103.3984375,0.0
2025-03-06 02:18:00+00:00,103.39453125,103.3984375,103.39453125,103.3984375,39047.0
2025-03-06 02:19:00+00:00,103.39453125,103.39453125,103.39453125,103.39453125,328.0
2025-03-06 02:20:00+00:00,103.390625,103.3984375,103.390625,103.39453125,249.0
2025-03-06 02:21:00+00:00,103.38671875,103.390625,103.38671875,103.38671875,114.0
2025-03-06 02:22:00+00:00,103.38671875,103.38671875,103.38671875,103.38671875,70.0
2025-03-06 02:23:00+00:00,103.38671875,103.38671875,103.38671875,103.38671875,128.0
2025-03-06 02:24:00+00:00,103.38671875,103.38671875,103.38671875,103.38671875,32.0
2025-03-06 02:25:00+00:00,103.38671875,103.390625,103.3828125,103.3828125,544.0
2025-03-06 02:26:00+00:00,103.3828125,103.38671875,103.3828125,103.38671875,227.0
2025-03-06 02:29:00+00:00,103.3828125,103.390625,103.3828125,103.38671875,728.0
2025-03-06 02:30:00+00:00,103.38671875,103.38671875,103.38671875,103.38671875,17.0
2025-03-06 02:31:00+00:00,103.3828125,103.3828125,103.3828125,103.3828125,673.0
2025-03-06 02:32:00+00:00,103.38671875,103.38671875,103.38671875,103.38671875,152.0
2025-03-06 02:33:00+00:00,103.390625,103.390625,103.390625,103.390625,17.0
2025-03-06 02:34:00+00:00,103.3828125,103.38671875,103.3828125,103.38671875,240.0
2025-03-06 02:35:00+00:00,103.38671875,103.390625,103.38671875,103.38671875,216.0
2025-03-06 02:37:00+00:00,103.3828125,103.38671875,103.3828125,103.38671875,4.0
2025-03-06 02:38:00+00:00,103.38671875,103.38671875,103.38671875,103.38671875,186.0
2025-03-06 02:39:00+00:00,103.38671875,103.38671875,103.38671875,103.38671875,47.0
2025-03-06 02:40:00+00:00,103.390625,103.390625,103.390625,103.390625,221.0
2025-03-06 02:41:00+00:00,103.390625,103.39453125,103.390625,103.39453125,131.0
2025-03-06 02:42:00+00:00,103.390625,103.390625,103.390625,103.390625,8.0
2025-03-06 02:44:00+00:00,103.390625,103.390625,103.390625,103.390625,81.0
2025-03-06 02:45:00+00:00,103.390625,103.390625,103.390625,103.390625,55.0
2025-03-06 02:46:00+00:00,103.390625,103.39453125,103.390625,103.390625,278.0
2025-03-06 02:47:00+00:00,103.39453125,103.39453125,103.390625,103.390625,507.0
2025-03-06 02:48:00+00:00,103.39453125,103.3984375,103.39453125,103.39453125,251.0
2025-03-06 02:49:00+00:00,103.3984375,103.3984375,103.39453125,103.39453125,383.0
2025-03-06 02:50:00+00:00,103.3984375,103.40234375,103.3984375,103.3984375,236.0
2025-03-06 02:51:00+00:00,103.39453125,103.39453125,103.39453125,103.39453125,1.0
2025-03-06 02:52:00+00:00,103.3984375,103.3984375,103.39453125,103.3984375,289.0
2025-03-06 02:53:00+00:00,103.3984375,103.3984375,103.3984375,103.3984375,12.0
2025-03-06 02:54:00+00:00,103.3984375,103.3984375,103.16796875,103.16796875,9.0
2025-03-06 02:55:00+00:00,103.3984375,103.3984375,103.3984375,103.3984375,7.0
2025-03-06 02:56:00+00:00,103.3984375,103.3984375,103.3984375,103.3984375,8.0
2025-03-06 02:57:00+00:00,103.390625,103.39453125,103.1640625,103.39453125,944.0
2025-03-06 02:58:00+00:00,103.390625,103.390625,103.390625,103.390625,161.0
2025-03-06 02:59:00+00:00,103.39453125,103.39453125,103.390625,103.390625,43.0
2025-03-06 03:02:00+00:00,103.390625,103.390625,103.390625,103.390625,135.0
2025-03-06 03:03:00+00:00,103.38671875,103.390625,103.38671875,103.390625,147.0
2025-03-06 03:04:00+00:00,103.38671875,103.38671875,103.15625,103.15625,19.0
2025-03-06 03:05:00+00:00,103.38671875,103.38671875,103.38671875,103.38671875,576.0
2025-03-06 03:06:00+00:00,103.3828125,103.390625,103.3828125,103.390625,557.0
2025-03-06 03:07:00+00:00,103.38671875,103.38671875,103.38671875,103.38671875,455.0
2025-03-06 03:09:00+00:00,103.390625,103.390625,103.390625,103.390625,1.0
2025-03-06 03:11:00+00:00,103.38671875,103.38671875,103.38671875,103.38671875,59.0
2025-03-06 03:12:00+00:00,103.38671875,103.38671875,103.38671875,103.38671875,89.0
2025-03-06 03:14:00+00:00,103.38671875,103.38671875,103.38671875,103.38671875,15.0
2025-03-06 03:16:00+00:00,103.390625,103.390625,103.390625,103.390625,305.0
2025-03-06 03:17:00+00:00,103.390625,103.390625,103.390625,103.390625,4.0
2025-03-06 03:21:00+00:00,103.38671875,103.38671875,103.38671875,103.38671875,88.0
2025-03-06 03:22:00+00:00,103.38671875,103.38671875,103.3828125,103.3828125,52.0
2025-03-06 03:23:00+00:00,103.38671875,103.38671875,103.38671875,103.38671875,124.0
2025-03-06 03:24:00+00:00,103.390625,103.390625,103.38671875,103.38671875,191.0
2025-03-06 03:27:00+00:00,103.390625,103.390625,103.390625,103.390625,48.0
2025-03-06 03:29:00+00:00,103.390625,103.390625,103.390625,103.390625,91.0
2025-03-06 03:30:00+00:00,103.390625,103.390625,103.16015625,103.16015625,2.0
2025-03-06 03:31:00+00:00,103.390625,103.390625,103.390625,103.390625,37.0
2025-03-06 03:32:00+00:00,103.390625,103.39453125,103.390625,103.390625,71.0
2025-03-06 03:33:00+00:00,103.390625,103.390625,103.390625,103.390625,33.0
2025-03-06 03:35:00+00:00,103.39453125,103.3984375,103.390625,103.390625,504.0
2025-03-06 03:37:00+00:00,103.3984375,103.3984375,103.3984375,103.3984375,3.0
2025-03-06 03:40:00+00:00,103.3984375,103.3984375,103.3984375,103.3984375,50.0
2025-03-06 03:43:00+00:00,103.39453125,103.39453125,103.39453125,103.39453125,151.0
2025-03-06 03:45:00+00:00,103.390625,103.390625,103.390625,103.390625,28.0
2025-03-06 03:46:00+00:00,103.38671875,103.38671875,103.38671875,103.38671875,2.0
2025-03-06 03:47:00+00:00,103.390625,103.390625,103.390625,103.390625,149.0
2025-03-06 03:48:00+00:00,103.390625,103.390625,103.390625,103.390625,39.0
2025-03-06 03:49:00+00:00,103.390625,103.390625,103.390625,103.390625,15.0
2025-03-06 03:50:00+00:00,103.390625,103.390625,103.390625,103.390625,26.0
2025-03-06 03:51:00+00:00,103.390625,103.390625,103.390625,103.390625,40.0
2025-03-06 03:53:00+00:00,103.390625,103.390625,103.390625,103.390625,30.0
2025-03-06 03:54:00+00:00,103.390625,103.390625,103.390625,103.390625,5.0
2025-03-06 03:55:00+00:00,103.38671875,103.38671875,103.38671875,103.38671875,200.0
2025-03-06 03:57:00+00:00,103.390625,103.390625,103.390625,103.390625,6.0
2025-03-06 04:02:00+00:00,103.38671875,103.38671875,103.38671875,103.38671875,35.0
2025-03-06 04:04:00+00:00,103.3828125,103.38671875,103.3828125,103.38671875,533.0
2025-03-06 04:05:00+00:00,103.38671875,103.38671875,103.38671875,103.38671875,98.0
2025-03-06 04:06:00+00:00,103.390625,103.390625,103.390625,103.390625,227.0
2025-03-06 04:09:00+00:00,103.390625,103.390625,103.390625,103.390625,70.0
2025-03-06 04:10:00+00:00,103.390625,103.390625,103.390625,103.390625,14.0
2025-03-06 04:12:00+00:00,103.390625,103.390625,103.390625,103.390625,43.0
2025-03-06 04:19:00+00:00,103.390625,103.390625,103.390625,103.390625,147.0
2025-03-06 04:20:00+00:00,103.390625,103.390625,103.390625,103.390625,348.0
2025-03-06 04:21:00+00:00,103.390625,103.390625,103.390625,103.390625,47.0
2025-03-06 04:27:00+00:00,103.39453125,103.39453125,103.39453125,103.39453125,5.0
2025-03-06 04:37:00+00:00,103.390625,103.390625,103.390625,103.390625,57.0
2025-03-06 04:39:00+00:00,103.390625,103.390625,103.390625,103.390625,21.0
2025-03-06 04:40:00+00:00,103.390625,103.390625,103.390625,103.390625,2.0
2025-03-06 04:46:00+00:00,103.390625,103.390625,103.390625,103.390625,41.0
2025-03-06 04:52:00+00:00,103.390625,103.390625,103.390625,103.390625,3.0
2025-03-06 04:53:00+00:00,103.390625,103.390625,103.38671875,103.38671875,10.0
2025-03-06 04:55:00+00:00,103.390625,103.390625,103.390625,103.390625,10.0
2025-03-06 05:00:00+00:00,103.38671875,103.38671875,103.38671875,103.38671875,327.0
2025-03-06 05:01:00+00:00,103.3828125,103.38671875,103.3828125,103.38671875,47.0
2025-03-06 05:02:00+00:00,103.38671875,103.38671875,103.38671875,103.38671875,122.0
2025-03-06 05:03:00+00:00,103.390625,103.390625,103.38671875,103.38671875,312.0
2025-03-06 05:05:00+00:00,103.390625,103.390625,103.390625,103.390625,136.0
2025-03-06 05:08:00+00:00,103.390625,103.390625,103.390625,103.390625,95.0
2025-03-06 05:09:00+00:00,103.38671875,103.38671875,103.38671875,103.38671875,58.0
2025-03-06 05:10:00+00:00,103.38671875,103.38671875,103.38671875,103.38671875,28.0
2025-03-06 05:11:00+00:00,103.390625,103.390625,103.390625,103.390625,60.0
2025-03-06 05:13:00+00:00,103.38671875,103.38671875,103.38671875,103.38671875,4.0
2025-03-06 05:16:00+00:00,103.390625,103.390625,103.390625,103.390625,56.0
2025-03-06 05:19:00+00:00,103.390625,103.390625,103.390625,103.390625,119.0
2025-03-06 05:21:00+00:00,103.39453125,103.39453125,103.39453125,103.39453125,2.0
2025-03-06 05:22:00+00:00,103.390625,103.390625,103.390625,103.390625,388.0
2025-03-06 05:23:00+00:00,103.390625,103.390625,103.390625,103.390625,64.0
2025-03-06 05:26:00+00:00,103.39453125,103.39453125,103.39453125,103.39453125,501.0
2025-03-06 05:27:00+00:00,103.39453125,103.39453125,103.39453125,103.39453125,424.0
2025-03-06 05:32:00+00:00,103.39453125,103.39453125,103.39453125,103.39453125,187.0
2025-03-06 05:35:00+00:00,103.39453125,103.39453125,103.39453125,103.39453125,12.0
2025-03-06 05:37:00+00:00,103.39453125,103.39453125,103.39453125,103.39453125,7.0
2025-03-06 05:38:00+00:00,103.390625,103.390625,103.390625,103.390625,148.0
2025-03-06 05:39:00+00:00,103.390625,103.390625,103.390625,103.390625,24.0
2025-03-06 05:41:00+00:00,103.390625,103.390625,103.38671875,103.38671875,85.0
2025-03-06 05:43:00+00:00,103.390625,103.39453125,103.390625,103.39453125,505.0
2025-03-06 05:46:00+00:00,103.390625,103.390625,103.38671875,103.38671875,110.0
2025-03-06 05:48:00+00:00,103.38671875,103.38671875,103.38671875,103.38671875,117.0
2025-03-06 05:49:00+00:00,103.38671875,103.38671875,103.38671875,103.38671875,192.0
2025-03-06 05:50:00+00:00,103.38671875,103.38671875,103.38671875,103.38671875,16.0
2025-03-06 05:51:00+00:00,103.38671875,103.38671875,103.38671875,103.38671875,31.0
2025-03-06 05:52:00+00:00,103.38671875,103.38671875,103.38671875,103.38671875,19.0
2025-03-06 05:53:00+00:00,103.38671875,103.38671875,103.38671875,103.38671875,153.0
2025-03-06 05:55:00+00:00,103.390625,103.390625,103.390625,103.390625,13.0
2025-03-06 05:56:00+00:00,103.390625,103.390625,103.390625,103.390625,875.0
2025-03-06 05:57:00+00:00,103.390625,103.390625,103.390625,103.390625,173.0
2025-03-06 05:59:00+00:00,103.39453125,103.39453125,103.39453125,103.39453125,26.0
2025-03-06 06:00:00+00:00,103.39453125,103.39453125,103.39453125,103.39453125,33.0
2025-03-06 06:01:00+00:00,103.3984375,103.3984375,103.3984375,103.3984375,200.0
2025-03-06 06:02:00+00:00,103.3984375,103.3984375,103.3984375,103.3984375,168.0
2025-03-06 06:03:00+00:00,103.3984375,103.3984375,103.3984375,103.3984375,116.0
2025-03-06 06:04:00+00:00,103.3984375,103.3984375,103.3984375,103.3984375,295.0
2025-03-06 06:05:00+00:00,103.39453125,103.3984375,103.39453125,103.3984375,306.0
2025-03-06 06:06:00+00:00,103.3984375,103.3984375,103.3984375,103.3984375,101.0
2025-03-06 06:07:00+00:00,103.3984375,103.40234375,103.3984375,103.40234375,457.0
2025-03-06 06:08:00+00:00,103.40234375,103.40234375,103.40234375,103.40234375,443.0
2025-03-06 06:09:00+00:00,103.41015625,103.41015625,103.40234375,103.40234375,626.0
2025-03-06 06:10:00+00:00,103.41015625,103.4140625,103.41015625,103.41015625,159.0
2025-03-06 06:12:00+00:00,103.41015625,103.4140625,103.41015625,103.41015625,253.0
2025-03-06 06:13:00+00:00,103.41015625,103.41015625,103.41015625,103.41015625,29.0
2025-03-06 06:14:00+00:00,103.41796875,103.41796875,103.41015625,103.41015625,1690.0
2025-03-06 06:16:00+00:00,103.41796875,103.41796875,103.41796875,103.41796875,199.0
2025-03-06 06:17:00+00:00,103.4140625,103.41796875,103.4140625,103.4140625,443.0
2025-03-06 06:18:00+00:00,103.41796875,103.41796875,103.4140625,103.4140625,105.0
2025-03-06 06:19:00+00:00,103.4140625,103.41796875,103.4140625,103.41796875,264.0
2025-03-06 06:20:00+00:00,103.41015625,103.4140625,103.41015625,103.4140625,494.0
2025-03-06 06:21:00+00:00,103.41015625,103.41015625,103.40625,103.41015625,173.0
2025-03-06 06:22:00+00:00,103.41015625,103.41015625,103.41015625,103.41015625,152.0
2025-03-06 06:23:00+00:00,103.41015625,103.41015625,103.41015625,103.41015625,119.0
2025-03-06 06:24:00+00:00,103.41015625,103.41015625,103.41015625,103.41015625,245.0
2025-03-06 06:25:00+00:00,103.41015625,103.41015625,103.41015625,103.41015625,123.0
2025-03-06 06:26:00+00:00,103.41015625,103.41015625,103.40625,103.40625,220.0
2025-03-06 06:27:00+00:00,103.41015625,103.41015625,103.41015625,103.41015625,98.0
2025-03-06 06:28:00+00:00,103.41015625,103.41015625,103.41015625,103.41015625,467.0
2025-03-06 06:31:00+00:00,103.41796875,103.41796875,103.4140625,103.4140625,114.0
2025-03-06 06:32:00+00:00,103.4140625,103.41796875,103.4140625,103.4140625,186.0
2025-03-06 06:33:00+00:00,103.4140625,103.4140625,103.4140625,103.4140625,154.0
2025-03-06 06:35:00+00:00,103.41015625,103.41015625,103.41015625,103.41015625,312.0
2025-03-06 06:36:00+00:00,103.41015625,103.41015625,103.41015625,103.41015625,256.0
2025-03-06 06:37:00+00:00,103.4140625,103.4140625,103.40625,103.40625,222.0
2025-03-06 06:38:00+00:00,103.41015625,103.41015625,103.41015625,103.41015625,146.0
2025-03-06 06:40:00+00:00,103.4140625,103.4140625,103.41015625,103.41015625,118.0
2025-03-06 06:41:00+00:00,103.41796875,103.41796875,103.41796875,103.41796875,188.0
2025-03-06 06:42:00+00:00,103.421875,103.421875,103.41796875,103.41796875,103.0
2025-03-06 06:43:00+00:00,103.421875,103.421875,103.421875,103.421875,52.0
2025-03-06 06:44:00+00:00,103.421875,103.421875,103.421875,103.421875,73.0
2025-03-06 06:46:00+00:00,103.41796875,103.41796875,103.41796875,103.41796875,321.0
2025-03-06 06:47:00+00:00,103.41796875,103.41796875,103.41796875,103.41796875,29.0
2025-03-06 06:48:00+00:00,103.41796875,103.41796875,103.41796875,103.41796875,147.0
2025-03-06 06:49:00+00:00,103.41796875,103.41796875,103.41796875,103.41796875,11.0
2025-03-06 06:50:00+00:00,103.41796875,103.41796875,103.41796875,103.41796875,171.0
2025-03-06 06:51:00+00:00,103.41796875,103.41796875,103.41796875,103.41796875,27.0
2025-03-06 06:52:00+00:00,103.41796875,103.41796875,103.41796875,103.41796875,34.0
2025-03-06 06:53:00+00:00,103.4140625,103.41796875,103.4140625,103.41796875,203.0
2025-03-06 06:54:00+00:00,103.4140625,103.4140625,103.4140625,103.4140625,51.0
2025-03-06 06:56:00+00:00,103.4140625,103.4140625,103.4140625,103.4140625,412.0
2025-03-06 06:57:00+00:00,103.41796875,103.41796875,103.40625,103.41015625,1288.0
2025-03-06 06:58:00+00:00,103.4140625,103.4140625,103.4140625,103.4140625,3.0
2025-03-06 06:59:00+00:00,103.4140625,103.41796875,103.4140625,103.41796875,44.0
2025-03-06 07:00:00+00:00,103.4140625,103.421875,103.4140625,103.41796875,772.0
2025-03-06 07:01:00+00:00,103.41796875,103.41796875,103.4140625,103.4140625,130.0
2025-03-06 07:02:00+00:00,103.41796875,103.421875,103.41796875,103.41796875,159.0
2025-03-06 07:03:00+00:00,103.41796875,103.41796875,103.41796875,103.41796875,5.0
2025-03-06 07:04:00+00:00,103.421875,103.421875,103.41796875,103.41796875,255.0
2025-03-06 07:05:00+00:00,103.42578125,103.42578125,103.421875,103.421875,240.0
2025-03-06 07:06:00+00:00,103.4296875,103.4296875,103.42578125,103.42578125,415.0
2025-03-06 07:07:00+00:00,103.421875,103.42578125,103.421875,103.42578125,245.0
2025-03-06 07:08:00+00:00,103.41796875,103.41796875,103.41796875,103.41796875,488.0
2025-03-06 07:09:00+00:00,103.4140625,103.4140625,103.4140625,103.4140625,230.0
2025-03-06 07:10:00+00:00,103.4140625,103.41796875,103.4140625,103.41796875,200.0
2025-03-06 07:11:00+00:00,103.4140625,103.4140625,103.4140625,103.4140625,56.0
2025-03-06 07:12:00+00:00,103.4140625,103.4140625,103.4140625,103.4140625,112.0
2025-03-06 07:13:00+00:00,103.41796875,103.41796875,103.4140625,103.4140625,273.0
2025-03-06 07:14:00+00:00,103.41796875,103.41796875,103.41796875,103.41796875,443.0
2025-03-06 07:15:00+00:00,103.41796875,103.41796875,103.41796875,103.41796875,192.0
2025-03-06 07:16:00+00:00,103.41796875,103.41796875,103.41796875,103.41796875,59.0
2025-03-06 07:17:00+00:00,103.41796875,103.41796875,103.41796875,103.41796875,131.0
2025-03-06 07:18:00+00:00,103.421875,103.421875,103.41796875,103.41796875,1872.0
2025-03-06 07:19:00+00:00,103.421875,103.42578125,103.421875,103.421875,483.0
2025-03-06 07:20:00+00:00,103.41796875,103.42578125,103.41796875,103.421875,306.0
2025-03-06 07:21:00+00:00,103.4140625,103.41796875,103.4140625,103.41796875,132.0
2025-03-06 07:23:00+00:00,103.40625,103.41015625,103.40625,103.41015625,403.0
2025-03-06 07:24:00+00:00,103.41796875,103.41796875,103.41015625,103.41015625,332.0
2025-03-06 07:25:00+00:00,103.4140625,103.41796875,103.4140625,103.4140625,313.0
2025-03-06 07:27:00+00:00,103.41015625,103.4140625,103.41015625,103.4140625,105.0
2025-03-06 07:28:00+00:00,103.4140625,103.4140625,103.41015625,103.41015625,223.0
2025-03-06 07:29:00+00:00,103.4140625,103.4140625,103.4140625,103.4140625,702.0
2025-03-06 07:30:00+00:00,103.41796875,103.421875,103.41796875,103.41796875,838.0
2025-03-06 07:31:00+00:00,103.41015625,103.41796875,103.41015625,103.41796875,119.0
2025-03-06 07:32:00+00:00,103.40625,103.41015625,103.40625,103.41015625,275.0
2025-03-06 07:33:00+00:00,103.41015625,103.41015625,103.41015625,103.41015625,217.0
2025-03-06 07:34:00+00:00,103.41015625,103.4140625,103.41015625,103.41015625,71.0
2025-03-06 07:35:00+00:00,103.40625,103.40625,103.40625,103.40625,166.0
2025-03-06 07:36:00+00:00,103.40625,103.40625,103.171875,103.1875,329.0
2025-03-06 07:37:00+00:00,103.40625,103.40625,103.40625,103.40625,193.0
2025-03-06 07:39:00+00:00,103.4140625,103.4140625,103.41015625,103.41015625,198.0
2025-03-06 07:40:00+00:00,103.41015625,103.41015625,103.41015625,103.41015625,542.0
2025-03-06 07:41:00+00:00,103.41015625,103.4140625,103.41015625,103.41015625,997.0
2025-03-06 07:42:00+00:00,103.41015625,103.41015625,103.41015625,103.41015625,89.0
2025-03-06 07:43:00+00:00,103.41015625,103.4140625,103.41015625,103.4140625,531.0
2025-03-06 07:44:00+00:00,103.4140625,103.41796875,103.4140625,103.4140625,662.0
2025-03-06 07:45:00+00:00,103.4140625,103.41796875,103.4140625,103.41796875,214.0
2025-03-06 07:46:00+00:00,103.41015625,103.4140625,103.41015625,103.4140625,373.0
2025-03-06 07:47:00+00:00,103.41015625,103.41015625,103.41015625,103.41015625,296.0
2025-03-06 07:48:00+00:00,103.40234375,103.41015625,103.40234375,103.41015625,376.0
2025-03-06 07:49:00+00:00,103.40234375,103.40625,103.40234375,103.40234375,677.0
2025-03-06 07:50:00+00:00,103.40234375,103.40234375,103.40234375,103.40234375,404.0
2025-03-06 07:51:00+00:00,103.40625,103.40625,103.3984375,103.40234375,768.0
2025-03-06 07:52:00+00:00,103.41015625,103.4140625,103.40625,103.40625,1133.0
2025-03-06 07:53:00+00:00,103.41015625,103.4140625,103.41015625,103.41015625,49.0
2025-03-06 07:54:00+00:00,103.4140625,103.4140625,103.41015625,103.41015625,316.0
2025-03-06 07:55:00+00:00,103.4140625,103.41796875,103.4140625,103.4140625,757.0
2025-03-06 07:56:00+00:00,103.41015625,103.4140625,103.41015625,103.4140625,286.0
2025-03-06 07:57:00+00:00,103.41015625,103.41015625,103.41015625,103.41015625,361.0
2025-03-06 07:58:00+00:00,103.4140625,103.4140625,103.4140625,103.4140625,695.0
2025-03-06 07:59:00+00:00,103.4140625,103.41796875,103.4140625,103.41796875,330.0
2025-03-06 08:00:00+00:00,103.41796875,103.421875,103.41015625,103.4140625,2153.0
2025-03-06 08:01:00+00:00,103.41796875,103.41796875,103.4140625,103.41796875,551.0
2025-03-06 08:02:00+00:00,103.41796875,103.41796875,103.4140625,103.41796875,800.0
2025-03-06 08:03:00+00:00,103.42578125,103.4296875,103.421875,103.421875,826.0
2025-03-06 08:04:00+00:00,103.41796875,103.42578125,103.41796875,103.42578125,503.0
2025-03-06 08:05:00+00:00,103.41796875,103.41796875,103.4140625,103.41796875,1298.0
2025-03-06 08:06:00+00:00,103.42578125,103.42578125,103.41796875,103.41796875,336.0
2025-03-06 08:08:00+00:00,103.42578125,103.4296875,103.42578125,103.4296875,359.0
2025-03-06 08:09:00+00:00,103.43359375,103.43359375,103.4296875,103.4296875,531.0
2025-03-06 08:10:00+00:00,103.4375,103.4375,103.43359375,103.43359375,276.0
2025-03-06 08:11:00+00:00,103.4375,103.44140625,103.43359375,103.4375,602.0
2025-03-06 08:12:00+00:00,103.4375,103.44140625,103.43359375,103.4375,378.0
2025-03-06 08:13:00+00:00,103.43359375,103.44140625,103.43359375,103.44140625,319.0
2025-03-06 08:14:00+00:00,103.43359375,103.4375,103.43359375,103.43359375,104.0
2025-03-06 08:15:00+00:00,103.43359375,103.4375,103.43359375,103.43359375,310.0
2025-03-06 08:16:00+00:00,103.43359375,103.43359375,103.4296875,103.43359375,131.0
2025-03-06 08:17:00+00:00,103.4296875,103.4296875,103.4296875,103.4296875,392.0
2025-03-06 08:18:00+00:00,103.42578125,103.4296875,103.42578125,103.4296875,38.0
2025-03-06 08:19:00+00:00,103.4296875,103.4296875,103.4296875,103.4296875,48.0
2025-03-06 08:20:00+00:00,103.43359375,103.43359375,103.4296875,103.4296875,457.0
2025-03-06 08:21:00+00:00,103.4375,103.4375,103.4375,103.4375,116.0
2025-03-06 08:22:00+00:00,103.43359375,103.4375,103.43359375,103.4375,604.0
2025-03-06 08:23:00+00:00,103.4296875,103.43359375,103.42578125,103.43359375,516.0
2025-03-06 08:24:00+00:00,103.43359375,103.43359375,103.4296875,103.4296875,225.0
2025-03-06 08:25:00+00:00,103.4375,103.44140625,103.43359375,103.43359375,621.0
2025-03-06 08:26:00+00:00,103.44140625,103.4453125,103.4375,103.4375,3539.0
2025-03-06 08:27:00+00:00,103.4453125,103.44921875,103.44140625,103.44140625,1232.0
2025-03-06 08:28:00+00:00,103.4453125,103.4453125,103.44140625,103.4453125,1791.0
2025-03-06 08:29:00+00:00,103.4453125,103.44921875,103.44140625,103.4453125,2531.0
2025-03-06 08:30:00+00:00,103.44921875,103.44921875,103.4453125,103.4453125,683.0
2025-03-06 08:31:00+00:00,103.44921875,103.44921875,103.4453125,103.4453125,563.0
2025-03-06 08:32:00+00:00,103.4453125,103.4453125,103.4453125,103.4453125,394.0
2025-03-06 08:33:00+00:00,103.44140625,103.4453125,103.44140625,103.4453125,294.0
2025-03-06 08:34:00+00:00,103.4453125,103.4453125,103.44140625,103.44140625,982.0
2025-03-06 08:35:00+00:00,103.4453125,103.4453125,103.4453125,103.4453125,400.0
2025-03-06 08:36:00+00:00,103.4453125,103.4453125,103.4375,103.4453125,1225.0
2025-03-06 08:37:00+00:00,103.44921875,103.453125,103.4453125,103.4453125,179.0
2025-03-06 08:38:00+00:00,103.44921875,103.44921875,103.44921875,103.44921875,349.0
2025-03-06 08:39:00+00:00,103.453125,103.453125,103.44921875,103.44921875,321.0
2025-03-06 08:40:00+00:00,103.44921875,103.453125,103.44921875,103.453125,266.0
2025-03-06 08:41:00+00:00,103.4453125,103.44921875,103.44140625,103.44921875,219.0
2025-03-06 08:42:00+00:00,103.4453125,103.4453125,103.4453125,103.4453125,368.0
2025-03-06 08:43:00+00:00,103.453125,103.453125,103.4453125,103.4453125,1719.0
2025-03-06 08:44:00+00:00,103.453125,103.453125,103.453125,103.453125,134.0
2025-03-06 08:45:00+00:00,103.45703125,103.45703125,103.453125,103.453125,2065.0
2025-03-06 08:46:00+00:00,103.453125,103.4609375,103.44921875,103.45703125,380.0
2025-03-06 08:47:00+00:00,103.44921875,103.44921875,103.44921875,103.44921875,298.0
2025-03-06 08:48:00+00:00,103.44921875,103.44921875,103.44921875,103.44921875,795.0
2025-03-06 08:49:00+00:00,103.44140625,103.44921875,103.44140625,103.44921875,2833.0
2025-03-06 08:50:00+00:00,103.44140625,103.44140625,103.44140625,103.44140625,177.0
2025-03-06 08:51:00+00:00,103.44140625,103.44140625,103.44140625,103.44140625,373.0
2025-03-06 08:52:00+00:00,103.44140625,103.44140625,103.44140625,103.44140625,128.0
2025-03-06 08:53:00+00:00,103.44921875,103.44921875,103.4453125,103.4453125,648.0
2025-03-06 08:54:00+00:00,103.44921875,103.44921875,103.44140625,103.44921875,1338.0
2025-03-06 08:55:00+00:00,103.44140625,103.44921875,103.44140625,103.44921875,255.0
2025-03-06 08:56:00+00:00,103.44140625,103.4453125,103.44140625,103.44140625,261.0
2025-03-06 08:57:00+00:00,103.4453125,103.4453125,103.4453125,103.4453125,1285.0
2025-03-06 08:58:00+00:00,103.4453125,103.4453125,103.44140625,103.4453125,23.0
2025-03-06 08:59:00+00:00,103.4453125,103.4453125,103.4453125,103.4453125,67.0
2025-03-06 09:00:00+00:00,103.453125,103.45703125,103.4453125,103.4453125,634.0
2025-03-06 09:01:00+00:00,103.44921875,103.453125,103.44921875,103.453125,302.0
2025-03-06 09:02:00+00:00,103.44921875,103.453125,103.44921875,103.44921875,790.0
2025-03-06 09:03:00+00:00,103.4453125,103.44921875,103.4453125,103.44921875,54.0
2025-03-06 09:04:00+00:00,103.44921875,103.44921875,103.44921875,103.44921875,205.0
2025-03-06 09:05:00+00:00,103.44921875,103.453125,103.44921875,103.453125,184.0
2025-03-06 09:06:00+00:00,103.44921875,103.44921875,103.4453125,103.44921875,1461.0
2025-03-06 09:07:00+00:00,103.44921875,103.44921875,103.4453125,103.4453125,359.0
2025-03-06 09:08:00+00:00,103.44921875,103.453125,103.44921875,103.44921875,519.0
2025-03-06 09:09:00+00:00,103.44921875,103.453125,103.44921875,103.44921875,128.0
2025-03-06 09:10:00+00:00,103.453125,103.45703125,103.44921875,103.44921875,361.0
2025-03-06 09:11:00+00:00,103.44921875,103.453125,103.44921875,103.44921875,1362.0
2025-03-06 09:12:00+00:00,103.453125,103.453125,103.44921875,103.44921875,274.0
2025-03-06 09:13:00+00:00,103.453125,103.45703125,103.453125,103.453125,292.0
2025-03-06 09:14:00+00:00,103.45703125,103.45703125,103.453125,103.453125,150.0
2025-03-06 09:15:00+00:00,103.45703125,103.4609375,103.45703125,103.45703125,379.0
2025-03-06 09:16:00+00:00,103.453125,103.453125,103.44921875,103.453125,290.0
2025-03-06 09:17:00+00:00,103.4609375,103.4609375,103.453125,103.453125,505.0
2025-03-06 09:18:00+00:00,103.46484375,103.46484375,103.45703125,103.4609375,2908.0
2025-03-06 09:19:00+00:00,103.4609375,103.46875,103.4609375,103.46484375,1603.0
2025-03-06 09:20:00+00:00,103.46484375,103.46875,103.4609375,103.46484375,2826.0
2025-03-06 09:21:00+00:00,103.46875,103.46875,103.4609375,103.46484375,268.0
2025-03-06 09:22:00+00:00,103.46484375,103.46875,103.46484375,103.46484375,496.0
2025-03-06 09:23:00+00:00,103.46484375,103.46484375,103.46484375,103.46484375,24.0
2025-03-06 09:24:00+00:00,103.47265625,103.47265625,103.46484375,103.46484375,1038.0
2025-03-06 09:25:00+00:00,103.47265625,103.47265625,103.46875,103.47265625,506.0
2025-03-06 09:26:00+00:00,103.4765625,103.4765625,103.47265625,103.47265625,168.0
2025-03-06 09:27:00+00:00,103.46875,103.47265625,103.46875,103.47265625,404.0
2025-03-06 09:28:00+00:00,103.4765625,103.4765625,103.46875,103.47265625,502.0
2025-03-06 09:29:00+00:00,103.4765625,103.4765625,103.46875,103.47265625,1813.0
2025-03-06 09:30:00+00:00,103.4765625,103.48046875,103.47265625,103.47265625,417.0
2025-03-06 09:31:00+00:00,103.48046875,103.48046875,103.4765625,103.48046875,1703.0
2025-03-06 09:32:00+00:00,103.4765625,103.48046875,103.4765625,103.4765625,1250.0
2025-03-06 09:33:00+00:00,103.4765625,103.4765625,103.4765625,103.4765625,498.0
2025-03-06 09:34:00+00:00,103.4765625,103.4765625,103.47265625,103.4765625,242.0
2025-03-06 09:35:00+00:00,103.47265625,103.4765625,103.46875,103.4765625,287.0
2025-03-06 09:36:00+00:00,103.47265625,103.4765625,103.46875,103.47265625,288.0
2025-03-06 09:37:00+00:00,103.46875,103.4765625,103.46875,103.47265625,179.0
2025-03-06 09:38:00+00:00,103.47265625,103.47265625,103.46875,103.47265625,223.0
2025-03-06 09:39:00+00:00,103.47265625,103.47265625,103.47265625,103.47265625,76.0
2025-03-06 09:40:00+00:00,103.47265625,103.47265625,103.46875,103.47265625,69.0
2025-03-06 09:41:00+00:00,103.47265625,103.47265625,103.46875,103.46875,70.0
2025-03-06 09:42:00+00:00,103.4765625,103.4765625,103.47265625,103.47265625,415.0
2025-03-06 09:43:00+00:00,103.4765625,103.4765625,103.4765625,103.4765625,195.0
2025-03-06 09:44:00+00:00,103.4765625,103.4765625,103.4765625,103.4765625,156.0
2025-03-06 09:45:00+00:00,103.47265625,103.48046875,103.47265625,103.48046875,103.0
2025-03-06 09:46:00+00:00,103.47265625,103.47265625,103.47265625,103.47265625,243.0
2025-03-06 09:47:00+00:00,103.47265625,103.4765625,103.46875,103.4765625,2161.0
2025-03-06 09:48:00+00:00,103.4765625,103.4765625,103.47265625,103.47265625,252.0
2025-03-06 09:49:00+00:00,103.4765625,103.4765625,103.47265625,103.47265625,277.0
2025-03-06 09:50:00+00:00,103.4765625,103.4765625,103.4765625,103.4765625,124.0
2025-03-06 09:51:00+00:00,103.47265625,103.4765625,103.47265625,103.4765625,201.0
2025-03-06 09:52:00+00:00,103.46875,103.46875,103.46875,103.46875,4.0
2025-03-06 09:53:00+00:00,103.4765625,103.4765625,103.46875,103.46875,557.0
2025-03-06 09:54:00+00:00,103.47265625,103.48046875,103.47265625,103.48046875,68.0
2025-03-06 09:55:00+00:00,103.4765625,103.4765625,103.47265625,103.4765625,315.0
2025-03-06 09:56:00+00:00,103.4765625,103.4765625,103.4765625,103.4765625,148.0
2025-03-06 09:57:00+00:00,103.47265625,103.48046875,103.47265625,103.4765625,61.0
2025-03-06 09:58:00+00:00,103.47265625,103.4765625,103.47265625,103.4765625,238.0
2025-03-06 09:59:00+00:00,103.4765625,103.4765625,103.47265625,103.47265625,79.0
2025-03-06 10:00:00+00:00,103.48046875,103.48046875,103.4765625,103.4765625,327.0
2025-03-06 10:01:00+00:00,103.48828125,103.4921875,103.4765625,103.48046875,1034.0
2025-03-06 10:02:00+00:00,103.48828125,103.49609375,103.48828125,103.48828125,2089.0
2025-03-06 10:03:00+00:00,103.4921875,103.4921875,103.4921875,103.4921875,318.0
2025-03-06 10:04:00+00:00,103.4921875,103.4921875,103.4921875,103.4921875,777.0
2025-03-06 10:05:00+00:00,103.484375,103.48828125,103.484375,103.48828125,1113.0
2025-03-06 10:06:00+00:00,103.48828125,103.48828125,103.484375,103.484375,334.0
2025-03-06 10:07:00+00:00,103.48828125,103.48828125,103.484375,103.48828125,1217.0
2025-03-06 10:09:00+00:00,103.4765625,103.48046875,103.4765625,103.48046875,158.0
2025-03-06 10:10:00+00:00,103.4765625,103.4765625,103.4765625,103.4765625,153.0
2025-03-06 10:11:00+00:00,103.4765625,103.4765625,103.4765625,103.4765625,116.0
2025-03-06 10:12:00+00:00,103.4765625,103.4765625,103.4765625,103.4765625,161.0
2025-03-06 10:14:00+00:00,103.48046875,103.48046875,103.48046875,103.48046875,114.0
2025-03-06 10:15:00+00:00,103.48046875,103.48046875,103.48046875,103.48046875,27.0
2025-03-06 10:16:00+00:00,103.48046875,103.48046875,103.48046875,103.48046875,25.0
2025-03-06 10:17:00+00:00,103.4765625,103.48046875,103.4765625,103.48046875,442.0
2025-03-06 10:18:00+00:00,103.4765625,103.48046875,103.4765625,103.48046875,204.0
2025-03-06 10:19:00+00:00,103.4765625,103.4765625,103.4765625,103.4765625,4.0
2025-03-06 10:20:00+00:00,103.4765625,103.48046875,103.4765625,103.48046875,295.0
2025-03-06 10:21:00+00:00,103.47265625,103.4765625,103.47265625,103.4765625,428.0
2025-03-06 10:22:00+00:00,103.4765625,103.4765625,103.4765625,103.4765625,190.0
2025-03-06 10:23:00+00:00,103.47265625,103.4765625,103.47265625,103.4765625,44.0
2025-03-06 10:25:00+00:00,103.47265625,103.47265625,103.47265625,103.47265625,104.0
2025-03-06 10:26:00+00:00,103.4765625,103.4765625,103.47265625,103.47265625,159.0
2025-03-06 10:27:00+00:00,103.48046875,103.48046875,103.4765625,103.4765625,89.0
2025-03-06 10:28:00+00:00,103.4765625,103.4765625,103.4765625,103.4765625,625.0
2025-03-06 10:29:00+00:00,103.4765625,103.4765625,103.4765625,103.4765625,6.0
2025-03-06 10:30:00+00:00,103.484375,103.484375,103.48046875,103.48046875,1029.0
2025-03-06 10:32:00+00:00,103.484375,103.48828125,103.484375,103.484375,5.0
2025-03-06 10:33:00+00:00,103.48828125,103.4921875,103.484375,103.484375,384.0
2025-03-06 10:34:00+00:00,103.484375,103.48828125,103.484375,103.48828125,191.0
2025-03-06 10:35:00+00:00,103.484375,103.48828125,103.484375,103.48828125,326.0
2025-03-06 10:36:00+00:00,103.484375,103.484375,103.48046875,103.484375,248.0
2025-03-06 10:37:00+00:00,103.484375,103.484375,103.48046875,103.484375,217.0
2025-03-06 10:38:00+00:00,103.48046875,103.48046875,103.4765625,103.48046875,176.0
2025-03-06 10:39:00+00:00,103.48046875,103.48046875,103.48046875,103.48046875,586.0
2025-03-06 10:40:00+00:00,103.48046875,103.48046875,103.48046875,103.48046875,650.0
2025-03-06 10:41:00+00:00,103.484375,103.484375,103.48046875,103.48046875,115.0
2025-03-06 10:42:00+00:00,103.48828125,103.48828125,103.484375,103.484375,984.0
2025-03-06 10:43:00+00:00,103.48828125,103.4921875,103.48828125,103.48828125,279.0
2025-03-06 10:44:00+00:00,103.4921875,103.4921875,103.48828125,103.48828125,135.0
2025-03-06 10:45:00+00:00,103.49609375,103.49609375,103.265625,103.4921875,751.0
2025-03-06 10:46:00+00:00,103.4921875,103.49609375,103.4921875,103.49609375,428.0
2025-03-06 10:47:00+00:00,103.5,103.5,103.4921875,103.4921875,532.0
2025-03-06 10:48:00+00:00,103.4921875,103.49609375,103.4921875,103.49609375,430.0
2025-03-06 10:49:00+00:00,103.49609375,103.49609375,103.4921875,103.4921875,515.0
2025-03-06 10:50:00+00:00,103.49609375,103.5,103.49609375,103.49609375,174.0
2025-03-06 10:51:00+00:00,103.4921875,103.49609375,103.4921875,103.49609375,1252.0
2025-03-06 10:52:00+00:00,103.4921875,103.4921875,103.48828125,103.4921875,652.0
2025-03-06 10:53:00+00:00,103.49609375,103.49609375,103.4921875,103.4921875,560.0
2025-03-06 10:54:00+00:00,103.5,103.5,103.4921875,103.4921875,2295.0
2025-03-06 10:55:00+00:00,103.49609375,103.49609375,103.4921875,103.49609375,284.0
2025-03-06 10:56:00+00:00,103.4921875,103.49609375,103.4921875,103.4921875,241.0
2025-03-06 10:57:00+00:00,103.48828125,103.48828125,103.48828125,103.48828125,932.0
2025-03-06 10:58:00+00:00,103.48828125,103.4921875,103.48828125,103.48828125,267.0
2025-03-06 10:59:00+00:00,103.4921875,103.49609375,103.4921875,103.4921875,435.0
2025-03-06 11:00:00+00:00,103.49609375,103.49609375,103.48828125,103.4921875,501.0
2025-03-06 11:01:00+00:00,103.4921875,103.49609375,103.4921875,103.49609375,66.0
2025-03-06 11:02:00+00:00,103.49609375,103.49609375,103.48828125,103.4921875,614.0
2025-03-06 11:03:00+00:00,103.5,103.5,103.49609375,103.5,578.0
2025-03-06 11:04:00+00:00,103.49609375,103.49609375,103.49609375,103.49609375,109.0
2025-03-06 11:05:00+00:00,103.49609375,103.49609375,103.4921875,103.49609375,268.0
2025-03-06 11:06:00+00:00,103.49609375,103.49609375,103.49609375,103.49609375,231.0
2025-03-06 11:07:00+00:00,103.4921875,103.49609375,103.4921875,103.49609375,473.0
2025-03-06 11:08:00+00:00,103.4921875,103.4921875,103.4921875,103.4921875,99.0
2025-03-06 11:09:00+00:00,103.49609375,103.49609375,103.49199676513672,103.4921875,858.0
2025-03-06 11:10:00+00:00,103.49609375,103.49609375,103.49609375,103.49609375,82.0
2025-03-06 11:11:00+00:00,103.4921875,103.4921875,103.4921875,103.4921875,153.0
2025-03-06 11:12:00+00:00,103.49609375,103.49609375,103.49609375,103.49609375,566.0
2025-03-06 11:13:00+00:00,103.50390625,103.50390625,103.49609375,103.49609375,763.0
2025-03-06 11:14:00+00:00,103.5,103.50390625,103.5,103.50390625,586.0
2025-03-06 11:15:00+00:00,103.49609375,103.5,103.4921875,103.5,190.0
2025-03-06 11:16:00+00:00,103.49609375,103.49609375,103.4921875,103.49609375,419.0
2025-03-06 11:17:00+00:00,103.49609375,103.49609375,103.4921875,103.4921875,80.0
2025-03-06 11:19:00+00:00,103.4921875,103.49609375,103.4921875,103.4921875,201.0
2025-03-06 11:20:00+00:00,103.4921875,103.4921875,103.4921875,103.4921875,34.0
2025-03-06 11:21:00+00:00,103.48828125,103.4921875,103.48828125,103.4921875,281.0
2025-03-06 11:22:00+00:00,103.49609375,103.49609375,103.48828125,103.48828125,334.0
2025-03-06 11:23:00+00:00,103.4921875,103.49609375,103.4921875,103.49609375,61.0
2025-03-06 11:25:00+00:00,103.49609375,103.49609375,103.4921875,103.49609375,251.0
2025-03-06 11:26:00+00:00,103.49609375,103.49609375,103.49609375,103.49609375,397.0
2025-03-06 11:27:00+00:00,103.5,103.5,103.5,103.5,323.0
2025-03-06 11:28:00+00:00,103.5,103.50390625,103.5,103.5,319.0
2025-03-06 11:29:00+00:00,103.50390625,103.5078125,103.5,103.5,691.0
2025-03-06 11:30:00+00:00,103.50390625,103.50390625,103.49609375,103.5,532.0
2025-03-06 11:31:00+00:00,103.5,103.5,103.5,103.5,220.0
2025-03-06 11:32:00+00:00,103.5,103.50390625,103.49609375,103.49609375,704.0
2025-03-06 11:33:00+00:00,103.49609375,103.5,103.49609375,103.5,853.0
2025-03-06 11:34:00+00:00,103.50390625,103.50390625,103.49609375,103.49609375,266.0
2025-03-06 11:35:00+00:00,103.5,103.5,103.5,103.5,4.0
2025-03-06 11:36:00+00:00,103.5,103.5,103.5,103.5,111.0
2025-03-06 11:37:00+00:00,103.5,103.5,103.5,103.5,247.0
2025-03-06 11:38:00+00:00,103.5,103.5,103.5,103.5,39.0
2025-03-06 11:39:00+00:00,103.5,103.5,103.5,103.5,71.0
2025-03-06 11:41:00+00:00,103.4921875,103.49609375,103.4921875,103.49609375,1106.0
2025-03-06 11:42:00+00:00,103.4921875,103.4921875,103.25,103.25,4.0
2025-03-06 11:43:00+00:00,103.48828125,103.4921875,103.48828125,103.4921875,488.0
2025-03-06 11:44:00+00:00,103.48828125,103.48828125,103.48828125,103.48828125,208.0
2025-03-06 11:45:00+00:00,103.48828125,103.48828125,103.484375,103.48828125,17.0
2025-03-06 11:46:00+00:00,103.484375,103.48828125,103.484375,103.48828125,512.0
2025-03-06 11:47:00+00:00,103.484375,103.484375,103.484375,103.484375,222.0
2025-03-06 11:48:00+00:00,103.48046875,103.48046875,103.48046875,103.48046875,289.0
2025-03-06 11:49:00+00:00,103.48046875,103.48046875,103.48046875,103.48046875,34.0
2025-03-06 11:50:00+00:00,103.484375,103.484375,103.484375,103.484375,13.0
2025-03-06 11:51:00+00:00,103.484375,103.48828125,103.484375,103.484375,217.0
2025-03-06 11:52:00+00:00,103.484375,103.48828125,103.484375,103.484375,209.0
2025-03-06 11:53:00+00:00,103.484375,103.484375,103.48046875,103.48046875,21.0
2025-03-06 11:54:00+00:00,103.484375,103.484375,103.484375,103.484375,373.0
2025-03-06 11:55:00+00:00,103.484375,103.484375,103.484375,103.484375,63.0
2025-03-06 11:56:00+00:00,103.484375,103.484375,103.48046875,103.484375,122.0
2025-03-06 11:57:00+00:00,103.48046875,103.484375,103.48046875,103.484375,492.0
2025-03-06 11:58:00+00:00,103.484375,103.484375,103.48046875,103.48046875,397.0
2025-03-06 11:59:00+00:00,103.48046875,103.484375,103.48046875,103.484375,732.0
2025-03-06 12:00:00+00:00,103.47265625,103.48046875,103.47265625,103.48046875,615.0
2025-03-06 12:01:00+00:00,103.47265625,103.4765625,103.47265625,103.47265625,50.0
2025-03-06 12:02:00+00:00,103.4765625,103.4765625,103.46875,103.47265625,894.0
2025-03-06 12:03:00+00:00,103.46875,103.4765625,103.46875,103.47265625,966.0
2025-03-06 12:04:00+00:00,103.47265625,103.47265625,103.47265625,103.47265625,26.0
2025-03-06 12:06:00+00:00,103.4765625,103.4765625,103.46875,103.46875,349.0
2025-03-06 12:07:00+00:00,103.46875,103.47265625,103.46875,103.47265625,118.0
2025-03-06 12:08:00+00:00,103.47265625,103.4765625,103.47265625,103.47265625,961.0
2025-03-06 12:09:00+00:00,103.4765625,103.4765625,103.47265625,103.47265625,474.0
2025-03-06 12:10:00+00:00,103.47265625,103.4765625,103.47265625,103.4765625,420.0
2025-03-06 12:11:00+00:00,103.47265625,103.47265625,103.47265625,103.47265625,218.0
2025-03-06 12:13:00+00:00,103.46875,103.46875,103.46875,103.46875,102.0
2025-03-06 12:14:00+00:00,103.47265625,103.47265625,103.46875,103.46875,298.0
2025-03-06 12:15:00+00:00,103.47265625,103.4765625,103.47265625,103.47265625,216.0
2025-03-06 12:16:00+00:00,103.47265625,103.4765625,103.47265625,103.4765625,176.0
2025-03-06 12:17:00+00:00,103.47265625,103.4765625,103.47265625,103.47265625,146.0
2025-03-06 12:18:00+00:00,103.47265625,103.4765625,103.47265625,103.47265625,106.0
2025-03-06 12:19:00+00:00,103.47265625,103.4765625,103.47265625,103.47265625,444.0
2025-03-06 12:20:00+00:00,103.4765625,103.4765625,103.47265625,103.47265625,106.0
2025-03-06 12:21:00+00:00,103.4765625,103.4765625,103.47265625,103.47265625,1691.0
2025-03-06 12:22:00+00:00,103.48046875,103.48046875,103.4765625,103.4765625,329.0
2025-03-06 12:23:00+00:00,103.484375,103.484375,103.48046875,103.484375,578.0
2025-03-06 12:24:00+00:00,103.484375,103.484375,103.48046875,103.48046875,292.0
2025-03-06 12:25:00+00:00,103.484375,103.48828125,103.484375,103.484375,152.0
2025-03-06 12:26:00+00:00,103.48046875,103.48828125,103.48046875,103.484375,299.0
2025-03-06 12:27:00+00:00,103.48046875,103.48046875,103.48046875,103.48046875,72.0
2025-03-06 12:28:00+00:00,103.4765625,103.4765625,103.47265625,103.4765625,372.0
2025-03-06 12:29:00+00:00,103.4765625,103.4765625,103.4765625,103.4765625,289.0
2025-03-06 12:30:00+00:00,103.48046875,103.48046875,103.4765625,103.4765625,1919.0
2025-03-06 12:31:00+00:00,103.484375,103.484375,103.484375,103.484375,691.0
2025-03-06 12:32:00+00:00,103.484375,103.484375,103.484375,103.484375,684.0
2025-03-06 12:33:00+00:00,103.5,103.5,103.48828125,103.48828125,1829.0
2025-03-06 12:34:00+00:00,103.50390625,103.50390625,103.5,103.5,376.0
2025-03-06 12:35:00+00:00,103.50390625,103.5078125,103.49609375,103.5,981.0
2025-03-06 12:36:00+00:00,103.515625,103.515625,103.5078125,103.5078125,1446.0
2025-03-06 12:37:00+00:00,103.51953125,103.5234375,103.515625,103.515625,1501.0
2025-03-06 12:38:00+00:00,103.53125,103.53125,103.51953125,103.5234375,3791.0
2025-03-06 12:39:00+00:00,103.53125,103.5390625,103.53125,103.53125,2349.0
2025-03-06 12:40:00+00:00,103.53515625,103.54296875,103.53125,103.53125,2175.0
2025-03-06 12:41:00+00:00,103.5546875,103.5546875,103.3046875,103.53515625,1774.0
2025-03-06 12:42:00+00:00,103.55859375,103.55859375,103.3046875,103.5546875,1980.0
2025-03-06 12:43:00+00:00,103.5546875,103.5625,103.3046875,103.30859375,2173.0
2025-03-06 12:44:00+00:00,103.54296875,103.5546875,103.54296875,103.5546875,1057.0
2025-03-06 12:45:00+00:00,103.5390625,103.54296875,103.5390625,103.54296875,547.0
2025-03-06 12:46:00+00:00,103.5390625,103.54296875,103.5390625,103.54296875,621.0
2025-03-06 12:47:00+00:00,103.5390625,103.5390625,103.53515625,103.5390625,360.0
2025-03-06 12:48:00+00:00,103.54296875,103.54296875,103.5390625,103.5390625,1645.0
2025-03-06 12:49:00+00:00,103.54296875,103.54296875,103.5390625,103.5390625,307.0
2025-03-06 12:50:00+00:00,103.55078125,103.5546875,103.54296875,103.54296875,3121.0
2025-03-06 12:51:00+00:00,103.5546875,103.55859375,103.546875,103.546875,2625.0
2025-03-06 12:52:00+00:00,103.57421875,103.57421875,103.5546875,103.5546875,5220.0
2025-03-06 12:53:00+00:00,103.58203125,103.58203125,103.5703125,103.5703125,3519.0
2025-03-06 12:54:00+00:00,103.58203125,103.58203125,103.578125,103.58203125,789.0
2025-03-06 12:55:00+00:00,103.57421875,103.578125,103.57421875,103.578125,2128.0
2025-03-06 12:56:00+00:00,103.58203125,103.58203125,103.56640625,103.5703125,5637.0
2025-03-06 12:57:00+00:00,103.58984375,103.6015625,103.58203125,103.58203125,8685.0
2025-03-06 12:58:00+00:00,103.58984375,103.58984375,103.5859375,103.5859375,3124.0
2025-03-06 12:59:00+00:00,103.58984375,103.58984375,103.5859375,103.5859375,1099.0
2025-03-06 13:00:00+00:00,103.5859375,103.59375,103.58203125,103.58984375,2644.0
2025-03-06 13:01:00+00:00,103.59375,103.59765625,103.58203125,103.58203125,4069.0
2025-03-06 13:02:00+00:00,103.59765625,103.6015625,103.59375,103.59375,4229.0
2025-03-06 13:03:00+00:00,103.60546875,103.609375,103.58984375,103.59765625,5699.0
2025-03-06 13:04:00+00:00,103.625,103.62890625,103.60546875,103.60546875,8692.0
2025-03-06 13:05:00+00:00,103.625,103.640625,103.625,103.62890625,8575.0
2025-03-06 13:06:00+00:00,103.61328125,103.625,103.609375,103.625,3692.0
2025-03-06 13:07:00+00:00,103.6015625,103.6171875,103.6015625,103.61328125,2858.0
2025-03-06 13:08:00+00:00,103.59765625,103.6015625,103.58984375,103.6015625,7410.0
2025-03-06 13:09:00+00:00,103.5859375,103.6015625,103.58203125,103.59765625,1698.0
2025-03-06 13:10:00+00:00,103.5859375,103.5859375,103.58203125,103.5859375,1475.0
2025-03-06 13:11:00+00:00,103.58984375,103.59375,103.5859375,103.58984375,2136.0
2025-03-06 13:12:00+00:00,103.59765625,103.59765625,103.58984375,103.58984375,759.0
2025-03-06 13:13:00+00:00,103.59765625,103.6015625,103.59375,103.59765625,1709.0
2025-03-06 13:14:00+00:00,103.59765625,103.6015625,103.59375,103.59375,1820.0
2025-03-06 13:15:00+00:00,103.5859375,103.6015625,103.5859375,103.59375,1901.0
2025-03-06 13:16:00+00:00,103.5859375,103.5859375,103.578125,103.5859375,3092.0
2025-03-06 13:17:00+00:00,103.58984375,103.59375,103.5859375,103.58984375,1623.0
2025-03-06 13:18:00+00:00,103.5859375,103.58984375,103.58203125,103.58984375,2215.0
2025-03-06 13:19:00+00:00,103.58984375,103.58984375,103.5859375,103.5859375,2345.0
2025-03-06 13:20:00+00:00,103.59375,103.6015625,103.59375,103.59375,6761.0
2025-03-06 13:21:00+00:00,103.58984375,103.59765625,103.5859375,103.59375,3566.0
2025-03-06 13:22:00+00:00,103.59375,103.59765625,103.58984375,103.58984375,4410.0
2025-03-06 13:23:00+00:00,103.57421875,103.59375,103.5703125,103.59375,5869.0
2025-03-06 13:24:00+00:00,103.58203125,103.58203125,103.57421875,103.57421875,1753.0
2025-03-06 13:25:00+00:00,103.578125,103.5859375,103.578125,103.58203125,2575.0
2025-03-06 13:26:00+00:00,103.58203125,103.5859375,103.578125,103.578125,3971.0
2025-03-06 13:27:00+00:00,103.58203125,103.58203125,103.5703125,103.578125,3062.0
2025-03-06 13:28:00+00:00,103.5859375,103.58984375,103.58203125,103.5859375,2066.0
2025-03-06 13:29:00+00:00,103.58203125,103.5859375,103.57421875,103.58203125,3082.0
2025-03-06 13:30:00+00:00,103.5625,103.58203125,103.546875,103.58203125,8664.0
2025-03-06 13:31:00+00:00,103.5546875,103.5625,103.55078125,103.5625,4026.0
2025-03-06 13:32:00+00:00,103.578125,103.578125,103.5546875,103.5546875,3883.0
2025-03-06 13:33:00+00:00,103.5625,103.58203125,103.5625,103.578125,4943.0
2025-03-06 13:34:00+00:00,103.55859375,103.56640625,103.55859375,103.5625,2098.0
2025-03-06 13:35:00+00:00,103.5546875,103.5625,103.55078125,103.55859375,1549.0
2025-03-06 13:36:00+00:00,103.55078125,103.5546875,103.546875,103.5546875,2280.0
2025-03-06 13:37:00+00:00,103.54296875,103.55078125,103.30078125,103.3203125,1656.0
2025-03-06 13:38:00+00:00,103.54296875,103.546875,103.5390625,103.546875,4416.0
2025-03-06 13:39:00+00:00,103.55078125,103.5546875,103.546875,103.546875,1563.0
2025-03-06 13:40:00+00:00,103.55859375,103.5625,103.55078125,103.5546875,2184.0
2025-03-06 13:41:00+00:00,103.54296875,103.5546875,103.54296875,103.5546875,1934.0
2025-03-06 13:42:00+00:00,103.54296875,103.546875,103.54296875,103.54296875,359.0
2025-03-06 13:43:00+00:00,103.53515625,103.54296875,103.53515625,103.54296875,386.0
2025-03-06 13:44:00+00:00,103.5390625,103.54296875,103.53515625,103.53515625,2975.0
2025-03-06 13:45:00+00:00,103.54296875,103.54296875,103.5390625,103.5390625,1544.0
2025-03-06 13:46:00+00:00,103.546875,103.546875,103.54296875,103.54296875,870.0
2025-03-06 13:47:00+00:00,103.54296875,103.546875,103.54296875,103.546875,2315.0
2025-03-06 13:48:00+00:00,103.53125,103.54296875,103.53125,103.54296875,753.0
2025-03-06 13:49:00+00:00,103.53125,103.53515625,103.53125,103.53515625,347.0
2025-03-06 13:50:00+00:00,103.54296875,103.54296875,103.53125,103.53125,4756.0
2025-03-06 13:51:00+00:00,103.53125,103.54296875,103.52734375,103.5390625,4101.0
2025-03-06 13:52:00+00:00,103.52734375,103.53515625,103.52734375,103.53125,4056.0
2025-03-06 13:53:00+00:00,103.53125,103.5390625,103.52734375,103.53125,3706.0
2025-03-06 13:54:00+00:00,103.52734375,103.53125,103.5234375,103.52734375,1528.0
2025-03-06 13:55:00+00:00,103.52734375,103.53125,103.52734375,103.52734375,1585.0
2025-03-06 13:56:00+00:00,103.52734375,103.53125,103.5234375,103.5234375,3329.0
2025-03-06 13:57:00+00:00,103.5390625,103.5390625,103.5234375,103.52734375,8304.0
2025-03-06 13:58:00+00:00,103.53515625,103.54296875,103.5234375,103.5390625,2962.0
2025-03-06 13:59:00+00:00,103.54296875,103.54296875,103.53515625,103.53515625,305.0
2025-03-06 14:00:00+00:00,103.55859375,103.55859375,103.5390625,103.5390625,4289.0
2025-03-06 14:01:00+00:00,103.5625,103.5625,103.5546875,103.55859375,4339.0
2025-03-06 14:02:00+00:00,103.55859375,103.5625,103.55859375,103.55859375,2085.0
2025-03-06 14:03:00+00:00,103.53515625,103.5625,103.53125,103.55859375,4930.0
2025-03-06 14:04:00+00:00,103.52734375,103.53515625,103.5234375,103.53515625,2838.0
2025-03-06 14:05:00+00:00,103.5390625,103.5390625,103.53125,103.53125,1711.0
2025-03-06 14:06:00+00:00,103.53515625,103.54296875,103.53515625,103.5390625,2080.0
2025-03-06 14:07:00+00:00,103.5234375,103.53515625,103.5234375,103.53515625,2376.0
2025-03-06 14:08:00+00:00,103.5234375,103.52734375,103.5234375,103.5234375,803.0
2025-03-06 14:09:00+00:00,103.515625,103.51953125,103.5078125,103.51953125,4734.0
2025-03-06 14:10:00+00:00,103.51171875,103.515625,103.265625,103.515625,879.0
2025-03-06 14:11:00+00:00,103.5,103.51171875,103.5,103.51171875,9250.0
2025-03-06 14:12:00+00:00,103.50390625,103.50390625,103.484375,103.5,10206.0
2025-03-06 14:13:00+00:00,103.49609375,103.50390625,103.4921875,103.50390625,10151.0
2025-03-06 14:14:00+00:00,103.49609375,103.5,103.4921875,103.49609375,1887.0
2025-03-06 14:15:00+00:00,103.50390625,103.50390625,103.49609375,103.49609375,1303.0
2025-03-06 14:16:00+00:00,103.50390625,103.5078125,103.5,103.50390625,712.0
2025-03-06 14:17:00+00:00,103.5078125,103.5078125,103.5,103.5078125,1669.0
2025-03-06 14:18:00+00:00,103.5078125,103.5078125,103.50390625,103.5078125,927.0
2025-03-06 14:19:00+00:00,103.50390625,103.5078125,103.50390625,103.5078125,1249.0
2025-03-06 14:20:00+00:00,103.5078125,103.5078125,103.5,103.50390625,2614.0
2025-03-06 14:21:00+00:00,103.5078125,103.51171875,103.50390625,103.50390625,1324.0
2025-03-06 14:22:00+00:00,103.515625,103.51953125,103.50390625,103.5078125,1639.0
2025-03-06 14:23:00+00:00,103.51171875,103.515625,103.5078125,103.515625,1482.0
2025-03-06 14:24:00+00:00,103.49609375,103.51171875,103.49609375,103.51171875,1365.0
2025-03-06 14:25:00+00:00,103.50390625,103.50390625,103.49609375,103.49609375,1776.0
2025-03-06 14:26:00+00:00,103.5234375,103.52734375,103.5,103.50390625,2358.0
2025-03-06 14:27:00+00:00,103.5234375,103.52734375,103.51953125,103.5234375,1466.0
2025-03-06 14:28:00+00:00,103.51953125,103.53125,103.51953125,103.5234375,3851.0
2025-03-06 14:29:00+00:00,103.51953125,103.51953125,103.515625,103.51953125,2486.0
2025-03-06 14:30:00+00:00,103.51171875,103.5234375,103.51171875,103.515625,1672.0
2025-03-06 14:31:00+00:00,103.515625,103.52734375,103.5078125,103.51171875,2225.0
2025-03-06 14:32:00+00:00,103.5234375,103.5234375,103.51953125,103.51953125,1895.0
2025-03-06 14:33:00+00:00,103.54296875,103.54296875,103.52734375,103.52734375,1845.0
2025-03-06 14:34:00+00:00,103.54296875,103.546875,103.5390625,103.54296875,1716.0
2025-03-06 14:35:00+00:00,103.55859375,103.55859375,103.3125,103.546875,2372.0
2025-03-06 14:36:00+00:00,103.56640625,103.578125,103.55859375,103.55859375,6755.0
2025-03-06 14:37:00+00:00,103.5546875,103.57421875,103.5546875,103.56640625,2119.0
2025-03-06 14:38:00+00:00,103.5390625,103.5546875,103.5390625,103.5546875,1752.0
2025-03-06 14:39:00+00:00,103.5390625,103.54296875,103.5390625,103.5390625,677.0
2025-03-06 14:40:00+00:00,103.5390625,103.546875,103.5390625,103.54296875,1545.0
2025-03-06 14:41:00+00:00,103.546875,103.546875,103.5390625,103.5390625,1071.0
2025-03-06 14:42:00+00:00,103.5390625,103.55078125,103.5390625,103.546875,806.0
2025-03-06 14:43:00+00:00,103.5390625,103.5390625,103.53125,103.53515625,1224.0
2025-03-06 14:44:00+00:00,103.54296875,103.54296875,103.5390625,103.5390625,605.0
2025-03-06 14:45:00+00:00,103.54296875,103.546875,103.5390625,103.54296875,1757.0
2025-03-06 14:46:00+00:00,103.52734375,103.5390625,103.51953125,103.5390625,2008.0
2025-03-06 14:47:00+00:00,103.52734375,103.53125,103.5234375,103.53125,1511.0
2025-03-06 14:48:00+00:00,103.53125,103.5390625,103.5234375,103.5234375,2427.0
2025-03-06 14:49:00+00:00,103.52734375,103.53125,103.5234375,103.53125,4123.0
2025-03-06 14:50:00+00:00,103.515625,103.5234375,103.515625,103.5234375,4539.0
2025-03-06 14:51:00+00:00,103.5078125,103.51171875,103.50390625,103.51171875,1013.0
2025-03-06 14:52:00+00:00,103.5078125,103.5078125,103.5,103.5078125,1151.0
2025-03-06 14:53:00+00:00,103.5078125,103.51171875,103.50390625,103.5078125,1528.0
2025-03-06 14:54:00+00:00,103.5078125,103.51171875,103.28125,103.5078125,707.0
2025-03-06 14:55:00+00:00,103.5078125,103.51171875,103.26953125,103.50390625,972.0
2025-03-06 14:56:00+00:00,103.53125,103.53125,103.50390625,103.5078125,2873.0
2025-03-06 14:57:00+00:00,103.5234375,103.53515625,103.51953125,103.52734375,1088.0
2025-03-06 14:58:00+00:00,103.52734375,103.52734375,103.51953125,103.5234375,499.0
2025-03-06 14:59:00+00:00,103.5234375,103.5234375,103.51953125,103.5234375,399.0
2025-03-06 15:00:00+00:00,103.5234375,103.53125,103.51953125,103.52734375,1265.0
2025-03-06 15:01:00+00:00,103.51953125,103.52734375,103.515625,103.51953125,2947.0
2025-03-06 15:02:00+00:00,103.52734375,103.52734375,103.51953125,103.51953125,1129.0
2025-03-06 15:03:00+00:00,103.5234375,103.5234375,103.515625,103.5234375,2674.0
2025-03-06 15:04:00+00:00,103.51953125,103.52734375,103.515625,103.5234375,2416.0
2025-03-06 15:05:00+00:00,103.5078125,103.5234375,103.50390625,103.51953125,6704.0
2025-03-06 15:06:00+00:00,103.49609375,103.50390625,103.48828125,103.50390625,4260.0
2025-03-06 15:07:00+00:00,103.48046875,103.5,103.48046875,103.49609375,4295.0
2025-03-06 15:08:00+00:00,103.484375,103.484375,103.48046875,103.48046875,2681.0
2025-03-06 15:09:00+00:00,103.484375,103.4921875,103.48046875,103.484375,1104.0
2025-03-06 15:10:00+00:00,103.48046875,103.48828125,103.4765625,103.484375,2484.0
2025-03-06 15:11:00+00:00,103.48828125,103.48828125,103.48046875,103.48046875,711.0
2025-03-06 15:12:00+00:00,103.4921875,103.4921875,103.48828125,103.48828125,2412.0
2025-03-06 15:13:00+00:00,103.4921875,103.5078125,103.4921875,103.4921875,2044.0
2025-03-06 15:14:00+00:00,103.484375,103.49609375,103.25390625,103.48828125,1861.0
2025-03-06 15:15:00+00:00,103.47265625,103.484375,103.25,103.484375,5008.0
2025-03-06 15:16:00+00:00,103.4921875,103.4921875,103.46484375,103.46875,6258.0
2025-03-06 15:17:00+00:00,103.484375,103.4921875,103.484375,103.4921875,3713.0
2025-03-06 15:18:00+00:00,103.48046875,103.484375,103.47265625,103.48046875,2088.0
2025-03-06 15:19:00+00:00,103.48046875,103.48828125,103.4765625,103.484375,1645.0
2025-03-06 15:20:00+00:00,103.4765625,103.48046875,103.4765625,103.48046875,1607.0
2025-03-06 15:21:00+00:00,103.46875,103.484375,103.46875,103.4765625,7396.0
2025-03-06 15:22:00+00:00,103.47265625,103.47265625,103.46484375,103.46875,2522.0
2025-03-06 15:23:00+00:00,103.4765625,103.48046875,103.47265625,103.4765625,1347.0
2025-03-06 15:24:00+00:00,103.47265625,103.47265625,103.46875,103.47265625,3784.0
2025-03-06 15:25:00+00:00,103.4609375,103.47265625,103.2421875,103.47265625,2404.0
2025-03-06 15:26:00+00:00,103.47265625,103.47265625,103.45703125,103.46484375,4724.0
2025-03-06 15:27:00+00:00,103.4609375,103.47265625,103.4609375,103.47265625,1671.0
2025-03-06 15:28:00+00:00,103.4609375,103.46484375,103.4609375,103.46484375,825.0
2025-03-06 15:29:00+00:00,103.4609375,103.4609375,103.45703125,103.4609375,1302.0
2025-03-06 15:30:00+00:00,103.4765625,103.4765625,103.4609375,103.4609375,2211.0
2025-03-06 15:31:00+00:00,103.4765625,103.48046875,103.47265625,103.47265625,1734.0
2025-03-06 15:32:00+00:00,103.47265625,103.4765625,103.47265625,103.47265625,976.0
2025-03-06 15:33:00+00:00,103.47265625,103.47265625,103.46875,103.47265625,1308.0
2025-03-06 15:34:00+00:00,103.4765625,103.48046875,103.47265625,103.4765625,2858.0
2025-03-06 15:35:00+00:00,103.4765625,103.48046875,103.47265625,103.4765625,2279.0
2025-03-06 15:36:00+00:00,103.46484375,103.47265625,103.46484375,103.47265625,2444.0
2025-03-06 15:37:00+00:00,103.4609375,103.46484375,103.45703125,103.46484375,1353.0
2025-03-06 15:38:00+00:00,103.4609375,103.46484375,103.234375,103.4609375,1445.0
2025-03-06 15:39:00+00:00,103.45703125,103.4609375,103.44921875,103.45703125,2726.0
2025-03-06 15:40:00+00:00,103.4453125,103.45703125,103.2265625,103.45703125,1165.0
2025-03-06 15:41:00+00:00,103.44921875,103.453125,103.44921875,103.44921875,923.0
2025-03-06 15:42:00+00:00,103.453125,103.45703125,103.44921875,103.44921875,1230.0
2025-03-06 15:43:00+00:00,103.4609375,103.4609375,103.453125,103.453125,976.0
2025-03-06 15:44:00+00:00,103.453125,103.4609375,103.44921875,103.45703125,373.0
2025-03-06 15:45:00+00:00,103.453125,103.453125,103.4453125,103.44921875,807.0
2025-03-06 15:46:00+00:00,103.453125,103.453125,103.44921875,103.453125,1387.0
2025-03-06 15:47:00+00:00,103.453125,103.45703125,103.4453125,103.453125,756.0
2025-03-06 15:48:00+00:00,103.4609375,103.46484375,103.453125,103.453125,2626.0
2025-03-06 15:49:00+00:00,103.4609375,103.4609375,103.45703125,103.4609375,1219.0
2025-03-06 15:50:00+00:00,103.4765625,103.4765625,103.46484375,103.46484375,1338.0
2025-03-06 15:51:00+00:00,103.48046875,103.48046875,103.47265625,103.4765625,1497.0
2025-03-06 15:52:00+00:00,103.48046875,103.484375,103.4765625,103.48046875,1781.0
2025-03-06 15:53:00+00:00,103.484375,103.484375,103.4765625,103.48046875,927.0
2025-03-06 15:54:00+00:00,103.48828125,103.4921875,103.48046875,103.484375,1003.0
2025-03-06 15:55:00+00:00,103.48828125,103.4921875,103.484375,103.48828125,666.0
2025-03-06 15:56:00+00:00,103.49609375,103.49609375,103.48828125,103.48828125,1845.0
2025-03-06 15:57:00+00:00,103.48828125,103.5,103.48828125,103.49609375,4071.0
2025-03-06 15:58:00+00:00,103.48828125,103.4921875,103.48828125,103.4921875,1417.0
2025-03-06 15:59:00+00:00,103.48046875,103.48828125,103.4765625,103.48828125,786.0
2025-03-06 16:00:00+00:00,103.47265625,103.4765625,103.46484375,103.4765625,1067.0
2025-03-06 16:01:00+00:00,103.47265625,103.4765625,103.47265625,103.47265625,712.0
2025-03-06 16:02:00+00:00,103.46875,103.4765625,103.46484375,103.46875,1623.0
2025-03-06 16:03:00+00:00,103.46875,103.4765625,103.46875,103.46875,1936.0
2025-03-06 16:04:00+00:00,103.46875,103.47265625,103.46484375,103.46875,1028.0
2025-03-06 16:05:00+00:00,103.46875,103.47265625,103.234375,103.46875,1088.0
2025-03-06 16:06:00+00:00,103.46875,103.47265625,103.46484375,103.46875,662.0
2025-03-06 16:07:00+00:00,103.4609375,103.46484375,103.45703125,103.46484375,1417.0
2025-03-06 16:08:00+00:00,103.45703125,103.4609375,103.45703125,103.4609375,487.0
2025-03-06 16:09:00+00:00,103.45703125,103.4609375,103.45703125,103.45703125,3427.0
2025-03-06 16:10:00+00:00,103.45703125,103.4609375,103.453125,103.45703125,959.0
2025-03-06 16:11:00+00:00,103.4609375,103.4609375,103.453125,103.45703125,1743.0
2025-03-06 16:12:00+00:00,103.4609375,103.4609375,103.45703125,103.45703125,685.0
2025-03-06 16:13:00+00:00,103.4609375,103.46484375,103.4609375,103.4609375,511.0
2025-03-06 16:14:00+00:00,103.46484375,103.46484375,103.45703125,103.4609375,913.0
2025-03-06 16:15:00+00:00,103.46484375,103.46484375,103.45703125,103.4609375,971.0
2025-03-06 16:16:00+00:00,103.45703125,103.46484375,103.2265625,103.4609375,277.0
2025-03-06 16:17:00+00:00,103.45703125,103.45703125,103.45703125,103.45703125,1073.0
2025-03-06 16:18:00+00:00,103.45703125,103.4609375,103.453125,103.45703125,1052.0
2025-03-06 16:19:00+00:00,103.4609375,103.46484375,103.45703125,103.4609375,2041.0
2025-03-06 16:20:00+00:00,103.46875,103.46875,103.45703125,103.4609375,740.0
2025-03-06 16:21:00+00:00,103.47265625,103.47265625,103.46875,103.46875,5396.0
2025-03-06 16:22:00+00:00,103.4765625,103.48046875,103.47265625,103.4765625,2900.0
2025-03-06 16:23:00+00:00,103.46484375,103.4765625,103.4609375,103.47265625,5933.0
2025-03-06 16:24:00+00:00,103.46484375,103.46875,103.4609375,103.46484375,2082.0
2025-03-06 16:25:00+00:00,103.4609375,103.4609375,103.453125,103.4609375,2559.0
2025-03-06 16:26:00+00:00,103.47265625,103.4765625,103.46484375,103.46484375,1074.0
2025-03-06 16:27:00+00:00,103.4765625,103.4765625,103.47265625,103.47265625,405.0
2025-03-06 16:28:00+00:00,103.48046875,103.48046875,103.46484375,103.47265625,1630.0
2025-03-06 16:29:00+00:00,103.46875,103.48046875,103.2421875,103.4765625,10023.0
2025-03-06 16:30:00+00:00,103.4609375,103.47265625,103.44921875,103.46875,8228.0
2025-03-06 16:31:00+00:00,103.46875,103.46875,103.4609375,103.46484375,3696.0
2025-03-06 16:32:00+00:00,103.46484375,103.46875,103.4609375,103.46484375,2546.0
2025-03-06 16:33:00+00:00,103.46875,103.47265625,103.4609375,103.46484375,4072.0
2025-03-06 16:34:00+00:00,103.453125,103.47265625,103.44921875,103.46875,5290.0
2025-03-06 16:35:00+00:00,103.46484375,103.46875,103.44921875,103.453125,1644.0
2025-03-06 16:36:00+00:00,103.484375,103.484375,103.46875,103.46875,2781.0
2025-03-06 16:37:00+00:00,103.4765625,103.484375,103.4765625,103.484375,1063.0
2025-03-06 16:38:00+00:00,103.4765625,103.48046875,103.47265625,103.4765625,930.0
2025-03-06 16:39:00+00:00,103.484375,103.48828125,103.4765625,103.4765625,581.0
2025-03-06 16:40:00+00:00,103.484375,103.48828125,103.484375,103.484375,1049.0
2025-03-06 16:41:00+00:00,103.484375,103.484375,103.484375,103.484375,1148.0
2025-03-06 16:42:00+00:00,103.484375,103.48828125,103.484375,103.48828125,1955.0
2025-03-06 16:43:00+00:00,103.48828125,103.48828125,103.484375,103.484375,907.0
2025-03-06 16:44:00+00:00,103.48828125,103.48828125,103.48828125,103.48828125,1016.0
2025-03-06 16:45:00+00:00,103.484375,103.48828125,103.484375,103.484375,527.0
2025-03-06 16:46:00+00:00,103.4765625,103.484375,103.4765625,103.484375,642.0
2025-03-06 16:47:00+00:00,103.47265625,103.48046875,103.23828125,103.4765625,421.0
2025-03-06 16:48:00+00:00,103.484375,103.484375,103.23828125,103.4765625,2459.0
2025-03-06 16:49:00+00:00,103.48828125,103.4921875,103.48828125,103.48828125,648.0
2025-03-06 16:50:00+00:00,103.48828125,103.4921875,103.26953125,103.4921875,2295.0
2025-03-06 16:51:00+00:00,103.48828125,103.48828125,103.484375,103.484375,710.0
2025-03-06 16:52:00+00:00,103.48828125,103.4921875,103.48828125,103.48828125,667.0
2025-03-06 16:53:00+00:00,103.4921875,103.49609375,103.48828125,103.48828125,899.0
2025-03-06 16:54:00+00:00,103.4921875,103.49609375,103.4921875,103.4921875,1745.0
2025-03-06 16:55:00+00:00,103.4921875,103.49609375,103.4921875,103.4921875,1238.0
2025-03-06 16:56:00+00:00,103.48828125,103.48828125,103.48828125,103.48828125,410.0
2025-03-06 16:57:00+00:00,103.48046875,103.48828125,103.48046875,103.48828125,1389.0
2025-03-06 16:58:00+00:00,103.484375,103.484375,103.48046875,103.48046875,121.0
2025-03-06 16:59:00+00:00,103.48828125,103.48828125,103.484375,103.48828125,3125.0
2025-03-06 17:00:00+00:00,103.484375,103.4921875,103.484375,103.4921875,970.0
2025-03-06 17:01:00+00:00,103.48046875,103.484375,103.48046875,103.484375,407.0
2025-03-06 17:02:00+00:00,103.4765625,103.48046875,103.47265625,103.48046875,1135.0
2025-03-06 17:03:00+00:00,103.48046875,103.48046875,103.4765625,103.4765625,1150.0
2025-03-06 17:04:00+00:00,103.4921875,103.4921875,103.484375,103.484375,1961.0
2025-03-06 17:05:00+00:00,103.4921875,103.49609375,103.48828125,103.48828125,187.0
2025-03-06 17:06:00+00:00,103.50390625,103.5078125,103.4921875,103.4921875,2174.0
2025-03-06 17:07:00+00:00,103.50390625,103.5078125,103.5,103.5,1539.0
2025-03-06 17:08:00+00:00,103.4921875,103.50390625,103.4921875,103.5,1647.0
2025-03-06 17:09:00+00:00,103.4921875,103.49609375,103.48828125,103.48828125,374.0
2025-03-06 17:10:00+00:00,103.4921875,103.49609375,103.48828125,103.48828125,647.0
2025-03-06 17:11:00+00:00,103.484375,103.4921875,103.48046875,103.4921875,990.0
2025-03-06 17:12:00+00:00,103.5,103.50390625,103.48828125,103.48828125,967.0
2025-03-06 17:13:00+00:00,103.49609375,103.5,103.49609375,103.5,1857.0
2025-03-06 17:14:00+00:00,103.5,103.50390625,103.4921875,103.49609375,3643.0
2025-03-06 17:15:00+00:00,103.50390625,103.5078125,103.28125,103.5,3679.0
2025-03-06 17:16:00+00:00,103.5,103.5078125,103.5,103.5,2989.0
2025-03-06 17:17:00+00:00,103.5078125,103.5078125,103.5,103.5,1995.0
2025-03-06 17:18:00+00:00,103.49609375,103.50390625,103.49609375,103.50390625,1863.0
2025-03-06 17:19:00+00:00,103.4921875,103.49609375,103.4921875,103.49609375,1372.0
2025-03-06 17:20:00+00:00,103.48046875,103.4921875,103.4765625,103.4921875,2291.0
2025-03-06 17:21:00+00:00,103.48046875,103.48046875,103.4765625,103.48046875,745.0
2025-03-06 17:22:00+00:00,103.48046875,103.48046875,103.4765625,103.48046875,456.0
2025-03-06 17:23:00+00:00,103.484375,103.48828125,103.48046875,103.484375,907.0
2025-03-06 17:24:00+00:00,103.484375,103.48828125,103.48046875,103.484375,1847.0
2025-03-06 17:25:00+00:00,103.4921875,103.5,103.484375,103.484375,1122.0
2025-03-06 17:26:00+00:00,103.49609375,103.49609375,103.49609375,103.49609375,455.0
2025-03-06 17:27:00+00:00,103.5078125,103.51171875,103.49609375,103.5,1277.0
2025-03-06 17:28:00+00:00,103.5078125,103.51171875,103.5078125,103.5078125,1049.0
2025-03-06 17:29:00+00:00,103.5078125,103.51171875,103.5,103.5078125,1361.0
2025-03-06 17:30:00+00:00,103.50390625,103.51171875,103.50390625,103.51171875,1385.0
2025-03-06 17:31:00+00:00,103.50390625,103.5078125,103.5,103.50390625,811.0
2025-03-06 17:32:00+00:00,103.50390625,103.50390625,103.49609375,103.5,627.0
2025-03-06 17:33:00+00:00,103.50390625,103.50390625,103.50390625,103.50390625,319.0
2025-03-06 17:34:00+00:00,103.5,103.50390625,103.5,103.50390625,1226.0
2025-03-06 17:35:00+00:00,103.5078125,103.51171875,103.5,103.5,572.0
2025-03-06 17:36:00+00:00,103.5078125,103.5078125,103.50390625,103.50390625,417.0
2025-03-06 17:37:00+00:00,103.51171875,103.51171875,103.5078125,103.5078125,78.0
2025-03-06 17:38:00+00:00,103.5078125,103.5078125,103.5078125,103.5078125,346.0
2025-03-06 17:39:00+00:00,103.51171875,103.51171875,103.5078125,103.5078125,191.0
2025-03-06 17:40:00+00:00,103.50390625,103.51171875,103.50390625,103.51171875,838.0
2025-03-06 17:41:00+00:00,103.5078125,103.51171875,103.5,103.50390625,2331.0
2025-03-06 17:42:00+00:00,103.50390625,103.50390625,103.50390625,103.50390625,194.0
2025-03-06 17:43:00+00:00,103.50390625,103.50390625,103.5,103.50390625,1286.0
2025-03-06 17:44:00+00:00,103.50390625,103.50390625,103.50390625,103.50390625,510.0
2025-03-06 17:45:00+00:00,103.51171875,103.51171875,103.50390625,103.50390625,702.0
2025-03-06 17:46:00+00:00,103.52734375,103.52734375,103.515625,103.515625,1112.0
2025-03-06 17:47:00+00:00,103.52734375,103.52734375,103.52734375,103.52734375,1080.0
2025-03-06 17:48:00+00:00,103.5234375,103.52734375,103.51953125,103.52734375,4185.0
2025-03-06 17:49:00+00:00,103.51953125,103.5234375,103.515625,103.51953125,2737.0
2025-03-06 17:50:00+00:00,103.515625,103.5234375,103.515625,103.51953125,1394.0
2025-03-06 17:51:00+00:00,103.51171875,103.51953125,103.51171875,103.515625,895.0
2025-03-06 17:52:00+00:00,103.51953125,103.51953125,103.51171875,103.515625,1577.0
2025-03-06 17:53:00+00:00,103.51171875,103.51953125,103.51171875,103.51953125,207.0
2025-03-06 17:54:00+00:00,103.51171875,103.51171875,103.51171875,103.51171875,324.0
2025-03-06 17:55:00+00:00,103.50390625,103.51171875,103.5,103.51171875,1045.0
2025-03-06 17:56:00+00:00,103.5,103.5,103.5,103.5,762.0
2025-03-06 17:57:00+00:00,103.5,103.5,103.49609375,103.5,672.0
2025-03-06 17:58:00+00:00,103.4921875,103.5,103.4921875,103.5,891.0
2025-03-06 17:59:00+00:00,103.49609375,103.49609375,103.4921875,103.4921875,1255.0
2025-03-06 18:00:00+00:00,103.49609375,103.49609375,103.4921875,103.49609375,584.0
2025-03-06 18:01:00+00:00,103.49609375,103.49609375,103.4921875,103.49609375,1242.0
2025-03-06 18:02:00+00:00,103.5,103.5,103.49609375,103.49609375,4536.0
2025-03-06 18:03:00+00:00,103.5078125,103.51171875,103.5,103.5,1906.0
2025-03-06 18:04:00+00:00,103.5,103.5078125,103.5,103.50390625,291.0
2025-03-06 18:05:00+00:00,103.50390625,103.50390625,103.5,103.5,488.0
2025-03-06 18:06:00+00:00,103.50390625,103.5078125,103.5,103.5,710.0
2025-03-06 18:07:00+00:00,103.5078125,103.51171875,103.5,103.50390625,2862.0
2025-03-06 18:08:00+00:00,103.50390625,103.5078125,103.50390625,103.5078125,159.0
2025-03-06 18:09:00+00:00,103.5,103.50390625,103.5,103.50390625,355.0
2025-03-06 18:10:00+00:00,103.51171875,103.51171875,103.5,103.5,454.0
2025-03-06 18:11:00+00:00,103.515625,103.51953125,103.5078125,103.5078125,2752.0
2025-03-06 18:12:00+00:00,103.5078125,103.515625,103.5078125,103.515625,896.0
2025-03-06 18:13:00+00:00,103.51171875,103.51171875,103.50390625,103.50390625,423.0
2025-03-06 18:14:00+00:00,103.51171875,103.51171875,103.5078125,103.5078125,1164.0
2025-03-06 18:15:00+00:00,103.5078125,103.51171875,103.5078125,103.51171875,556.0
2025-03-06 18:16:00+00:00,103.50390625,103.5078125,103.50390625,103.5078125,169.0
2025-03-06 18:17:00+00:00,103.49609375,103.5,103.49609375,103.5,484.0
2025-03-06 18:18:00+00:00,103.49609375,103.5,103.49609375,103.49609375,706.0
2025-03-06 18:19:00+00:00,103.4921875,103.49609375,103.48828125,103.49609375,1504.0
2025-03-06 18:20:00+00:00,103.5,103.5,103.4921875,103.4921875,339.0
2025-03-06 18:21:00+00:00,103.48828125,103.49609375,103.48828125,103.49609375,1284.0
2025-03-06 18:22:00+00:00,103.48828125,103.48828125,103.484375,103.48828125,1026.0
2025-03-06 18:23:00+00:00,103.484375,103.484375,103.484375,103.484375,364.0
2025-03-06 18:24:00+00:00,103.484375,103.484375,103.48046875,103.48046875,1323.0
2025-03-06 18:25:00+00:00,103.484375,103.484375,103.484375,103.484375,526.0
2025-03-06 18:26:00+00:00,103.48828125,103.48828125,103.484375,103.484375,136.0
2025-03-06 18:27:00+00:00,103.48828125,103.48828125,103.48828125,103.48828125,361.0
2025-03-06 18:28:00+00:00,103.4921875,103.4921875,103.48828125,103.48828125,415.0
2025-03-06 18:29:00+00:00,103.49609375,103.49609375,103.4921875,103.4921875,162.0
2025-03-06 18:30:00+00:00,103.484375,103.4921875,103.484375,103.4921875,569.0
2025-03-06 18:31:00+00:00,103.484375,103.484375,103.48046875,103.484375,756.0
2025-03-06 18:32:00+00:00,103.484375,103.484375,103.48046875,103.484375,1134.0
2025-03-06 18:33:00+00:00,103.484375,103.484375,103.484375,103.484375,756.0
2025-03-06 18:34:00+00:00,103.484375,103.484375,103.48046875,103.48046875,1375.0
2025-03-06 18:35:00+00:00,103.484375,103.48828125,103.48046875,103.48046875,2136.0
2025-03-06 18:36:00+00:00,103.484375,103.48828125,103.48046875,103.48046875,264.0
2025-03-06 18:37:00+00:00,103.48828125,103.48828125,103.48046875,103.48046875,1522.0
2025-03-06 18:38:00+00:00,103.48828125,103.48828125,103.484375,103.48828125,731.0
2025-03-06 18:39:00+00:00,103.4921875,103.4921875,103.484375,103.484375,280.0
2025-03-06 18:40:00+00:00,103.5,103.5,103.4921875,103.4921875,754.0
2025-03-06 18:41:00+00:00,103.50390625,103.5078125,103.50390625,103.50390625,1244.0
2025-03-06 18:42:00+00:00,103.50390625,103.5078125,103.5,103.50390625,1532.0
2025-03-06 18:43:00+00:00,103.50390625,103.50390625,103.50390625,103.50390625,906.0
2025-03-06 18:44:00+00:00,103.50390625,103.5078125,103.50390625,103.50390625,1099.0
2025-03-06 18:45:00+00:00,103.5,103.50390625,103.5,103.50390625,308.0
2025-03-06 18:46:00+00:00,103.4921875,103.49609375,103.48828125,103.49609375,2134.0
2025-03-06 18:47:00+00:00,103.4921875,103.4921875,103.4921875,103.4921875,122.0
2025-03-06 18:48:00+00:00,103.4921875,103.49609375,103.4921875,103.4921875,817.0
2025-03-06 18:49:00+00:00,103.49609375,103.49609375,103.4921875,103.4921875,177.0
2025-03-06 18:50:00+00:00,103.4921875,103.4921875,103.4921875,103.4921875,38.0
2025-03-06 18:51:00+00:00,103.4921875,103.4921875,103.4921875,103.4921875,189.0
2025-03-06 18:52:00+00:00,103.48828125,103.4921875,103.48828125,103.4921875,2347.0
2025-03-06 18:53:00+00:00,103.4921875,103.4921875,103.48828125,103.48828125,660.0
2025-03-06 18:54:00+00:00,103.49609375,103.49609375,103.4921875,103.4921875,839.0
2025-03-06 18:55:00+00:00,103.4921875,103.49609375,103.4921875,103.49609375,754.0
2025-03-06 18:56:00+00:00,103.49609375,103.5,103.48828125,103.4921875,2373.0
2025-03-06 18:57:00+00:00,103.49609375,103.5,103.49609375,103.49609375,1425.0
2025-03-06 18:58:00+00:00,103.5,103.5,103.49609375,103.49609375,1014.0
2025-03-06 18:59:00+00:00,103.50390625,103.5078125,103.5,103.5,1778.0
2025-03-06 19:00:00+00:00,103.50390625,103.5078125,103.50390625,103.50390625,1506.0
2025-03-06 19:01:00+00:00,103.5078125,103.5078125,103.5,103.50390625,1929.0
2025-03-06 19:02:00+00:00,103.515625,103.51953125,103.5078125,103.5078125,3399.0
2025-03-06 19:03:00+00:00,103.51953125,103.51953125,103.515625,103.515625,996.0
2025-03-06 19:04:00+00:00,103.51953125,103.51953125,103.515625,103.51953125,849.0
2025-03-06 19:05:00+00:00,103.515625,103.5234375,103.515625,103.51953125,3144.0
2025-03-06 19:06:00+00:00,103.515625,103.51953125,103.51171875,103.51953125,1232.0
2025-03-06 19:07:00+00:00,103.51953125,103.51953125,103.51171875,103.515625,438.0
2025-03-06 19:08:00+00:00,103.5234375,103.5234375,103.515625,103.51953125,1862.0
2025-03-06 19:09:00+00:00,103.51171875,103.5234375,103.51171875,103.5234375,1167.0
2025-03-06 19:10:00+00:00,103.51171875,103.515625,103.51171875,103.51171875,2625.0
2025-03-06 19:11:00+00:00,103.515625,103.515625,103.51171875,103.51171875,420.0
2025-03-06 19:12:00+00:00,103.52734375,103.52734375,103.515625,103.51953125,562.0
2025-03-06 19:13:00+00:00,103.515625,103.5234375,103.515625,103.5234375,705.0
2025-03-06 19:14:00+00:00,103.5234375,103.5234375,103.51953125,103.51953125,274.0
2025-03-06 19:15:00+00:00,103.515625,103.51953125,103.515625,103.51953125,729.0
2025-03-06 19:16:00+00:00,103.51953125,103.51953125,103.515625,103.51953125,617.0
2025-03-06 19:17:00+00:00,103.51953125,103.51953125,103.51953125,103.51953125,346.0
2025-03-06 19:18:00+00:00,103.5234375,103.52734375,103.51953125,103.51953125,903.0
2025-03-06 19:19:00+00:00,103.5234375,103.52734375,103.5234375,103.52734375,332.0
2025-03-06 19:20:00+00:00,103.5234375,103.52734375,103.5234375,103.52734375,871.0
2025-03-06 19:21:00+00:00,103.52734375,103.52734375,103.5234375,103.5234375,494.0
2025-03-06 19:22:00+00:00,103.52734375,103.52734375,103.52734375,103.52734375,374.0
2025-03-06 19:23:00+00:00,103.53125,103.53125,103.52734375,103.52734375,509.0
2025-03-06 19:24:00+00:00,103.52734375,103.53125,103.52734375,103.52734375,1000.0
2025-03-06 19:25:00+00:00,103.5234375,103.53125,103.5234375,103.52734375,1066.0
2025-03-06 19:26:00+00:00,103.53125,103.53125,103.5234375,103.52734375,1817.0
2025-03-06 19:27:00+00:00,103.53125,103.53515625,103.53125,103.53125,883.0
2025-03-06 19:28:00+00:00,103.53515625,103.53515625,103.53125,103.53125,781.0
2025-03-06 19:29:00+00:00,103.53125,103.53515625,103.53125,103.53515625,536.0
2025-03-06 19:30:00+00:00,103.53125,103.53515625,103.53125,103.53125,784.0
2025-03-06 19:31:00+00:00,103.53515625,103.5390625,103.53515625,103.53515625,1676.0
2025-03-06 19:32:00+00:00,103.53125,103.53515625,103.53125,103.53515625,390.0
2025-03-06 19:33:00+00:00,103.53125,103.5390625,103.53125,103.53515625,494.0
2025-03-06 19:34:00+00:00,103.53125,103.53125,103.53125,103.53125,471.0
2025-03-06 19:35:00+00:00,103.53515625,103.53515625,103.53125,103.53125,425.0
2025-03-06 19:36:00+00:00,103.53515625,103.5390625,103.53515625,103.53515625,829.0
2025-03-06 19:37:00+00:00,103.5390625,103.5390625,103.53515625,103.53515625,602.0
2025-03-06 19:38:00+00:00,103.5390625,103.54296875,103.5390625,103.5390625,1549.0
2025-03-06 19:39:00+00:00,103.5390625,103.5390625,103.53515625,103.5390625,1525.0
2025-03-06 19:40:00+00:00,103.53125,103.54296875,103.53125,103.5390625,977.0
2025-03-06 19:41:00+00:00,103.53125,103.53125,103.53125,103.53125,251.0
2025-03-06 19:42:00+00:00,103.52734375,103.53125,103.52734375,103.53125,543.0
2025-03-06 19:43:00+00:00,103.5234375,103.52734375,103.5234375,103.52734375,456.0
2025-03-06 19:44:00+00:00,103.5234375,103.53125,103.5234375,103.5234375,572.0
2025-03-06 19:45:00+00:00,103.52734375,103.52734375,103.5234375,103.5234375,174.0
2025-03-06 19:46:00+00:00,103.5234375,103.53125,103.5234375,103.52734375,938.0
2025-03-06 19:47:00+00:00,103.5234375,103.53125,103.5234375,103.52734375,1304.0
2025-03-06 19:48:00+00:00,103.51171875,103.52734375,103.51171875,103.52734375,1846.0
2025-03-06 19:49:00+00:00,103.51171875,103.515625,103.51171875,103.51171875,1239.0
2025-03-06 19:50:00+00:00,103.5078125,103.51171875,103.50390625,103.51171875,1753.0
2025-03-06 19:51:00+00:00,103.50390625,103.51171875,103.50390625,103.5078125,523.0
2025-03-06 19:52:00+00:00,103.5078125,103.51171875,103.5,103.50390625,1182.0
2025-03-06 19:53:00+00:00,103.515625,103.515625,103.5078125,103.5078125,1022.0
2025-03-06 19:54:00+00:00,103.515625,103.515625,103.51171875,103.515625,1314.0
2025-03-06 19:55:00+00:00,103.5234375,103.52734375,103.515625,103.515625,916.0
2025-03-06 19:56:00+00:00,103.515625,103.5234375,103.515625,103.5234375,977.0
2025-03-06 19:57:00+00:00,103.52734375,103.52734375,103.51171875,103.515625,2377.0
2025-03-06 19:58:00+00:00,103.52734375,103.53125,103.5234375,103.53125,978.0
2025-03-06 19:59:00+00:00,103.54296875,103.54296875,103.52734375,103.52734375,12499.0
2025-03-06 20:00:00+00:00,103.5390625,103.55078125,103.5390625,103.5390625,3675.0
2025-03-06 20:01:00+00:00,103.546875,103.55078125,103.53515625,103.5390625,2010.0
2025-03-06 20:02:00+00:00,103.54296875,103.546875,103.54296875,103.546875,1079.0
2025-03-06 20:03:00+00:00,103.54296875,103.546875,103.5390625,103.54296875,1250.0
2025-03-06 20:04:00+00:00,103.5390625,103.54296875,103.5390625,103.54296875,1023.0
2025-03-06 20:05:00+00:00,103.54296875,103.54296875,103.53515625,103.54296875,1519.0
2025-03-06 20:06:00+00:00,103.53125,103.54296875,103.52734375,103.54296875,2536.0
2025-03-06 20:07:00+00:00,103.52734375,103.53125,103.52734375,103.53125,914.0
2025-03-06 20:08:00+00:00,103.5234375,103.53125,103.31640625,103.53125,2128.0
2025-03-06 20:09:00+00:00,103.53125,103.53125,103.52734375,103.52734375,675.0
2025-03-06 20:10:00+00:00,103.52734375,103.53125,103.52734375,103.52734375,1828.0
2025-03-06 20:11:00+00:00,103.53125,103.53125,103.52734375,103.53125,649.0
2025-03-06 20:12:00+00:00,103.52734375,103.53125,103.52734375,103.53125,370.0
2025-03-06 20:13:00+00:00,103.53125,103.53515625,103.52734375,103.52734375,1562.0
2025-03-06 20:14:00+00:00,103.52734375,103.53515625,103.52734375,103.53125,1533.0
2025-03-06 20:15:00+00:00,103.53125,103.53515625,103.5234375,103.52734375,1985.0
2025-03-06 20:16:00+00:00,103.53125,103.53515625,103.52734375,103.53125,912.0
2025-03-06 20:17:00+00:00,103.52734375,103.52734375,103.52734375,103.52734375,615.0
2025-03-06 20:18:00+00:00,103.52734375,103.52734375,103.5234375,103.52734375,227.0
2025-03-06 20:19:00+00:00,103.52734375,103.53125,103.52734375,103.52734375,651.0
2025-03-06 20:20:00+00:00,103.52734375,103.53125,103.52734375,103.52734375,2245.0
2025-03-06 20:21:00+00:00,103.52734375,103.53125,103.52734375,103.52734375,1421.0
2025-03-06 20:22:00+00:00,103.53125,103.53515625,103.53125,103.53125,1688.0
2025-03-06 20:23:00+00:00,103.53515625,103.5390625,103.53125,103.53125,608.0
2025-03-06 20:24:00+00:00,103.5390625,103.5390625,103.53515625,103.5390625,705.0
2025-03-06 20:25:00+00:00,103.5390625,103.5390625,103.53515625,103.5390625,483.0
2025-03-06 20:26:00+00:00,103.53515625,103.5390625,103.53515625,103.5390625,1002.0
2025-03-06 20:28:00+00:00,103.5390625,103.5390625,103.53515625,103.53515625,1400.0
2025-03-06 20:29:00+00:00,103.53125,103.5390625,103.53125,103.5390625,1129.0
2025-03-06 20:30:00+00:00,103.53125,103.54296875,103.52734375,103.53515625,4401.0
2025-03-06 20:31:00+00:00,103.53125,103.53515625,103.53125,103.53125,1138.0
2025-03-06 20:32:00+00:00,103.53125,103.53515625,103.53125,103.53125,797.0
2025-03-06 20:33:00+00:00,103.546875,103.5546875,103.52734375,103.53515625,6261.0
2025-03-06 20:34:00+00:00,103.5390625,103.546875,103.53515625,103.546875,2481.0
2025-03-06 20:35:00+00:00,103.53515625,103.54296875,103.53125,103.54296875,1005.0
2025-03-06 20:36:00+00:00,103.5234375,103.53515625,103.5234375,103.53515625,665.0
2025-03-06 20:37:00+00:00,103.53515625,103.5390625,103.52734375,103.52734375,1103.0
2025-03-06 20:38:00+00:00,103.53515625,103.53515625,103.53125,103.53515625,1265.0
2025-03-06 20:39:00+00:00,103.546875,103.55078125,103.53515625,103.53515625,3865.0
2025-03-06 20:40:00+00:00,103.546875,103.55078125,103.54296875,103.55078125,1143.0
2025-03-06 20:41:00+00:00,103.546875,103.546875,103.546875,103.546875,1367.0
2025-03-06 20:42:00+00:00,103.55078125,103.55078125,103.546875,103.546875,1587.0
2025-03-06 20:43:00+00:00,103.5390625,103.55078125,103.5390625,103.55078125,1137.0
2025-03-06 20:44:00+00:00,103.546875,103.546875,103.5390625,103.5390625,961.0
2025-03-06 20:45:00+00:00,103.546875,103.546875,103.54296875,103.546875,1029.0
2025-03-06 20:46:00+00:00,103.546875,103.546875,103.54296875,103.54296875,715.0
2025-03-06 20:47:00+00:00,103.546875,103.546875,103.546875,103.546875,457.0
2025-03-06 20:48:00+00:00,103.53515625,103.546875,103.53515625,103.546875,1016.0
2025-03-06 20:49:00+00:00,103.53515625,103.5390625,103.53515625,103.5390625,283.0
2025-03-06 20:50:00+00:00,103.53515625,103.5390625,103.53125,103.53125,1356.0
2025-03-06 20:51:00+00:00,103.52734375,103.53515625,103.52734375,103.53515625,1183.0
2025-03-06 20:52:00+00:00,103.53125,103.53125,103.5234375,103.52734375,570.0
2025-03-06 20:53:00+00:00,103.53125,103.53125,103.52734375,103.53125,985.0
2025-03-06 20:54:00+00:00,103.52734375,103.52734375,103.5234375,103.52734375,436.0
2025-03-06 20:55:00+00:00,103.5234375,103.52734375,103.5234375,103.52734375,156.0
2025-03-06 20:56:00+00:00,103.53125,103.53125,103.52734375,103.52734375,567.0
2025-03-06 20:57:00+00:00,103.5234375,103.53125,103.5234375,103.53125,633.0
2025-03-06 20:58:00+00:00,103.52734375,103.52734375,103.5234375,103.52734375,414.0
2025-03-06 20:59:00+00:00,103.5234375,103.53125,103.51953125,103.52734375,3690.0
2025-03-06 21:00:00+00:00,103.52734375,103.53125,103.51953125,103.5234375,2975.0
2025-03-06 21:01:00+00:00,103.5234375,103.52734375,103.5234375,103.5234375,823.0
2025-03-06 21:02:00+00:00,103.5234375,103.5234375,103.51953125,103.5234375,172.0
2025-03-06 21:03:00+00:00,103.51953125,103.5234375,103.51953125,103.51953125,411.0
2025-03-06 21:04:00+00:00,103.5234375,103.5234375,103.51953125,103.51953125,497.0
2025-03-06 21:05:00+00:00,103.5234375,103.5234375,103.51953125,103.5234375,185.0
2025-03-06 21:06:00+00:00,103.515625,103.5234375,103.515625,103.51953125,1463.0
2025-03-06 21:07:00+00:00,103.51953125,103.51953125,103.515625,103.515625,448.0
2025-03-06 21:08:00+00:00,103.52734375,103.52734375,103.51953125,103.5234375,1166.0
2025-03-06 21:09:00+00:00,103.51953125,103.5234375,103.51953125,103.5234375,1040.0
2025-03-06 21:10:00+00:00,103.5234375,103.5234375,103.51953125,103.51953125,199.0
2025-03-06 21:11:00+00:00,103.515625,103.5234375,103.515625,103.51953125,837.0
2025-03-06 21:12:00+00:00,103.51953125,103.51953125,103.515625,103.515625,101.0
2025-03-06 21:13:00+00:00,103.5234375,103.5234375,103.51953125,103.51953125,711.0
2025-03-06 21:14:00+00:00,103.5234375,103.5234375,103.5234375,103.5234375,122.0
2025-03-06 21:15:00+00:00,103.51953125,103.51953125,103.51953125,103.51953125,1809.0
2025-03-06 21:16:00+00:00,103.515625,103.51953125,103.515625,103.51953125,656.0
2025-03-06 21:17:00+00:00,103.51953125,103.51953125,103.515625,103.515625,578.0
2025-03-06 21:18:00+00:00,103.51953125,103.5234375,103.51953125,103.51953125,178.0
2025-03-06 21:19:00+00:00,103.52734375,103.52734375,103.51953125,103.51953125,746.0
2025-03-06 21:20:00+00:00,103.5234375,103.5234375,103.5234375,103.5234375,948.0
2025-03-06 21:21:00+00:00,103.51953125,103.52734375,103.51953125,103.52734375,459.0
2025-03-06 21:22:00+00:00,103.5234375,103.5234375,103.5234375,103.5234375,230.0
2025-03-06 21:23:00+00:00,103.5234375,103.5234375,103.5234375,103.5234375,110.0
2025-03-06 21:24:00+00:00,103.5234375,103.5234375,103.5234375,103.5234375,548.0
2025-03-06 21:25:00+00:00,103.5234375,103.52734375,103.5234375,103.5234375,285.0
2025-03-06 21:26:00+00:00,103.5234375,103.52734375,103.5234375,103.52734375,322.0
2025-03-06 21:27:00+00:00,103.52734375,103.52734375,103.5234375,103.5234375,444.0
2025-03-06 21:28:00+00:00,103.52734375,103.52734375,103.52734375,103.52734375,82.0
2025-03-06 21:29:00+00:00,103.52734375,103.52734375,103.52734375,103.52734375,1834.0
2025-03-06 21:30:00+00:00,103.52734375,103.52734375,103.52734375,103.52734375,3520.0
2025-03-06 21:31:00+00:00,103.52734375,103.52734375,103.52734375,103.52734375,962.0
2025-03-06 21:32:00+00:00,103.53515625,103.5390625,103.53125,103.53125,1853.0
2025-03-06 21:33:00+00:00,103.53125,103.53125,103.53125,103.53125,70.0
2025-03-06 21:34:00+00:00,103.52734375,103.52734375,103.5234375,103.52734375,177.0
2025-03-06 21:35:00+00:00,103.53125,103.53125,103.52734375,103.52734375,7.0
2025-03-06 21:36:00+00:00,103.53125,103.53515625,103.53125,103.53125,831.0
2025-03-06 21:37:00+00:00,103.53515625,103.53515625,103.53515625,103.53515625,537.0
2025-03-06 21:38:00+00:00,103.53515625,103.53515625,103.53515625,103.53515625,4.0
2025-03-06 21:39:00+00:00,103.53515625,103.53515625,103.53515625,103.53515625,185.0
2025-03-06 21:40:00+00:00,103.53515625,103.53515625,103.53515625,103.53515625,592.0
2025-03-06 21:41:00+00:00,103.53515625,103.5390625,103.53125,103.53125,553.0
2025-03-06 21:42:00+00:00,103.53515625,103.5390625,103.53515625,103.5390625,424.0
2025-03-06 21:43:00+00:00,103.53515625,103.53515625,103.53515625,103.53515625,138.0
2025-03-06 21:44:00+00:00,103.53125,103.53125,103.53125,103.53125,133.0
2025-03-06 21:45:00+00:00,103.53125,103.53125,103.53125,103.53125,122.0
2025-03-06 21:46:00+00:00,103.53515625,103.53515625,103.53125,103.53125,771.0
2025-03-06 21:47:00+00:00,103.53515625,103.53515625,103.53515625,103.53515625,108.0
2025-03-06 21:48:00+00:00,103.53515625,103.53515625,103.53515625,103.53515625,166.0
2025-03-06 21:49:00+00:00,103.5390625,103.5390625,103.53515625,103.53515625,43.0
2025-03-06 21:51:00+00:00,103.5390625,103.5390625,103.53515625,103.5390625,766.0
2025-03-06 21:52:00+00:00,103.53515625,103.53515625,103.53515625,103.53515625,165.0
2025-03-06 21:53:00+00:00,103.5390625,103.5390625,103.53515625,103.53515625,72.0
2025-03-06 21:54:00+00:00,103.5390625,103.5390625,103.53515625,103.5390625,138.0
2025-03-06 21:55:00+00:00,103.53515625,103.53515625,103.53515625,103.53515625,460.0
2025-03-06 21:56:00+00:00,103.53515625,103.53515625,103.53515625,103.53515625,82.0
2025-03-06 21:57:00+00:00,103.53515625,103.5390625,103.53515625,103.53515625,967.0
2025-03-06 21:58:00+00:00,103.5390625,103.5390625,103.53515625,103.53515625,163.0
2025-03-06 21:59:00+00:00,103.5390625,103.5390625,103.53515625,103.5390625,0.0
2025-03-06 23:00:00+00:00,103.53515625,103.546875,103.53515625,103.5390625,818.0
2025-03-06 23:01:00+00:00,103.53515625,103.53515625,103.53125,103.53515625,86.0
2025-03-06 23:03:00+00:00,103.53515625,103.53515625,103.53515625,103.53515625,22.0
2025-03-06 23:04:00+00:00,103.5390625,103.5390625,103.5390625,103.5390625,82.0
2025-03-06 23:09:00+00:00,103.5390625,103.5390625,103.5390625,103.5390625,45.0
2025-03-06 23:10:00+00:00,103.53515625,103.53515625,103.53515625,103.53515625,27.0
2025-03-06 23:12:00+00:00,103.53515625,103.53515625,103.53515625,103.53515625,6.0
2025-03-06 23:17:00+00:00,103.5390625,103.5390625,103.5390625,103.5390625,23.0
2025-03-06 23:18:00+00:00,103.54296875,103.54296875,103.5390625,103.5390625,584.0
2025-03-06 23:19:00+00:00,103.54296875,103.54296875,103.54296875,103.54296875,643.0
2025-03-06 23:25:00+00:00,103.54296875,103.54296875,103.54296875,103.54296875,69.0
2025-03-06 23:26:00+00:00,103.5390625,103.5390625,103.5390625,103.5390625,215.0
2025-03-06 23:27:00+00:00,103.5390625,103.54296875,103.5390625,103.54296875,10.0
2025-03-06 23:29:00+00:00,103.54296875,103.54296875,103.54296875,103.54296875,50.0
2025-03-06 23:30:00+00:00,103.54296875,103.546875,103.54296875,103.54296875,202.0
2025-03-06 23:31:00+00:00,103.5390625,103.5390625,103.5390625,103.5390625,29.0
2025-03-06 23:34:00+00:00,103.5390625,103.5390625,103.5390625,103.5390625,444.0
2025-03-06 23:35:00+00:00,103.53515625,103.53515625,103.53515625,103.53515625,2.0
2025-03-06 23:37:00+00:00,103.53515625,103.53515625,103.53515625,103.53515625,47.0
2025-03-06 23:38:00+00:00,103.53515625,103.53515625,103.53515625,103.53515625,34.0
2025-03-06 23:39:00+00:00,103.53515625,103.5390625,103.53515625,103.5390625,173.0
2025-03-06 23:42:00+00:00,103.53125,103.53125,103.53125,103.53125,1157.0
2025-03-06 23:44:00+00:00,103.53125,103.53125,103.53125,103.53125,106.0
2025-03-06 23:45:00+00:00,103.53125,103.53125,103.53125,103.53125,25.0
2025-03-06 23:46:00+00:00,103.53515625,103.53515625,103.53515625,103.53515625,73.0
2025-03-06 23:48:00+00:00,103.53125,103.53125,103.53125,103.53125,18.0
2025-03-06 23:49:00+00:00,103.53125,103.53125,103.53125,103.53125,4.0
2025-03-06 23:53:00+00:00,103.52734375,103.52734375,103.52734375,103.52734375,212.0
2025-03-06 23:54:00+00:00,103.52734375,103.52734375,103.52734375,103.52734375,64.0
2025-03-06 23:56:00+00:00,103.52734375,103.52734375,103.52734375,103.52734375,327.0
2025-03-06 23:57:00+00:00,103.53125,103.53125,103.53125,103.53125,41.0
2025-03-06 23:58:00+00:00,103.53125,103.53125,103.53125,103.53125,148.0
2025-03-06 23:59:00+00:00,103.53515625,103.53515625,103.53125,103.53125,34.0
2025-03-07 00:00:00+00:00,103.53515625,103.53515625,103.53125,103.53125,269.0
2025-03-07 00:01:00+00:00,103.53515625,103.53515625,103.53515625,103.53515625,101.0
2025-03-07 00:02:00+00:00,103.53515625,103.53515625,103.53515625,103.53515625,26.0
2025-03-07 00:03:00+00:00,103.53515625,103.53515625,103.53515625,103.53515625,19.0
2025-03-07 00:05:00+00:00,103.53515625,103.53515625,103.53515625,103.53515625,71.0
2025-03-07 00:06:00+00:00,103.53515625,103.53515625,103.53515625,103.53515625,11.0
2025-03-07 00:07:00+00:00,103.53515625,103.53515625,103.53515625,103.53515625,92.0
2025-03-07 00:08:00+00:00,103.53125,103.53125,103.53125,103.53125,57.0
2025-03-07 00:10:00+00:00,103.53125,103.53125,103.53125,103.53125,137.0
2025-03-07 00:11:00+00:00,103.53515625,103.53515625,103.53125,103.53125,653.0
2025-03-07 00:12:00+00:00,103.53515625,103.53515625,103.53515625,103.53515625,1.0
2025-03-07 00:13:00+00:00,103.53515625,103.53515625,103.53515625,103.53515625,353.0
2025-03-07 00:14:00+00:00,103.53515625,103.53515625,103.53515625,103.53515625,50.0
2025-03-07 00:15:00+00:00,103.5390625,103.54296875,103.5390625,103.5390625,300.0
2025-03-07 00:16:00+00:00,103.5390625,103.54296875,103.5390625,103.5390625,63.0
2025-03-07 00:17:00+00:00,103.53515625,103.53515625,103.53515625,103.53515625,66.0
2025-03-07 00:18:00+00:00,103.5390625,103.5390625,103.5390625,103.5390625,1.0
2025-03-07 00:20:00+00:00,103.5390625,103.5390625,103.5390625,103.5390625,22.0
2025-03-07 00:22:00+00:00,103.5390625,103.5390625,103.53515625,103.53515625,195.0
2025-03-07 00:23:00+00:00,103.546875,103.546875,103.5390625,103.5390625,446.0
2025-03-07 00:24:00+00:00,103.546875,103.546875,103.546875,103.546875,136.0
2025-03-07 00:25:00+00:00,103.55859375,103.55859375,103.546875,103.546875,674.0
2025-03-07 00:26:00+00:00,103.56640625,103.5703125,103.55859375,103.55859375,638.0
2025-03-07 00:27:00+00:00,103.57421875,103.57421875,103.56640625,103.5703125,1517.0
2025-03-07 00:28:00+00:00,103.578125,103.58203125,103.57421875,103.57421875,606.0
2025-03-07 00:29:00+00:00,103.58203125,103.58203125,103.578125,103.578125,528.0
2025-03-07 00:30:00+00:00,103.58203125,103.58203125,103.578125,103.58203125,168.0
2025-03-07 00:31:00+00:00,103.578125,103.58203125,103.578125,103.58203125,78.0
2025-03-07 00:32:00+00:00,103.5703125,103.578125,103.5703125,103.578125,501.0
2025-03-07 00:33:00+00:00,103.5703125,103.5703125,103.5703125,103.5703125,23.0
2025-03-07 00:34:00+00:00,103.56640625,103.56640625,103.56640625,103.56640625,101.0
2025-03-07 00:36:00+00:00,103.56640625,103.56640625,103.56640625,103.56640625,332.0
2025-03-07 00:37:00+00:00,103.56640625,103.56640625,103.56640625,103.56640625,1.0
2025-03-07 00:38:00+00:00,103.56640625,103.56640625,103.56640625,103.56640625,103.0
2025-03-07 00:41:00+00:00,103.5625,103.56640625,103.5625,103.56640625,1023.0
2025-03-07 00:42:00+00:00,103.55859375,103.5625,103.55859375,103.5625,252.0
2025-03-07 00:43:00+00:00,103.55859375,103.55859375,103.55859375,103.55859375,107.0
2025-03-07 00:44:00+00:00,103.55859375,103.55859375,103.55859375,103.55859375,89.0
2025-03-07 00:45:00+00:00,103.55859375,103.55859375,103.55859375,103.55859375,38.0
2025-03-07 00:46:00+00:00,103.55859375,103.5625,103.55859375,103.55859375,102.0
2025-03-07 00:47:00+00:00,103.55859375,103.55859375,103.55859375,103.55859375,90.0
2025-03-07 00:48:00+00:00,103.55859375,103.55859375,103.55859375,103.55859375,8.0
2025-03-07 00:49:00+00:00,103.5625,103.5625,103.5625,103.5625,111.0
2025-03-07 00:50:00+00:00,103.5625,103.5625,103.5625,103.5625,19.0
2025-03-07 00:52:00+00:00,103.55859375,103.55859375,103.55859375,103.55859375,395.0
2025-03-07 00:54:00+00:00,103.5625,103.5625,103.5625,103.5625,247.0
2025-03-07 00:55:00+00:00,103.5703125,103.5703125,103.56640625,103.56640625,626.0
2025-03-07 00:56:00+00:00,103.5703125,103.5703125,103.5703125,103.5703125,59.0
2025-03-07 00:57:00+00:00,103.5703125,103.5703125,103.5703125,103.5703125,3.0
2025-03-07 00:58:00+00:00,103.578125,103.578125,103.57421875,103.57421875,239.0
2025-03-07 00:59:00+00:00,103.57421875,103.57421875,103.57421875,103.57421875,33.0
2025-03-07 01:00:00+00:00,103.578125,103.58203125,103.5703125,103.5703125,426.0
2025-03-07 01:01:00+00:00,103.57421875,103.57421875,103.57421875,103.57421875,17.0
2025-03-07 01:02:00+00:00,103.5703125,103.5703125,103.5703125,103.5703125,49.0
2025-03-07 01:03:00+00:00,103.5703125,103.5703125,103.5703125,103.5703125,32.0
2025-03-07 01:05:00+00:00,103.57421875,103.57421875,103.5703125,103.5703125,16.0
2025-03-07 01:06:00+00:00,103.5625,103.56640625,103.5625,103.56640625,265.0
2025-03-07 01:07:00+00:00,103.56640625,103.56640625,103.56640625,103.56640625,15.0
2025-03-07 01:08:00+00:00,103.56640625,103.56640625,103.5625,103.5625,16.0
2025-03-07 01:09:00+00:00,103.56640625,103.56640625,103.56640625,103.56640625,140.0
2025-03-07 01:10:00+00:00,103.5703125,103.5703125,103.56640625,103.56640625,52.0
2025-03-07 01:11:00+00:00,103.5703125,103.5703125,103.5703125,103.5703125,8.0
2025-03-07 01:12:00+00:00,103.57421875,103.57421875,103.57421875,103.57421875,326.0
2025-03-07 01:13:00+00:00,103.5703125,103.57421875,103.5703125,103.57421875,162.0
2025-03-07 01:14:00+00:00,103.5703125,103.5703125,103.5703125,103.5703125,10.0
2025-03-07 01:15:00+00:00,103.57421875,103.57421875,103.57421875,103.57421875,128.0
2025-03-07 01:16:00+00:00,103.57421875,103.57421875,103.57421875,103.57421875,4.0
2025-03-07 01:17:00+00:00,103.578125,103.578125,103.578125,103.578125,2.0
2025-03-07 01:18:00+00:00,103.57421875,103.57421875,103.57421875,103.57421875,10.0
2025-03-07 01:19:00+00:00,103.5703125,103.57421875,103.5703125,103.57421875,112.0
2025-03-07 01:20:00+00:00,103.5703125,103.5703125,103.5703125,103.5703125,99.0
2025-03-07 01:21:00+00:00,103.5703125,103.5703125,103.56640625,103.5703125,330.0
2025-03-07 01:22:00+00:00,103.5703125,103.5703125,103.5703125,103.5703125,33.0
2025-03-07 01:23:00+00:00,103.5703125,103.5703125,103.5703125,103.5703125,22.0
2025-03-07 01:24:00+00:00,103.56640625,103.5703125,103.56640625,103.5703125,391.0
2025-03-07 01:27:00+00:00,103.56640625,103.56640625,103.56640625,103.56640625,4.0
2025-03-07 01:28:00+00:00,103.5625,103.5625,103.5625,103.5625,617.0
2025-03-07 01:29:00+00:00,103.5625,103.5625,103.5625,103.5625,41.0
2025-03-07 01:30:00+00:00,103.5625,103.56640625,103.5625,103.56640625,139.0
2025-03-07 01:31:00+00:00,103.56640625,103.56640625,103.56640625,103.56640625,100.0
2025-03-07 01:32:00+00:00,103.56640625,103.56640625,103.56640625,103.56640625,38.0
2025-03-07 01:34:00+00:00,103.56640625,103.56640625,103.56640625,103.56640625,151.0
2025-03-07 01:35:00+00:00,103.5625,103.5625,103.5625,103.5625,53.0
2025-03-07 01:37:00+00:00,103.5625,103.56640625,103.5625,103.56640625,170.0
2025-03-07 01:38:00+00:00,103.5625,103.5625,103.5625,103.5625,187.0
2025-03-07 01:39:00+00:00,103.5625,103.5625,103.5625,103.5625,98.0
2025-03-07 01:42:00+00:00,103.5625,103.5625,103.5625,103.5625,104.0
2025-03-07 01:44:00+00:00,103.5625,103.5625,103.5625,103.5625,95.0
2025-03-07 01:46:00+00:00,103.56640625,103.56640625,103.56640625,103.56640625,118.0
2025-03-07 01:47:00+00:00,103.56640625,103.5703125,103.56640625,103.5703125,45.0
2025-03-07 01:48:00+00:00,103.5625,103.56640625,103.5625,103.56640625,53.0
2025-03-07 01:49:00+00:00,103.56640625,103.56640625,103.56640625,103.56640625,71.0
2025-03-07 01:50:00+00:00,103.56640625,103.56640625,103.56640625,103.56640625,23.0
2025-03-07 01:53:00+00:00,103.56640625,103.56640625,103.56640625,103.56640625,39.0
2025-03-07 01:54:00+00:00,103.56640625,103.56640625,103.56640625,103.56640625,42.0
2025-03-07 01:55:00+00:00,103.56640625,103.56640625,103.5625,103.56640625,117.0
2025-03-07 01:56:00+00:00,103.57421875,103.57421875,103.5703125,103.5703125,640.0
2025-03-07 01:58:00+00:00,103.5703125,103.578125,103.5703125,103.57421875,300.0
2025-03-07 01:59:00+00:00,103.5703125,103.5703125,103.5703125,103.5703125,182.0
2025-03-07 02:00:00+00:00,103.5703125,103.5703125,103.5703125,103.5703125,97.0
2025-03-07 02:01:00+00:00,103.5703125,103.5703125,103.56640625,103.5703125,68.0
2025-03-07 02:03:00+00:00,103.56640625,103.56640625,103.56640625,103.56640625,18.0
2025-03-07 02:04:00+00:00,103.56640625,103.56640625,103.56640625,103.56640625,126.0
2025-03-07 02:05:00+00:00,103.5625,103.56640625,103.5625,103.56640625,61.0
2025-03-07 02:06:00+00:00,103.5625,103.5625,103.5625,103.5625,256.0
2025-03-07 02:07:00+00:00,103.5625,103.5625,103.5625,103.5625,162.0
2025-03-07 02:08:00+00:00,103.5625,103.5625,103.5625,103.5625,311.0
2025-03-07 02:10:00+00:00,103.5703125,103.5703125,103.56640625,103.56640625,296.0
2025-03-07 02:12:00+00:00,103.57421875,103.57421875,103.57421875,103.57421875,47.0
2025-03-07 02:13:00+00:00,103.5703125,103.57421875,103.5703125,103.57421875,79.0
2025-03-07 02:15:00+00:00,103.5703125,103.5703125,103.56640625,103.56640625,59.0
2025-03-07 02:17:00+00:00,103.56640625,103.56640625,103.5625,103.56640625,236.0
2025-03-07 02:18:00+00:00,103.56640625,103.56640625,103.56640625,103.56640625,13.0
2025-03-07 02:22:00+00:00,103.5703125,103.5703125,103.5703125,103.5703125,188.0
2025-03-07 02:24:00+00:00,103.57421875,103.57421875,103.57421875,103.57421875,75.0
2025-03-07 02:26:00+00:00,103.57421875,103.57421875,103.57421875,103.57421875,45.0
2025-03-07 02:29:00+00:00,103.5703125,103.57421875,103.5703125,103.57421875,30.0
2025-03-07 02:31:00+00:00,103.58203125,103.58203125,103.57421875,103.57421875,700.0
2025-03-07 02:32:00+00:00,103.58203125,103.58203125,103.58203125,103.58203125,116.0
2025-03-07 02:33:00+00:00,103.58203125,103.58203125,103.58203125,103.58203125,217.0
2025-03-07 02:34:00+00:00,103.58203125,103.58203125,103.578125,103.578125,810.0
2025-03-07 02:35:00+00:00,103.5859375,103.5859375,103.58203125,103.58203125,234.0
2025-03-07 02:36:00+00:00,103.5859375,103.5859375,103.5859375,103.5859375,154.0
2025-03-07 02:37:00+00:00,103.58203125,103.58203125,103.58203125,103.58203125,204.0
2025-03-07 02:40:00+00:00,103.57421875,103.578125,103.57421875,103.578125,163.0
2025-03-07 02:42:00+00:00,103.578125,103.578125,103.578125,103.578125,43.0
2025-03-07 02:45:00+00:00,103.578125,103.578125,103.578125,103.578125,103.0
2025-03-07 02:47:00+00:00,103.57421875,103.57421875,103.57421875,103.57421875,245.0
2025-03-07 02:48:00+00:00,103.57421875,103.57421875,103.57421875,103.57421875,32.0
2025-03-07 02:49:00+00:00,103.57421875,103.57421875,103.57421875,103.57421875,150.0
2025-03-07 02:52:00+00:00,103.578125,103.578125,103.578125,103.578125,191.0
2025-03-07 02:53:00+00:00,103.578125,103.578125,103.578125,103.578125,534.0
2025-03-07 02:54:00+00:00,103.578125,103.578125,103.578125,103.578125,3.0
2025-03-07 02:57:00+00:00,103.578125,103.578125,103.578125,103.578125,48.0
2025-03-07 02:58:00+00:00,103.578125,103.578125,103.578125,103.578125,28.0
2025-03-07 03:00:00+00:00,103.58203125,103.58203125,103.58203125,103.58203125,160.0
2025-03-07 03:01:00+00:00,103.58984375,103.58984375,103.5859375,103.5859375,384.0
2025-03-07 03:02:00+00:00,103.58984375,103.58984375,103.58984375,103.58984375,2.0
2025-03-07 03:03:00+00:00,103.5859375,103.58984375,103.5859375,103.58984375,182.0
2025-03-07 03:04:00+00:00,103.58203125,103.5859375,103.58203125,103.5859375,143.0
2025-03-07 03:05:00+00:00,103.578125,103.58203125,103.578125,103.58203125,53.0
2025-03-07 03:07:00+00:00,103.578125,103.578125,103.578125,103.578125,124.0
2025-03-07 03:08:00+00:00,103.58203125,103.58203125,103.58203125,103.58203125,54.0
2025-03-07 03:09:00+00:00,103.58203125,103.58203125,103.58203125,103.58203125,39.0
2025-03-07 03:12:00+00:00,103.58203125,103.58203125,103.58203125,103.58203125,167.0
2025-03-07 03:13:00+00:00,103.58203125,103.58203125,103.58203125,103.58203125,26.0
2025-03-07 03:18:00+00:00,103.58203125,103.5859375,103.578125,103.5859375,1612.0
2025-03-07 03:23:00+00:00,103.5859375,103.5859375,103.5859375,103.5859375,33.0
2025-03-07 03:24:00+00:00,103.58203125,103.58203125,103.58203125,103.58203125,241.0
2025-03-07 03:27:00+00:00,103.5859375,103.5859375,103.5859375,103.5859375,28.0
2025-03-07 03:28:00+00:00,103.5859375,103.5859375,103.5859375,103.5859375,287.0
2025-03-07 03:29:00+00:00,103.5859375,103.5859375,103.5859375,103.5859375,66.0
2025-03-07 03:30:00+00:00,103.58984375,103.58984375,103.58984375,103.58984375,1.0
2025-03-07 03:31:00+00:00,103.5859375,103.5859375,103.5859375,103.5859375,90.0
2025-03-07 03:32:00+00:00,103.5859375,103.5859375,103.5859375,103.5859375,42.0
2025-03-07 03:34:00+00:00,103.58203125,103.5859375,103.58203125,103.5859375,22.0
2025-03-07 03:35:00+00:00,103.58203125,103.58203125,103.578125,103.58203125,1539.0
2025-03-07 03:36:00+00:00,103.58203125,103.58203125,103.578125,103.58203125,89.0
2025-03-07 03:37:00+00:00,103.578125,103.58203125,103.578125,103.58203125,130.0
2025-03-07 03:38:00+00:00,103.58203125,103.58203125,103.58203125,103.58203125,109.0
2025-03-07 03:39:00+00:00,103.5859375,103.5859375,103.5859375,103.5859375,23.0
2025-03-07 03:40:00+00:00,103.5859375,103.5859375,103.5859375,103.5859375,124.0
2025-03-07 03:41:00+00:00,103.58203125,103.5859375,103.58203125,103.5859375,5.0
2025-03-07 03:43:00+00:00,103.58203125,103.5859375,103.58203125,103.5859375,41.0
2025-03-07 03:44:00+00:00,103.58203125,103.58203125,103.58203125,103.58203125,25.0
2025-03-07 03:45:00+00:00,103.5859375,103.5859375,103.58203125,103.58203125,32.0
2025-03-07 03:46:00+00:00,103.5859375,103.5859375,103.5859375,103.5859375,35.0
2025-03-07 03:47:00+00:00,103.58203125,103.58203125,103.58203125,103.58203125,176.0
2025-03-07 03:48:00+00:00,103.5859375,103.5859375,103.58203125,103.58203125,396.0
2025-03-07 03:49:00+00:00,103.5859375,103.5859375,103.5859375,103.5859375,8.0
2025-03-07 03:50:00+00:00,103.58984375,103.58984375,103.58984375,103.58984375,100.0
2025-03-07 03:51:00+00:00,103.5859375,103.58984375,103.5859375,103.58984375,65.0
2025-03-07 03:54:00+00:00,103.5859375,103.5859375,103.58203125,103.58203125,2.0
2025-03-07 03:56:00+00:00,103.58203125,103.58203125,103.58203125,103.58203125,85.0
2025-03-07 03:57:00+00:00,103.58203125,103.58203125,103.58203125,103.58203125,40.0
2025-03-07 04:01:00+00:00,103.5859375,103.5859375,103.5859375,103.5859375,725.0
2025-03-07 04:04:00+00:00,103.578125,103.578125,103.578125,103.578125,186.0
2025-03-07 04:05:00+00:00,103.578125,103.578125,103.578125,103.578125,185.0
2025-03-07 04:06:00+00:00,103.578125,103.578125,103.578125,103.578125,1.0
2025-03-07 04:07:00+00:00,103.578125,103.578125,103.578125,103.578125,72.0
2025-03-07 04:10:00+00:00,103.58203125,103.58203125,103.58203125,103.58203125,10.0
2025-03-07 04:11:00+00:00,103.58203125,103.58203125,103.58203125,103.58203125,651.0
2025-03-07 04:14:00+00:00,103.578125,103.578125,103.578125,103.578125,10.0
2025-03-07 04:22:00+00:00,103.578125,103.578125,103.578125,103.578125,113.0
2025-03-07 04:23:00+00:00,103.57421875,103.57421875,103.57421875,103.57421875,79.0
2025-03-07 04:25:00+00:00,103.57421875,103.57421875,103.57421875,103.57421875,85.0
2025-03-07 04:28:00+00:00,103.57421875,103.57421875,103.57421875,103.57421875,69.0
2025-03-07 04:29:00+00:00,103.57421875,103.57421875,103.57421875,103.57421875,2.0
2025-03-07 04:32:00+00:00,103.57421875,103.57421875,103.57421875,103.57421875,20.0
2025-03-07 04:35:00+00:00,103.57421875,103.57421875,103.57421875,103.57421875,155.0
2025-03-07 04:37:00+00:00,103.57421875,103.57421875,103.57421875,103.57421875,46.0
2025-03-07 04:40:00+00:00,103.578125,103.578125,103.57421875,103.57421875,64.0
2025-03-07 04:41:00+00:00,103.578125,103.578125,103.57421875,103.57421875,169.0
2025-03-07 04:45:00+00:00,103.578125,103.578125,103.578125,103.578125,91.0
2025-03-07 04:47:00+00:00,103.578125,103.578125,103.578125,103.578125,9.0
2025-03-07 04:50:00+00:00,103.58203125,103.58203125,103.578125,103.578125,6.0
2025-03-07 04:52:00+00:00,103.58203125,103.58203125,103.58203125,103.58203125,163.0
2025-03-07 04:56:00+00:00,103.58203125,103.58203125,103.58203125,103.58203125,35.0
2025-03-07 04:57:00+00:00,103.578125,103.578125,103.578125,103.578125,63.0
2025-03-07 05:01:00+00:00,103.578125,103.58203125,103.578125,103.58203125,10.0
2025-03-07 05:03:00+00:00,103.578125,103.578125,103.578125,103.578125,56.0
2025-03-07 05:04:00+00:00,103.58203125,103.58203125,103.58203125,103.58203125,102.0
2025-03-07 05:05:00+00:00,103.5859375,103.5859375,103.5859375,103.5859375,155.0
2025-03-07 05:06:00+00:00,103.5859375,103.5859375,103.5859375,103.5859375,140.0
2025-03-07 05:07:00+00:00,103.5859375,103.5859375,103.5859375,103.5859375,171.0
2025-03-07 05:08:00+00:00,103.58984375,103.58984375,103.58984375,103.58984375,308.0
2025-03-07 05:09:00+00:00,103.58984375,103.58984375,103.58984375,103.58984375,10.0
2025-03-07 05:10:00+00:00,103.59375,103.59375,103.58984375,103.58984375,81.0
2025-03-07 05:11:00+00:00,103.58984375,103.58984375,103.58984375,103.58984375,58.0
2025-03-07 05:13:00+00:00,103.5859375,103.5859375,103.5859375,103.5859375,109.0
2025-03-07 05:14:00+00:00,103.58203125,103.58203125,103.58203125,103.58203125,130.0
2025-03-07 05:15:00+00:00,103.58203125,103.58203125,103.58203125,103.58203125,105.0
2025-03-07 05:16:00+00:00,103.58203125,103.58203125,103.58203125,103.58203125,42.0
2025-03-07 05:17:00+00:00,103.578125,103.58203125,103.578125,103.58203125,133.0
2025-03-07 05:22:00+00:00,103.578125,103.578125,103.578125,103.578125,125.0
2025-03-07 05:26:00+00:00,103.58203125,103.58203125,103.578125,103.578125,53.0
2025-03-07 05:27:00+00:00,103.578125,103.578125,103.57421875,103.578125,202.0
2025-03-07 05:28:00+00:00,103.578125,103.578125,103.578125,103.578125,132.0
2025-03-07 05:29:00+00:00,103.578125,103.578125,103.578125,103.578125,37.0
2025-03-07 05:30:00+00:00,103.578125,103.578125,103.57421875,103.578125,64.0
2025-03-07 05:31:00+00:00,103.578125,103.578125,103.578125,103.578125,5.0
2025-03-07 05:33:00+00:00,103.578125,103.58203125,103.578125,103.578125,73.0
2025-03-07 05:37:00+00:00,103.578125,103.578125,103.578125,103.578125,39.0
2025-03-07 05:40:00+00:00,103.58203125,103.58203125,103.58203125,103.58203125,20.0
2025-03-07 05:41:00+00:00,103.5859375,103.5859375,103.5859375,103.5859375,14.0
2025-03-07 05:42:00+00:00,103.58203125,103.58203125,103.58203125,103.58203125,52.0
2025-03-07 05:45:00+00:00,103.58984375,103.59375,103.5859375,103.5859375,1879.0
2025-03-07 05:46:00+00:00,103.58984375,103.58984375,103.58984375,103.58984375,134.0
2025-03-07 05:47:00+00:00,103.58984375,103.58984375,103.58984375,103.58984375,37.0
2025-03-07 05:49:00+00:00,103.59375,103.59375,103.59375,103.59375,201.0
2025-03-07 05:51:00+00:00,103.59375,103.59375,103.59375,103.59375,12.0
2025-03-07 05:52:00+00:00,103.59375,103.59375,103.59375,103.59375,56.0
2025-03-07 05:53:00+00:00,103.59765625,103.59765625,103.59375,103.59375,334.0
2025-03-07 05:54:00+00:00,103.59375,103.59765625,103.59375,103.59375,160.0
2025-03-07 05:55:00+00:00,103.59375,103.59375,103.59375,103.59375,58.0
2025-03-07 05:56:00+00:00,103.59375,103.59375,103.59375,103.59375,194.0
2025-03-07 06:00:00+00:00,103.59375,103.59375,103.58984375,103.59375,44.0
2025-03-07 06:02:00+00:00,103.59375,103.59375,103.59375,103.59375,31.0
2025-03-07 06:03:00+00:00,103.59375,103.59375,103.59375,103.59375,119.0
2025-03-07 06:05:00+00:00,103.59375,103.59375,103.59375,103.59375,74.0
2025-03-07 06:08:00+00:00,103.58984375,103.59375,103.58984375,103.58984375,396.0
2025-03-07 06:09:00+00:00,103.5859375,103.5859375,103.5859375,103.5859375,160.0
2025-03-07 06:10:00+00:00,103.5859375,103.5859375,103.5859375,103.5859375,13.0
2025-03-07 06:14:00+00:00,103.5859375,103.5859375,103.5859375,103.5859375,9.0
2025-03-07 06:15:00+00:00,103.5859375,103.58984375,103.5859375,103.5859375,239.0
2025-03-07 06:16:00+00:00,103.5859375,103.5859375,103.5859375,103.5859375,172.0
2025-03-07 06:18:00+00:00,103.5859375,103.58984375,103.5859375,103.5859375,189.0
2025-03-07 06:20:00+00:00,103.5859375,103.5859375,103.5859375,103.5859375,77.0
2025-03-07 06:21:00+00:00,103.5859375,103.5859375,103.5859375,103.5859375,24.0
2025-03-07 06:23:00+00:00,103.58203125,103.5859375,103.58203125,103.58203125,306.0
2025-03-07 06:24:00+00:00,103.5859375,103.5859375,103.58203125,103.58203125,69.0
2025-03-07 06:25:00+00:00,103.5859375,103.5859375,103.58203125,103.5859375,850.0
2025-03-07 06:26:00+00:00,103.5859375,103.5859375,103.5859375,103.5859375,3.0
2025-03-07 06:29:00+00:00,103.5859375,103.5859375,103.5859375,103.5859375,36.0
2025-03-07 06:31:00+00:00,103.59375,103.59375,103.58984375,103.58984375,242.0
2025-03-07 06:32:00+00:00,103.58984375,103.58984375,103.58984375,103.58984375,127.0
2025-03-07 06:38:00+00:00,103.59375,103.59375,103.59375,103.59375,672.0
2025-03-07 06:39:00+00:00,103.59375,103.59375,103.58984375,103.58984375,710.0
2025-03-07 06:41:00+00:00,103.59375,103.59375,103.59375,103.59375,254.0
2025-03-07 06:43:00+00:00,103.58984375,103.58984375,103.58984375,103.58984375,151.0
2025-03-07 06:47:00+00:00,103.58984375,103.59375,103.58984375,103.58984375,121.0
2025-03-07 06:48:00+00:00,103.59375,103.59375,103.59375,103.59375,155.0
2025-03-07 06:49:00+00:00,103.59765625,103.59765625,103.59765625,103.59765625,24.0
2025-03-07 06:50:00+00:00,103.59765625,103.59765625,103.59765625,103.59765625,240.0
2025-03-07 06:51:00+00:00,103.59375,103.59375,103.59375,103.59375,7.0
2025-03-07 06:53:00+00:00,103.58984375,103.59375,103.58984375,103.59375,881.0
2025-03-07 06:54:00+00:00,103.58984375,103.58984375,103.58984375,103.58984375,15.0
2025-03-07 06:57:00+00:00,103.59375,103.59375,103.59375,103.59375,288.0
2025-03-07 06:58:00+00:00,103.58984375,103.59375,103.58984375,103.59375,376.0
2025-03-07 06:59:00+00:00,103.58984375,103.58984375,103.58984375,103.58984375,21.0
2025-03-07 07:00:00+00:00,103.58203125,103.58984375,103.578125,103.58984375,1201.0
2025-03-07 07:01:00+00:00,103.58203125,103.58203125,103.578125,103.58203125,621.0
2025-03-07 07:02:00+00:00,103.5859375,103.5859375,103.58203125,103.58203125,156.0
2025-03-07 07:03:00+00:00,103.58203125,103.5859375,103.58203125,103.5859375,517.0
2025-03-07 07:04:00+00:00,103.58203125,103.5859375,103.578125,103.58203125,114.0
2025-03-07 07:05:00+00:00,103.58203125,103.58203125,103.58203125,103.58203125,145.0
2025-03-07 07:06:00+00:00,103.578125,103.578125,103.578125,103.578125,413.0
2025-03-07 07:07:00+00:00,103.578125,103.58203125,103.57421875,103.578125,68.0
2025-03-07 07:08:00+00:00,103.578125,103.578125,103.578125,103.578125,61.0
2025-03-07 07:10:00+00:00,103.578125,103.58203125,103.578125,103.58203125,8.0
2025-03-07 07:11:00+00:00,103.578125,103.58203125,103.57421875,103.58203125,793.0
2025-03-07 07:12:00+00:00,103.57421875,103.578125,103.57421875,103.578125,497.0
2025-03-07 07:13:00+00:00,103.58203125,103.58203125,103.57421875,103.57421875,440.0
2025-03-07 07:14:00+00:00,103.58203125,103.58203125,103.58203125,103.58203125,444.0
2025-03-07 07:15:00+00:00,103.578125,103.58203125,103.578125,103.58203125,478.0
2025-03-07 07:16:00+00:00,103.58203125,103.58203125,103.58203125,103.58203125,6.0
2025-03-07 07:17:00+00:00,103.578125,103.58203125,103.578125,103.58203125,360.0
2025-03-07 07:18:00+00:00,103.57421875,103.578125,103.57421875,103.578125,290.0
2025-03-07 07:19:00+00:00,103.58203125,103.58203125,103.578125,103.578125,106.0
2025-03-07 07:20:00+00:00,103.578125,103.58203125,103.578125,103.58203125,233.0
2025-03-07 07:22:00+00:00,103.578125,103.578125,103.57421875,103.578125,304.0
2025-03-07 07:24:00+00:00,103.57421875,103.57421875,103.57421875,103.57421875,28.0
2025-03-07 07:25:00+00:00,103.5703125,103.57421875,103.5703125,103.57421875,673.0
2025-03-07 07:26:00+00:00,103.5625,103.56640625,103.5625,103.56640625,1176.0
2025-03-07 07:27:00+00:00,103.5625,103.5625,103.5625,103.5625,799.0
2025-03-07 07:28:00+00:00,103.5546875,103.5625,103.55078125,103.5625,848.0
2025-03-07 07:30:00+00:00,103.5625,103.5625,103.55859375,103.55859375,78.0
2025-03-07 07:31:00+00:00,103.5625,103.5625,103.5625,103.5625,492.0
2025-03-07 07:32:00+00:00,103.5625,103.5625,103.5625,103.5625,443.0
2025-03-07 07:33:00+00:00,103.55859375,103.5625,103.55859375,103.5625,189.0
2025-03-07 07:34:00+00:00,103.55859375,103.55859375,103.55859375,103.55859375,36.0
2025-03-07 07:35:00+00:00,103.5546875,103.55859375,103.5546875,103.55859375,220.0
2025-03-07 07:36:00+00:00,103.5546875,103.5546875,103.5546875,103.5546875,444.0
2025-03-07 07:37:00+00:00,103.55859375,103.55859375,103.55859375,103.55859375,216.0
2025-03-07 07:38:00+00:00,103.5625,103.5625,103.55859375,103.5625,297.0
2025-03-07 07:39:00+00:00,103.5625,103.5625,103.5625,103.5625,230.0
2025-03-07 07:40:00+00:00,103.5625,103.5625,103.5625,103.5625,38.0
2025-03-07 07:41:00+00:00,103.5625,103.5625,103.5625,103.5625,308.0
2025-03-07 07:42:00+00:00,103.5625,103.56640625,103.5625,103.5625,118.0
2025-03-07 07:43:00+00:00,103.5625,103.5625,103.55859375,103.55859375,197.0
2025-03-07 07:44:00+00:00,103.5625,103.5625,103.5625,103.5625,167.0
2025-03-07 07:45:00+00:00,103.5546875,103.5625,103.5546875,103.5625,190.0
2025-03-07 07:46:00+00:00,103.5546875,103.5546875,103.5546875,103.5546875,30.0
2025-03-07 07:51:00+00:00,103.55859375,103.55859375,103.55859375,103.55859375,144.0
2025-03-07 07:52:00+00:00,103.5546875,103.5625,103.5546875,103.5625,1980.0
2025-03-07 07:53:00+00:00,103.55078125,103.5546875,103.546875,103.5546875,2732.0
2025-03-07 07:54:00+00:00,103.5546875,103.5546875,103.55078125,103.55078125,1459.0
2025-03-07 07:55:00+00:00,103.5546875,103.5546875,103.5546875,103.5546875,438.0
2025-03-07 07:56:00+00:00,103.55078125,103.55078125,103.55078125,103.55078125,1562.0
2025-03-07 07:57:00+00:00,103.54296875,103.546875,103.54296875,103.546875,655.0
2025-03-07 07:58:00+00:00,103.55078125,103.55078125,103.54296875,103.54296875,682.0
2025-03-07 07:59:00+00:00,103.546875,103.546875,103.54296875,103.546875,337.0
2025-03-07 08:00:00+00:00,103.54296875,103.54296875,103.5390625,103.54296875,866.0
2025-03-07 08:01:00+00:00,103.54296875,103.546875,103.54296875,103.546875,275.0
2025-03-07 08:02:00+00:00,103.54296875,103.54296875,103.5390625,103.54296875,252.0
2025-03-07 08:03:00+00:00,103.54296875,103.54296875,103.54296875,103.54296875,513.0
2025-03-07 08:04:00+00:00,103.54296875,103.54296875,103.54296875,103.54296875,65.0
2025-03-07 08:05:00+00:00,103.5390625,103.546875,103.5390625,103.546875,170.0
2025-03-07 08:06:00+00:00,103.54296875,103.54296875,103.5390625,103.5390625,156.0
2025-03-07 08:07:00+00:00,103.54296875,103.546875,103.54296875,103.546875,127.0
2025-03-07 08:08:00+00:00,103.54296875,103.54296875,103.5390625,103.5390625,47.0
2025-03-07 08:09:00+00:00,103.54296875,103.546875,103.54296875,103.54296875,590.0
2025-03-07 08:10:00+00:00,103.546875,103.55078125,103.546875,103.546875,244.0
2025-03-07 08:11:00+00:00,103.55078125,103.55078125,103.546875,103.55078125,185.0
2025-03-07 08:12:00+00:00,103.55078125,103.55078125,103.55078125,103.55078125,669.0
2025-03-07 08:13:00+00:00,103.546875,103.55078125,103.546875,103.546875,538.0
2025-03-07 08:14:00+00:00,103.54296875,103.546875,103.54296875,103.546875,137.0
2025-03-07 08:15:00+00:00,103.546875,103.546875,103.54296875,103.546875,239.0
2025-03-07 08:16:00+00:00,103.55078125,103.55078125,103.546875,103.546875,55.0
2025-03-07 08:17:00+00:00,103.546875,103.546875,103.546875,103.546875,39.0
2025-03-07 08:18:00+00:00,103.55078125,103.55078125,103.55078125,103.55078125,627.0
2025-03-07 08:19:00+00:00,103.546875,103.55078125,103.546875,103.55078125,1283.0
2025-03-07 08:20:00+00:00,103.34375,103.55078125,103.34375,103.55078125,0.0
2025-03-07 08:21:00+00:00,103.55078125,103.55078125,103.55078125,103.55078125,85919.0
2025-03-07 08:22:00+00:00,103.55078125,103.55078125,103.546875,103.55078125,2130.0
2025-03-07 08:23:00+00:00,103.546875,103.55078125,103.546875,103.55078125,280.0
2025-03-07 08:25:00+00:00,103.546875,103.546875,103.546875,103.546875,1158.0
2025-03-07 08:26:00+00:00,103.546875,103.546875,103.546875,103.546875,1014.0
2025-03-07 08:27:00+00:00,103.54296875,103.54296875,103.54296875,103.54296875,228.0
2025-03-07 08:28:00+00:00,103.5390625,103.54296875,103.5390625,103.54296875,753.0
2025-03-07 08:29:00+00:00,103.54296875,103.546875,103.54296875,103.54296875,383.0
2025-03-07 08:30:00+00:00,103.54296875,103.54296875,103.54296875,103.54296875,102.0
2025-03-07 08:31:00+00:00,103.54296875,103.54296875,103.54296875,103.54296875,266.0
2025-03-07 08:32:00+00:00,103.546875,103.546875,103.546875,103.546875,56.0
2025-03-07 08:33:00+00:00,103.546875,103.546875,103.546875,103.546875,197.0
2025-03-07 08:34:00+00:00,103.55078125,103.55078125,103.546875,103.546875,139.0
2025-03-07 08:35:00+00:00,103.55078125,103.55078125,103.55078125,103.55078125,599.0
2025-03-07 08:36:00+00:00,103.55078125,103.55078125,103.55078125,103.55078125,1034.0
2025-03-07 08:37:00+00:00,103.55078125,103.55078125,103.55078125,103.55078125,812.0
2025-03-07 08:38:00+00:00,103.55078125,103.55078125,103.546875,103.55078125,1359.0
2025-03-07 08:39:00+00:00,103.55078125,103.55078125,103.55078125,103.55078125,277.0
2025-03-07 08:40:00+00:00,103.55859375,103.55859375,103.55078125,103.55078125,5120.0
2025-03-07 08:41:00+00:00,103.55859375,103.55859375,103.5546875,103.5546875,2216.0
2025-03-07 08:42:00+00:00,103.55859375,103.5625,103.5546875,103.55859375,1166.0
2025-03-07 08:43:00+00:00,103.5625,103.5625,103.55859375,103.55859375,995.0
2025-03-07 08:44:00+00:00,103.55859375,103.56640625,103.55859375,103.5625,1460.0
2025-03-07 08:45:00+00:00,103.55859375,103.5625,103.55859375,103.55859375,143.0
2025-03-07 08:46:00+00:00,103.55859375,103.5625,103.55859375,103.55859375,575.0
2025-03-07 08:47:00+00:00,103.55859375,103.55859375,103.55859375,103.55859375,23.0
2025-03-07 08:48:00+00:00,103.55859375,103.55859375,103.55859375,103.55859375,12.0
2025-03-07 08:49:00+00:00,103.55859375,103.55859375,103.5546875,103.5546875,402.0
2025-03-07 08:50:00+00:00,103.5625,103.5625,103.55859375,103.55859375,198.0
2025-03-07 08:51:00+00:00,103.56640625,103.56640625,103.56640625,103.56640625,32.0
2025-03-07 08:52:00+00:00,103.56640625,103.56640625,103.56640625,103.56640625,56.0
2025-03-07 08:53:00+00:00,103.56640625,103.5703125,103.56640625,103.56640625,301.0
2025-03-07 08:54:00+00:00,103.56640625,103.5703125,103.56640625,103.56640625,141.0
2025-03-07 08:56:00+00:00,103.56640625,103.56640625,103.56640625,103.56640625,28.0
2025-03-07 08:57:00+00:00,103.5625,103.56640625,103.5625,103.5625,368.0
2025-03-07 08:58:00+00:00,103.5625,103.56640625,103.5625,103.5625,98.0
2025-03-07 08:59:00+00:00,103.56640625,103.56640625,103.5625,103.56640625,176.0
2025-03-07 09:00:00+00:00,103.56640625,103.5703125,103.5625,103.5625,263.0
2025-03-07 09:01:00+00:00,103.56640625,103.5703125,103.56640625,103.56640625,255.0
2025-03-07 09:02:00+00:00,103.5625,103.56640625,103.5625,103.56640625,98.0
2025-03-07 09:03:00+00:00,103.5546875,103.55859375,103.5546875,103.55859375,165.0
2025-03-07 09:04:00+00:00,103.5546875,103.5546875,103.5546875,103.5546875,16.0
2025-03-07 09:05:00+00:00,103.5546875,103.5546875,103.55078125,103.5546875,703.0
2025-03-07 09:06:00+00:00,103.55859375,103.55859375,103.5546875,103.5546875,496.0
2025-03-07 09:07:00+00:00,103.55078125,103.5546875,103.55078125,103.5546875,242.0
2025-03-07 09:08:00+00:00,103.5546875,103.5546875,103.5546875,103.5546875,64.0
2025-03-07 09:20:00+00:00,103.5390625,103.5390625,103.53515625,103.53900146484375,3934.0
2025-03-07 09:21:00+00:00,103.5390625,103.54296875,103.5390625,103.5390625,181.0
2025-03-07 09:22:00+00:00,103.54296875,103.54296875,103.53515625,103.53515625,55.0
2025-03-07 09:23:00+00:00,103.546875,103.546875,103.5390625,103.5390625,526.0
2025-03-07 09:24:00+00:00,103.54296875,103.546875,103.54296875,103.54296875,244.0
2025-03-07 09:25:00+00:00,103.54296875,103.546875,103.54296875,103.54296875,63.0
2025-03-07 09:26:00+00:00,103.54296875,103.546875,103.54296875,103.54296875,47.0
2025-03-07 09:27:00+00:00,103.546875,103.546875,103.54296875,103.54296875,127.0
2025-03-07 09:28:00+00:00,103.546875,103.546875,103.546875,103.546875,270.0
2025-03-07 09:29:00+00:00,103.546875,103.546875,103.546875,103.546875,356.0
2025-03-07 09:30:00+00:00,103.546875,103.55078125,103.54296875,103.546875,624.0
2025-03-07 09:31:00+00:00,103.546875,103.55078125,103.54296875,103.546875,778.0
2025-03-07 09:32:00+00:00,103.546875,103.546875,103.54296875,103.546875,329.0
2025-03-07 09:33:00+00:00,103.54296875,103.546875,103.54296875,103.546875,120.0
2025-03-07 09:34:00+00:00,103.546875,103.55078125,103.54296875,103.546875,146.0
2025-03-07 09:35:00+00:00,103.55078125,103.55078125,103.546875,103.546875,256.0
2025-03-07 09:36:00+00:00,103.546875,103.55078125,103.546875,103.546875,137.0
2025-03-07 09:37:00+00:00,103.546875,103.55078125,103.546875,103.546875,117.0
2025-03-07 09:38:00+00:00,103.55078125,103.55078125,103.546875,103.546875,79.0
2025-03-07 09:39:00+00:00,103.55078125,103.55078125,103.55078125,103.55078125,64.0
2025-03-07 09:40:00+00:00,103.55078125,103.5546875,103.55078125,103.55078125,125.0
2025-03-07 09:41:00+00:00,103.5546875,103.5546875,103.55078125,103.55078125,141.0
2025-03-07 09:43:00+00:00,103.546875,103.55078125,103.546875,103.546875,502.0
2025-03-07 09:44:00+00:00,103.55078125,103.55078125,103.546875,103.546875,507.0
2025-03-07 09:45:00+00:00,103.55078125,103.55078125,103.55078125,103.55078125,23.0
2025-03-07 09:46:00+00:00,103.55078125,103.55078125,103.546875,103.55078125,285.0
2025-03-07 09:47:00+00:00,103.546875,103.55078125,103.546875,103.55078125,188.0
2025-03-07 09:48:00+00:00,103.54296875,103.546875,103.54296875,103.546875,285.0
2025-03-07 09:49:00+00:00,103.546875,103.55078125,103.546875,103.546875,526.0
2025-03-07 09:50:00+00:00,103.54296875,103.546875,103.54296875,103.546875,256.0
2025-03-07 09:51:00+00:00,103.55078125,103.55078125,103.546875,103.546875,197.0
2025-03-07 09:52:00+00:00,103.546875,103.55078125,103.54296875,103.55078125,340.0
2025-03-07 09:53:00+00:00,103.5390625,103.546875,103.5390625,103.54296875,401.0
2025-03-07 09:54:00+00:00,103.54296875,103.54296875,103.5390625,103.5390625,469.0
2025-03-07 09:55:00+00:00,103.54296875,103.54296875,103.54296875,103.54296875,1352.0
2025-03-07 09:56:00+00:00,103.5390625,103.54296875,103.5390625,103.54296875,259.0
2025-03-07 09:57:00+00:00,103.54296875,103.546875,103.54296875,103.54296875,420.0
2025-03-07 09:58:00+00:00,103.5390625,103.54296875,103.5390625,103.54296875,358.0
2025-03-07 10:00:00+00:00,103.53515625,103.54296875,103.53515625,103.5390625,989.0
2025-03-07 10:01:00+00:00,103.53515625,103.5390625,103.53515625,103.5390625,377.0
2025-03-07 10:02:00+00:00,103.53515625,103.5390625,103.53515625,103.53515625,153.0
2025-03-07 10:03:00+00:00,103.53515625,103.5390625,103.53515625,103.5390625,352.0
2025-03-07 10:04:00+00:00,103.53515625,103.5390625,103.53515625,103.53515625,159.0
2025-03-07 10:05:00+00:00,103.53515625,103.53515625,103.53515625,103.53515625,117.0
2025-03-07 10:06:00+00:00,103.53515625,103.5390625,103.53125,103.53125,415.0
2025-03-07 10:07:00+00:00,103.53515625,103.5390625,103.53515625,103.5390625,83.0
2025-03-07 10:08:00+00:00,103.53515625,103.5390625,103.53515625,103.53515625,198.0
2025-03-07 10:09:00+00:00,103.53515625,103.5390625,103.53515625,103.5390625,460.0
2025-03-07 10:12:00+00:00,103.53515625,103.5390625,103.53515625,103.53515625,647.0
2025-03-07 10:13:00+00:00,103.5390625,103.5390625,103.53515625,103.53515625,414.0
2025-03-07 10:14:00+00:00,103.5390625,103.5390625,103.53515625,103.5390625,78.0
2025-03-07 10:15:00+00:00,103.5390625,103.5390625,103.53515625,103.5390625,376.0
2025-03-07 10:16:00+00:00,103.5390625,103.54296875,103.5390625,103.5390625,113.0
2025-03-07 10:17:00+00:00,103.54296875,103.54296875,103.53515625,103.5390625,2223.0
2025-03-07 10:18:00+00:00,103.53515625,103.54296875,103.53515625,103.54296875,132.0
2025-03-07 10:19:00+00:00,103.54296875,103.54296875,103.5390625,103.5390625,58.0
2025-03-07 10:20:00+00:00,103.54296875,103.54296875,103.54296875,103.54296875,20.0
2025-03-07 10:21:00+00:00,103.54296875,103.54296875,103.5390625,103.54296875,1363.0
2025-03-07 10:22:00+00:00,103.546875,103.546875,103.5390625,103.5390625,823.0
2025-03-07 10:23:00+00:00,103.546875,103.546875,103.54296875,103.54296875,399.0
2025-03-07 10:24:00+00:00,103.5390625,103.546875,103.5390625,103.546875,496.0
2025-03-07 10:25:00+00:00,103.546875,103.546875,103.5390625,103.54296875,1096.0
2025-03-07 10:26:00+00:00,103.546875,103.55078125,103.546875,103.55078125,189.0
2025-03-07 10:27:00+00:00,103.55078125,103.55078125,103.546875,103.546875,218.0
2025-03-07 10:28:00+00:00,103.55078125,103.55078125,103.546875,103.546875,999.0
2025-03-07 10:29:00+00:00,103.5546875,103.5546875,103.55078125,103.55078125,485.0
2025-03-07 10:30:00+00:00,103.55078125,103.5546875,103.546875,103.55078125,146.0
2025-03-07 10:31:00+00:00,103.55078125,103.55078125,103.546875,103.546875,56.0
2025-03-07 10:32:00+00:00,103.546875,103.55078125,103.546875,103.55078125,61.0
2025-03-07 10:33:00+00:00,103.54296875,103.546875,103.54296875,103.546875,315.0
2025-03-07 10:34:00+00:00,103.54296875,103.546875,103.54296875,103.54296875,516.0
2025-03-07 10:35:00+00:00,103.54296875,103.546875,103.54296875,103.54296875,1497.0
2025-03-07 10:36:00+00:00,103.546875,103.546875,103.546875,103.546875,235.0
2025-03-07 10:37:00+00:00,103.546875,103.546875,103.546875,103.546875,95.0
2025-03-07 10:38:00+00:00,103.55078125,103.55078125,103.55078125,103.55078125,305.0
2025-03-07 10:39:00+00:00,103.5546875,103.5546875,103.55078125,103.55078125,261.0
2025-03-07 10:40:00+00:00,103.5546875,103.5546875,103.55078125,103.55078125,347.0
2025-03-07 10:41:00+00:00,103.5546875,103.5546875,103.55078125,103.55078125,118.0
2025-03-07 10:42:00+00:00,103.55078125,103.5546875,103.55078125,103.55078125,40.0
2025-03-07 10:43:00+00:00,103.55078125,103.5546875,103.55078125,103.55078125,191.0
2025-03-07 10:44:00+00:00,103.55078125,103.55078125,103.546875,103.55078125,2272.0
2025-03-07 10:47:00+00:00,103.55078125,103.55078125,103.55078125,103.55078125,221.0
2025-03-07 10:48:00+00:00,103.55078125,103.55078125,103.55078125,103.55078125,43.0
2025-03-07 10:53:00+00:00,103.5546875,103.55859375,103.55078125,103.5546875,1433.0
2025-03-07 10:54:00+00:00,103.5546875,103.55859375,103.5546875,103.5546875,575.0
2025-03-07 10:55:00+00:00,103.5546875,103.5546875,103.5546875,103.5546875,111.0
2025-03-07 10:56:00+00:00,103.5546875,103.5546875,103.5546875,103.5546875,230.0
2025-03-07 10:57:00+00:00,103.55859375,103.55859375,103.5546875,103.5546875,31.0
2025-03-07 10:58:00+00:00,103.55859375,103.55859375,103.55859375,103.55859375,3.0
2025-03-07 10:59:00+00:00,103.55859375,103.55859375,103.5546875,103.5546875,2714.0
2025-03-07 11:00:00+00:00,103.5546875,103.5546875,103.5546875,103.5546875,1172.0
2025-03-07 11:02:00+00:00,103.5546875,103.5546875,103.5546875,103.5546875,846.0
2025-03-07 11:03:00+00:00,103.5546875,103.5546875,103.55078125,103.5546875,1220.0
2025-03-07 11:04:00+00:00,103.55078125,103.55078125,103.55078125,103.55078125,53.0
2025-03-07 11:05:00+00:00,103.5546875,103.5546875,103.55078125,103.55078125,2050.0
2025-03-07 11:06:00+00:00,103.5546875,103.55859375,103.5546875,103.55859375,33.0
2025-03-07 11:07:00+00:00,103.55500030517578,103.55500030517578,103.5546875,103.5546875,706.0
2025-03-07 11:09:00+00:00,103.5546875,103.5546875,103.5546875,103.5546875,23.0
2025-03-07 11:10:00+00:00,103.5546875,103.5546875,103.5546875,103.5546875,10.0
2025-03-07 11:11:00+00:00,103.55859375,103.55859375,103.5546875,103.5546875,363.0
2025-03-07 11:12:00+00:00,103.55859375,103.5625,103.55859375,103.55859375,183.0
2025-03-07 11:13:00+00:00,103.55859375,103.55859375,103.55859375,103.55859375,49.0
2025-03-07 11:14:00+00:00,103.5625,103.5625,103.55859375,103.55859375,544.0
2025-03-07 11:15:00+00:00,103.55859375,103.55859375,103.5546875,103.55859375,2101.0
2025-03-07 11:16:00+00:00,103.55859375,103.55859375,103.55859375,103.55859375,516.0
2025-03-07 11:17:00+00:00,103.55859375,103.55859375,103.55859375,103.55859375,787.0
2025-03-07 11:22:00+00:00,103.5546875,103.55859375,103.5546875,103.55859375,766.0
2025-03-07 11:23:00+00:00,103.55859375,103.55859375,103.55859375,103.55859375,277.0
2025-03-07 11:24:00+00:00,103.55859375,103.55859375,103.55859375,103.55859375,93.0
2025-03-07 11:26:00+00:00,103.5546875,103.5546875,103.5546875,103.5546875,39.0
2025-03-07 11:28:00+00:00,103.5546875,103.5546875,103.5546875,103.5546875,339.0
2025-03-07 11:31:00+00:00,103.55859375,103.55859375,103.5546875,103.5546875,316.0
2025-03-07 11:32:00+00:00,103.55859375,103.55859375,103.5546875,103.55859375,1489.0
2025-03-07 11:33:00+00:00,103.5546875,103.5546875,103.5546875,103.5546875,966.0
2025-03-07 11:34:00+00:00,103.5546875,103.5546875,103.5546875,103.5546875,291.0
2025-03-07 11:35:00+00:00,103.5546875,103.5546875,103.5546875,103.5546875,448.0
2025-03-07 11:36:00+00:00,103.5546875,103.5546875,103.5546875,103.5546875,397.0
2025-03-07 11:37:00+00:00,103.55859375,103.55859375,103.55859375,103.55859375,548.0
2025-03-07 11:38:00+00:00,103.55859375,103.55859375,103.35546875,103.55859375,179.0
2025-03-07 11:39:00+00:00,103.5625,103.5625,103.5625,103.5625,336.0
2025-03-07 11:40:00+00:00,103.5625,103.5625,103.5625,103.5625,889.0
2025-03-07 11:41:00+00:00,103.56640625,103.56640625,103.5625,103.5625,2153.0
2025-03-07 11:42:00+00:00,103.5625,103.5625,103.359375,103.5625,855.0
2025-03-07 11:43:00+00:00,103.56640625,103.5703125,103.375,103.5625,2376.0
2025-03-07 11:44:00+00:00,103.56640625,103.56640625,103.5625,103.56640625,642.0
2025-03-07 11:45:00+00:00,103.55859375,103.5625,103.38671875,103.5625,389.0
2025-03-07 11:46:00+00:00,103.5546875,103.55859375,103.5546875,103.55859375,473.0
2025-03-07 11:47:00+00:00,103.5546875,103.55859375,103.5546875,103.5546875,55.0
2025-03-07 11:48:00+00:00,103.5546875,103.5546875,103.5546875,103.5546875,1074.0
2025-03-07 11:49:00+00:00,103.546875,103.55078125,103.546875,103.55078125,892.0
2025-03-07 11:50:00+00:00,103.54296875,103.54296875,103.54296875,103.54296875,353.0
2025-03-07 11:51:00+00:00,103.5390625,103.54296875,103.5390625,103.54296875,321.0
2025-03-07 11:52:00+00:00,103.54296875,103.54296875,103.37890625,103.5390625,437.0
2025-03-07 11:53:00+00:00,103.54296875,103.54296875,103.390625,103.54296875,1058.0
2025-03-07 11:54:00+00:00,103.546875,103.546875,103.546875,103.546875,175.0
2025-03-07 11:55:00+00:00,103.546875,103.5546875,103.390625,103.55078125,754.0
2025-03-07 11:56:00+00:00,103.546875,103.55078125,103.546875,103.55078125,17.0
2025-03-07 11:57:00+00:00,103.546875,103.5546875,103.390625,103.546875,193.0
2025-03-07 11:58:00+00:00,103.55078125,103.55078125,103.39453125,103.546875,240.0
2025-03-07 11:59:00+00:00,103.546875,103.55078125,103.390625,103.546875,1357.0
2025-03-07 12:00:00+00:00,103.55078125,103.55078125,103.546875,103.546875,122.0
2025-03-07 12:02:00+00:00,103.55078125,103.5546875,103.546875,103.55078125,225.0
2025-03-07 12:03:00+00:00,103.5546875,103.55859375,103.5546875,103.5546875,346.0
2025-03-07 12:04:00+00:00,103.5546875,103.5546875,103.41796875,103.5546875,162.0
2025-03-07 12:05:00+00:00,103.55078125,103.5546875,103.42578125,103.5546875,22.0
2025-03-07 12:06:00+00:00,103.55859375,103.55859375,103.43359375,103.43359375,442.0
2025-03-07 12:07:00+00:00,103.55859375,103.55859375,103.4453125,103.4453125,379.0
2025-03-07 12:08:00+00:00,103.5625,103.5625,103.55859375,103.55859375,399.0
2025-03-07 12:09:00+00:00,103.5625,103.5625,103.5625,103.5625,100.0
2025-03-07 12:10:00+00:00,103.5625,103.56640625,103.4453125,103.5625,462.0
2025-03-07 12:11:00+00:00,103.44140625,103.5625,103.44140625,103.5625,0.0
2025-03-07 12:12:00+00:00,103.5625,103.5625,103.44140625,103.44140625,187438.0
2025-03-07 12:13:00+00:00,103.55859375,103.5625,103.55859375,103.5625,375.0
2025-03-07 12:14:00+00:00,103.5625,103.5625,103.55859375,103.55859375,1214.0
2025-03-07 12:15:00+00:00,103.55859375,103.56640625,103.55859375,103.5625,788.0
2025-03-07 12:17:00+00:00,103.55859375,103.5625,103.44140625,103.44140625,329.0
2025-03-07 12:18:00+00:00,103.56640625,103.56640625,103.5625,103.5625,448.0
2025-03-07 12:19:00+00:00,103.56640625,103.56640625,103.56640625,103.56640625,611.0
2025-03-07 12:20:00+00:00,103.5703125,103.5703125,103.44921875,103.5703125,361.0
2025-03-07 12:21:00+00:00,103.57421875,103.57421875,103.453125,103.5703125,1655.0
2025-03-07 12:22:00+00:00,103.578125,103.58203125,103.57421875,103.578125,6921.0
2025-03-07 12:23:00+00:00,103.57421875,103.578125,103.57421875,103.578125,1049.0
2025-03-07 12:24:00+00:00,103.5703125,103.57421875,103.5703125,103.57421875,77.0
2025-03-07 12:25:00+00:00,103.57421875,103.57421875,103.44921875,103.5703125,858.0
2025-03-07 12:27:00+00:00,103.4453125,103.57421875,103.4453125,103.57421875,0.0
2025-03-07 12:28:00+00:00,103.5703125,103.5703125,103.5703125,103.5703125,203196.0
2025-03-07 12:29:00+00:00,103.42578125,103.57421875,103.42578125,103.57421875,0.0
2025-03-07 12:30:00+00:00,103.578125,103.58203125,103.57421875,103.57421875,204489.0
2025-03-07 12:31:00+00:00,103.57421875,103.58203125,103.57421875,103.58203125,1183.0
2025-03-07 12:32:00+00:00,103.57421875,103.57421875,103.4140625,103.57421875,401.0
2025-03-07 12:33:00+00:00,103.57421875,103.57421875,103.57421875,103.57421875,304.0
2025-03-07 12:34:00+00:00,103.40234375,103.578125,103.40234375,103.57421875,0.0
2025-03-07 12:35:00+00:00,103.57421875,103.57421875,103.57421875,103.57421875,206830.0
2025-03-07 12:36:00+00:00,103.57421875,103.57421875,103.57421875,103.57421875,527.0
2025-03-07 12:37:00+00:00,103.5703125,103.5703125,103.5703125,103.5703125,15.0
2025-03-07 12:38:00+00:00,103.56640625,103.5703125,103.56640625,103.5703125,453.0
2025-03-07 12:39:00+00:00,103.56640625,103.56640625,103.56640625,103.56640625,526.0
2025-03-07 12:40:00+00:00,103.56640625,103.5703125,103.56640625,103.56640625,460.0
2025-03-07 12:41:00+00:00,103.57421875,103.57421875,103.56640625,103.5703125,857.0
2025-03-07 12:42:00+00:00,103.5703125,103.578125,103.5703125,103.57421875,975.0
2025-03-07 12:43:00+00:00,103.57421875,103.57421875,103.3984375,103.5703125,469.0
2025-03-07 12:44:00+00:00,103.5703125,103.57421875,103.3671875,103.390625,1002.0
2025-03-07 12:45:00+00:00,103.5625,103.5703125,103.5625,103.5703125,501.0
2025-03-07 12:46:00+00:00,103.5625,103.56640625,103.5625,103.56640625,2300.0
2025-03-07 12:47:00+00:00,103.5625,103.5625,103.5625,103.5625,281.0
2025-03-07 12:48:00+00:00,103.5703125,103.5703125,103.56640625,103.56640625,643.0
2025-03-07 12:49:00+00:00,103.56640625,103.56640625,103.56640625,103.56640625,505.0
2025-03-07 12:50:00+00:00,103.55859375,103.5703125,103.55859375,103.56640625,325.0
2025-03-07 12:51:00+00:00,103.55859375,103.5625,103.55859375,103.5625,1114.0
2025-03-07 12:52:00+00:00,103.55859375,103.55859375,103.55859375,103.55859375,30.0
2025-03-07 12:53:00+00:00,103.56640625,103.56640625,103.5625,103.5625,1918.0
2025-03-07 12:54:00+00:00,103.5625,103.56640625,103.5625,103.56640625,1292.0
2025-03-07 12:55:00+00:00,103.5625,103.56640625,103.5625,103.5625,2061.0
2025-03-07 12:56:00+00:00,103.55859375,103.5625,103.55859375,103.5625,226.0
2025-03-07 12:57:00+00:00,103.5625,103.5625,103.55859375,103.5625,1054.0
2025-03-07 12:58:00+00:00,103.56640625,103.56640625,103.5625,103.5625,399.0
2025-03-07 12:59:00+00:00,103.57421875,103.57421875,103.5703125,103.5703125,1075.0
2025-03-07 13:00:00+00:00,103.56640625,103.57421875,103.56640625,103.5703125,509.0
2025-03-07 13:01:00+00:00,103.56640625,103.56640625,103.5625,103.56640625,748.0
2025-03-07 13:02:00+00:00,103.5703125,103.5703125,103.5625,103.56640625,1967.0
2025-03-07 13:03:00+00:00,103.56640625,103.5703125,103.56640625,103.5703125,1102.0
2025-03-07 13:04:00+00:00,103.5703125,103.5703125,103.56640625,103.5703125,1440.0
2025-03-07 13:05:00+00:00,103.578125,103.5859375,103.5703125,103.5703125,4543.0
2025-03-07 13:06:00+00:00,103.5703125,103.578125,103.56640625,103.578125,1577.0
2025-03-07 13:07:00+00:00,103.5703125,103.57421875,103.56640625,103.5703125,1431.0
2025-03-07 13:08:00+00:00,103.5703125,103.57421875,103.5703125,103.5703125,867.0
2025-03-07 13:09:00+00:00,103.5703125,103.57421875,103.56640625,103.5703125,3059.0
2025-03-07 13:10:00+00:00,103.56640625,103.5703125,103.5625,103.56640625,1915.0
2025-03-07 13:11:00+00:00,103.56640625,103.5703125,103.5625,103.5703125,1483.0
2025-03-07 13:12:00+00:00,103.56640625,103.56640625,103.5625,103.56640625,1718.0
2025-03-07 13:13:00+00:00,103.5703125,103.5703125,103.56640625,103.56640625,250.0
2025-03-07 13:14:00+00:00,103.58203125,103.58203125,103.5703125,103.5703125,668.0
2025-03-07 13:15:00+00:00,103.58203125,103.58203125,103.578125,103.578125,702.0
2025-03-07 13:16:00+00:00,103.5859375,103.5859375,103.58203125,103.58203125,1429.0
2025-03-07 13:17:00+00:00,103.5859375,103.5859375,103.58203125,103.58203125,1528.0
2025-03-07 13:18:00+00:00,103.5859375,103.58984375,103.58203125,103.5859375,986.0
2025-03-07 13:19:00+00:00,103.58203125,103.58984375,103.58203125,103.5859375,1988.0
2025-03-07 13:20:00+00:00,103.58203125,103.58203125,103.5703125,103.58203125,3379.0
2025-03-07 13:21:00+00:00,103.58203125,103.58203125,103.578125,103.58203125,47.0
2025-03-07 13:22:00+00:00,103.5859375,103.5859375,103.578125,103.58203125,991.0
2025-03-07 13:23:00+00:00,103.58203125,103.5859375,103.578125,103.5859375,2194.0
2025-03-07 13:24:00+00:00,103.58203125,103.58984375,103.58203125,103.58203125,1653.0
2025-03-07 13:25:00+00:00,103.58984375,103.59375,103.58203125,103.58203125,849.0
2025-03-07 13:26:00+00:00,103.59765625,103.59765625,103.5859375,103.58984375,3265.0
2025-03-07 13:27:00+00:00,103.59375,103.59765625,103.58984375,103.59765625,1495.0
2025-03-07 13:28:00+00:00,103.58984375,103.59765625,103.5859375,103.59375,1796.0
2025-03-07 13:29:00+00:00,103.5859375,103.59765625,103.578125,103.58984375,2099.0
2025-03-07 13:30:00+00:00,103.5390625,103.67578125,103.53515625,103.59375,29404.0
2025-03-07 13:31:00+00:00,103.51171875,103.55078125,103.5078125,103.5390625,13428.0
2025-03-07 13:32:00+00:00,103.5234375,103.53125,103.328125,103.515625,18865.0
2025-03-07 13:33:00+00:00,103.5546875,103.5546875,103.51953125,103.5234375,7377.0
2025-03-07 13:34:00+00:00,103.58203125,103.58203125,103.55078125,103.55078125,14064.0
2025-03-07 13:35:00+00:00,103.59765625,103.59765625,103.57421875,103.58203125,6671.0
2025-03-07 13:36:00+00:00,103.59765625,103.61328125,103.4453125,103.59765625,8129.0
2025-03-07 13:37:00+00:00,103.59765625,103.60546875,103.41015625,103.59765625,8020.0
2025-03-07 13:38:00+00:00,103.59765625,103.6015625,103.4140625,103.59765625,6970.0
2025-03-07 13:39:00+00:00,103.6171875,103.62109375,103.42578125,103.6015625,8455.0
2025-03-07 13:40:00+00:00,103.6328125,103.63671875,103.6171875,103.6171875,6561.0
2025-03-07 13:41:00+00:00,103.62890625,103.640625,103.625,103.6328125,6002.0
2025-03-07 13:42:00+00:00,103.63671875,103.640625,103.44921875,103.6328125,5038.0
2025-03-07 13:43:00+00:00,103.625,103.6328125,103.6171875,103.6328125,4918.0
2025-03-07 13:44:00+00:00,103.609375,103.625,103.609375,103.625,9281.0
2025-03-07 13:45:00+00:00,103.60546875,103.6171875,103.6015625,103.609375,4951.0
2025-03-07 13:46:00+00:00,103.6015625,103.6171875,103.59765625,103.609375,5136.0
2025-03-07 13:47:00+00:00,103.609375,103.61328125,103.6015625,103.6015625,2802.0
2025-03-07 13:48:00+00:00,103.60546875,103.609375,103.59765625,103.609375,4510.0
2025-03-07 13:49:00+00:00,103.6015625,103.609375,103.6015625,103.60546875,6688.0
2025-03-07 13:50:00+00:00,103.61328125,103.6171875,103.6015625,103.6015625,3178.0
2025-03-07 13:51:00+00:00,103.62109375,103.62109375,103.61328125,103.61328125,1821.0
2025-03-07 13:52:00+00:00,103.625,103.625,103.6171875,103.62109375,5058.0
2025-03-07 13:53:00+00:00,103.62109375,103.62890625,103.62109375,103.625,3621.0
2025-03-07 13:54:00+00:00,103.61328125,103.62109375,103.61328125,103.6171875,741.0
2025-03-07 13:55:00+00:00,103.62890625,103.62890625,103.61328125,103.6171875,1143.0
2025-03-07 13:56:00+00:00,103.6328125,103.6328125,103.625,103.62890625,2289.0
2025-03-07 13:57:00+00:00,103.6484375,103.6484375,103.6328125,103.6328125,6493.0
2025-03-07 13:58:00+00:00,103.65234375,103.65234375,103.64453125,103.6484375,4661.0
2025-03-07 13:59:00+00:00,103.66015625,103.6640625,103.65234375,103.65625,5723.0
2025-03-07 14:00:00+00:00,103.65625,103.66015625,103.65625,103.65625,5586.0
2025-03-07 14:01:00+00:00,103.45703125,103.65625,103.45703125,103.65625,0.0
2025-03-07 14:02:00+00:00,103.63671875,103.6484375,103.4453125,103.6484375,496314.0
2025-03-07 14:03:00+00:00,103.6484375,103.6484375,103.44921875,103.640625,4159.0
2025-03-07 14:04:00+00:00,103.63671875,103.6484375,103.43359375,103.6484375,2006.0
2025-03-07 14:05:00+00:00,103.63671875,103.640625,103.43359375,103.63671875,2494.0
2025-03-07 14:06:00+00:00,103.64453125,103.64453125,103.63671875,103.63671875,1276.0
2025-03-07 14:07:00+00:00,103.6484375,103.6484375,103.640625,103.64453125,1894.0
2025-03-07 14:08:00+00:00,103.66015625,103.66015625,103.4609375,103.65234375,1925.0
2025-03-07 14:09:00+00:00,103.6640625,103.66796875,103.45703125,103.66015625,2998.0
2025-03-07 14:10:00+00:00,103.66015625,103.671875,103.66015625,103.66796875,1958.0
2025-03-07 14:11:00+00:00,103.66015625,103.66015625,103.65625,103.66015625,780.0
2025-03-07 14:12:00+00:00,103.6640625,103.6640625,103.66015625,103.66015625,624.0
2025-03-07 14:13:00+00:00,103.66015625,103.66796875,103.65625,103.6640625,722.0
2025-03-07 14:14:00+00:00,103.6484375,103.66015625,103.44921875,103.66015625,2376.0
2025-03-07 14:15:00+00:00,103.6484375,103.65625,103.6484375,103.65234375,2730.0
2025-03-07 14:16:00+00:00,103.6484375,103.6484375,103.64453125,103.6484375,2719.0
2025-03-07 14:17:00+00:00,103.64453125,103.6484375,103.64453125,103.64453125,1711.0
2025-03-07 14:18:00+00:00,103.640625,103.6484375,103.43359375,103.640625,1828.0
2025-03-07 14:19:00+00:00,103.640625,103.640625,103.63671875,103.640625,2166.0
2025-03-07 14:20:00+00:00,103.640625,103.640625,103.43359375,103.63671875,24.0
2025-03-07 14:21:00+00:00,103.64453125,103.64453125,103.63671875,103.640625,3408.0
2025-03-07 14:22:00+00:00,103.63671875,103.640625,103.63671875,103.640625,1081.0
2025-03-07 14:23:00+00:00,103.62890625,103.62890625,103.625,103.62890625,3033.0
2025-03-07 14:24:00+00:00,103.62109375,103.62890625,103.41796875,103.62890625,1910.0
2025-03-07 14:25:00+00:00,103.625,103.62890625,103.6171875,103.625,1193.0
2025-03-07 14:26:00+00:00,103.6328125,103.63671875,103.62109375,103.625,1673.0
2025-03-07 14:27:00+00:00,103.62890625,103.6328125,103.625,103.6328125,1174.0
2025-03-07 14:28:00+00:00,103.640625,103.640625,103.6328125,103.6328125,3408.0
2025-03-07 14:29:00+00:00,103.63671875,103.640625,103.6328125,103.63671875,484.0
2025-03-07 14:30:00+00:00,103.6171875,103.63671875,103.6171875,103.63671875,1711.0
2025-03-07 14:31:00+00:00,103.6171875,103.62109375,103.40234375,103.6171875,1022.0
2025-03-07 14:32:00+00:00,103.6171875,103.62109375,103.61328125,103.6171875,1487.0
2025-03-07 14:33:00+00:00,103.60546875,103.62109375,103.6015625,103.6171875,2073.0
2025-03-07 14:34:00+00:00,103.59765625,103.60546875,103.38671875,103.60546875,1569.0
2025-03-07 14:35:00+00:00,103.59765625,103.6015625,103.59375,103.59765625,1951.0
2025-03-07 14:36:00+00:00,103.6171875,103.6171875,103.6015625,103.6015625,2538.0
2025-03-07 14:37:00+00:00,103.62109375,103.625,103.6171875,103.6171875,699.0
2025-03-07 14:38:00+00:00,103.60546875,103.625,103.6015625,103.62109375,1680.0
2025-03-07 14:39:00+00:00,103.609375,103.609375,103.60546875,103.609375,1374.0
2025-03-07 14:40:00+00:00,103.58984375,103.61328125,103.40234375,103.61328125,1597.0
2025-03-07 14:41:00+00:00,103.59375,103.59765625,103.58984375,103.58984375,988.0
2025-03-07 14:42:00+00:00,103.58984375,103.58984375,103.390625,103.58984375,3476.0
2025-03-07 14:43:00+00:00,103.58203125,103.59375,103.37109375,103.58984375,786.0
2025-03-07 14:44:00+00:00,103.58984375,103.58984375,103.37109375,103.58203125,2503.0
2025-03-07 14:45:00+00:00,103.58203125,103.58984375,103.58203125,103.58984375,1612.0
2025-03-07 14:46:00+00:00,103.58203125,103.5859375,103.578125,103.58203125,1536.0
2025-03-07 14:47:00+00:00,103.58203125,103.58203125,103.359375,103.58203125,3293.0
2025-03-07 14:48:00+00:00,103.57421875,103.58203125,103.57421875,103.58203125,1382.0
2025-03-07 14:49:00+00:00,103.57421875,103.578125,103.56640625,103.5703125,3012.0
2025-03-07 14:50:00+00:00,103.57421875,103.578125,103.3515625,103.57421875,1391.0
2025-03-07 14:51:00+00:00,103.5703125,103.5703125,103.56640625,103.5703125,1359.0
2025-03-07 14:52:00+00:00,103.5703125,103.57421875,103.56640625,103.5703125,1699.0
2025-03-07 14:53:00+00:00,103.5703125,103.5703125,103.5625,103.56640625,1334.0
2025-03-07 14:54:00+00:00,103.5703125,103.57421875,103.56640625,103.5703125,1195.0
2025-03-07 14:55:00+00:00,103.57421875,103.57421875,103.34765625,103.56640625,956.0
2025-03-07 14:56:00+00:00,103.578125,103.58203125,103.5703125,103.5703125,698.0
2025-03-07 14:57:00+00:00,103.58203125,103.58203125,103.578125,103.578125,874.0
2025-03-07 14:58:00+00:00,103.58203125,103.58203125,103.359375,103.578125,1344.0
2025-03-07 14:59:00+00:00,103.58984375,103.58984375,103.36328125,103.5859375,1208.0
2025-03-07 15:00:00+00:00,103.6015625,103.60546875,103.58984375,103.58984375,4048.0
2025-03-07 15:01:00+00:00,103.58984375,103.6015625,103.58984375,103.59765625,1997.0
2025-03-07 15:02:00+00:00,103.5859375,103.58984375,103.5859375,103.58984375,1321.0
2025-03-07 15:03:00+00:00,103.578125,103.58984375,103.578125,103.5859375,430.0
2025-03-07 15:04:00+00:00,103.58203125,103.5859375,103.5703125,103.578125,1478.0
2025-03-07 15:05:00+00:00,103.58203125,103.5859375,103.58203125,103.58203125,769.0
2025-03-07 15:06:00+00:00,103.578125,103.578125,103.57421875,103.578125,1197.0
2025-03-07 15:07:00+00:00,103.5703125,103.578125,103.5703125,103.57421875,1398.0
2025-03-07 15:08:00+00:00,103.56640625,103.5703125,103.5625,103.5703125,2588.0
2025-03-07 15:09:00+00:00,103.56640625,103.56640625,103.56640625,103.56640625,903.0
2025-03-07 15:10:00+00:00,103.5703125,103.5703125,103.5625,103.56640625,1768.0
2025-03-07 15:11:00+00:00,103.57421875,103.57421875,103.5625,103.56640625,496.0
2025-03-07 15:12:00+00:00,103.58203125,103.58203125,103.5703125,103.5703125,1553.0
2025-03-07 15:13:00+00:00,103.5859375,103.5859375,103.578125,103.58203125,613.0
2025-03-07 15:14:00+00:00,103.5859375,103.5859375,103.58203125,103.5859375,1185.0
2025-03-07 15:15:00+00:00,103.58984375,103.58984375,103.5859375,103.5859375,532.0
2025-03-07 15:16:00+00:00,103.58984375,103.59375,103.5859375,103.5859375,980.0
2025-03-07 15:17:00+00:00,103.6015625,103.6015625,103.58984375,103.58984375,1785.0
2025-03-07 15:18:00+00:00,103.59375,103.60546875,103.59375,103.6015625,1201.0
2025-03-07 15:19:00+00:00,103.59765625,103.59765625,103.59375,103.59375,640.0
2025-03-07 15:20:00+00:00,103.5859375,103.59375,103.5859375,103.59375,2250.0
2025-03-07 15:21:00+00:00,103.58984375,103.59375,103.5859375,103.5859375,660.0
2025-03-07 15:22:00+00:00,103.59375,103.59375,103.58984375,103.58984375,296.0
2025-03-07 15:23:00+00:00,103.5859375,103.59375,103.5859375,103.59375,473.0
2025-03-07 15:24:00+00:00,103.578125,103.58203125,103.37109375,103.58203125,912.0
2025-03-07 15:25:00+00:00,103.58203125,103.5859375,103.578125,103.578125,1783.0
2025-03-07 15:26:00+00:00,103.58203125,103.5859375,103.58203125,103.58203125,1920.0
2025-03-07 15:27:00+00:00,103.578125,103.5859375,103.578125,103.58203125,718.0
2025-03-07 15:28:00+00:00,103.58203125,103.5859375,103.578125,103.578125,911.0
2025-03-07 15:29:00+00:00,103.578125,103.58203125,103.57421875,103.58203125,346.0
2025-03-07 15:30:00+00:00,103.5859375,103.58984375,103.578125,103.578125,1246.0
2025-03-07 15:31:00+00:00,103.60546875,103.61328125,103.5859375,103.5859375,3740.0
2025-03-07 15:32:00+00:00,103.62109375,103.62109375,103.60546875,103.60546875,2412.0
2025-03-07 15:33:00+00:00,103.6171875,103.62109375,103.6171875,103.6171875,1971.0
2025-03-07 15:34:00+00:00,103.62109375,103.625,103.6171875,103.6171875,1033.0
2025-03-07 15:35:00+00:00,103.6328125,103.6328125,103.62109375,103.62109375,2484.0
2025-03-07 15:36:00+00:00,103.6328125,103.6328125,103.625,103.62890625,2748.0
2025-03-07 15:37:00+00:00,103.640625,103.64453125,103.62890625,103.62890625,2213.0
2025-03-07 15:38:00+00:00,103.64453125,103.6484375,103.640625,103.640625,6331.0
2025-03-07 15:39:00+00:00,103.63671875,103.64453125,103.6328125,103.64453125,1876.0
2025-03-07 15:40:00+00:00,103.640625,103.640625,103.63671875,103.63671875,1334.0
2025-03-07 15:41:00+00:00,103.640625,103.64453125,103.63671875,103.63671875,1372.0
2025-03-07 15:42:00+00:00,103.63671875,103.640625,103.6328125,103.640625,751.0
2025-03-07 15:43:00+00:00,103.6328125,103.64453125,103.6328125,103.63671875,1097.0
2025-03-07 15:44:00+00:00,103.62890625,103.6328125,103.625,103.6328125,1136.0
2025-03-07 15:45:00+00:00,103.6171875,103.6328125,103.61328125,103.62890625,2335.0
2025-03-07 15:46:00+00:00,103.62109375,103.62109375,103.60546875,103.61328125,3020.0
2025-03-07 15:47:00+00:00,103.6171875,103.62109375,103.6171875,103.62109375,549.0
2025-03-07 15:48:00+00:00,103.609375,103.62109375,103.609375,103.6171875,2054.0
2025-03-07 15:49:00+00:00,103.57421875,103.625,103.5703125,103.609375,21728.0
2025-03-07 15:50:00+00:00,103.6015625,103.60546875,103.5703125,103.57421875,2587.0
2025-03-07 15:51:00+00:00,103.60546875,103.609375,103.59375,103.6015625,5092.0
2025-03-07 15:52:00+00:00,103.6015625,103.60546875,103.59765625,103.6015625,1245.0
2025-03-07 15:53:00+00:00,103.60546875,103.609375,103.59375,103.6015625,3163.0
2025-03-07 15:54:00+00:00,103.59375,103.60546875,103.58984375,103.60546875,1451.0
2025-03-07 15:55:00+00:00,103.5859375,103.59375,103.5859375,103.59375,1661.0
2025-03-07 15:56:00+00:00,103.58984375,103.59375,103.58203125,103.5859375,474.0
2025-03-07 15:57:00+00:00,103.59765625,103.59765625,103.5859375,103.58984375,940.0
2025-03-07 15:58:00+00:00,103.59765625,103.59765625,103.59375,103.59375,490.0
2025-03-07 15:59:00+00:00,103.59375,103.6015625,103.58984375,103.59765625,1247.0
2025-03-07 16:00:00+00:00,103.59375,103.60546875,103.58984375,103.59375,1704.0
2025-03-07 16:01:00+00:00,103.59375,103.59765625,103.58984375,103.59765625,1175.0
2025-03-07 16:02:00+00:00,103.59375,103.59765625,103.58984375,103.59765625,933.0
2025-03-07 16:03:00+00:00,103.60546875,103.609375,103.59765625,103.59765625,3369.0
2025-03-07 16:04:00+00:00,103.59765625,103.60546875,103.59765625,103.60546875,543.0
2025-03-07 16:05:00+00:00,103.59765625,103.60546875,103.59375,103.59765625,2637.0
2025-03-07 16:06:00+00:00,103.5859375,103.59765625,103.5859375,103.59765625,1128.0
2025-03-07 16:07:00+00:00,103.578125,103.58984375,103.57421875,103.5859375,1831.0
2025-03-07 16:08:00+00:00,103.58203125,103.5859375,103.578125,103.58203125,611.0
2025-03-07 16:09:00+00:00,103.578125,103.5859375,103.578125,103.5859375,693.0
2025-03-07 16:10:00+00:00,103.59375,103.59375,103.578125,103.578125,852.0
2025-03-07 16:11:00+00:00,103.59375,103.59375,103.59375,103.59375,364.0
2025-03-07 16:12:00+00:00,103.59765625,103.6015625,103.59375,103.59375,437.0
2025-03-07 16:13:00+00:00,103.59765625,103.6015625,103.59765625,103.59765625,364.0
2025-03-07 16:14:00+00:00,103.59765625,103.6015625,103.59765625,103.59765625,121.0
2025-03-07 16:15:00+00:00,103.609375,103.609375,103.59765625,103.59765625,1161.0
2025-03-07 16:16:00+00:00,103.609375,103.62109375,103.609375,103.61328125,2298.0
2025-03-07 16:17:00+00:00,103.61328125,103.6171875,103.609375,103.609375,1286.0
2025-03-07 16:18:00+00:00,103.6171875,103.6171875,103.609375,103.609375,1646.0
2025-03-07 16:19:00+00:00,103.6171875,103.6171875,103.61328125,103.61328125,1586.0
2025-03-07 16:20:00+00:00,103.61328125,103.61328125,103.609375,103.61328125,1879.0
2025-03-07 16:21:00+00:00,103.62109375,103.62109375,103.6171875,103.6171875,917.0
2025-03-07 16:22:00+00:00,103.61328125,103.62109375,103.61328125,103.6171875,1239.0
2025-03-07 16:23:00+00:00,103.609375,103.6171875,103.609375,103.6171875,310.0
2025-03-07 16:24:00+00:00,103.61328125,103.61328125,103.609375,103.609375,599.0
2025-03-07 16:25:00+00:00,103.625,103.625,103.61328125,103.6171875,2253.0
2025-03-07 16:26:00+00:00,103.62890625,103.62890625,103.625,103.625,696.0
2025-03-07 16:27:00+00:00,103.625,103.62890625,103.62109375,103.62890625,2515.0
2025-03-07 16:28:00+00:00,103.625,103.625,103.62109375,103.625,1661.0
2025-03-07 16:29:00+00:00,103.625,103.62890625,103.625,103.625,2350.0
2025-03-07 16:30:00+00:00,103.62109375,103.625,103.6171875,103.625,2579.0
2025-03-07 16:31:00+00:00,103.62109375,103.625,103.6171875,103.625,950.0
2025-03-07 16:32:00+00:00,103.62109375,103.625,103.62109375,103.625,555.0
2025-03-07 16:33:00+00:00,103.6171875,103.625,103.61328125,103.625,1679.0
2025-03-07 16:34:00+00:00,103.625,103.625,103.6171875,103.62109375,1769.0
2025-03-07 16:35:00+00:00,103.62890625,103.6328125,103.625,103.625,107.0
2025-03-07 16:36:00+00:00,103.6328125,103.63671875,103.6328125,103.6328125,3067.0
2025-03-07 16:37:00+00:00,103.6328125,103.63671875,103.6328125,103.6328125,1241.0
2025-03-07 16:38:00+00:00,103.6328125,103.63671875,103.62890625,103.63671875,757.0
2025-03-07 16:39:00+00:00,103.63671875,103.640625,103.62890625,103.63671875,2105.0
2025-03-07 16:40:00+00:00,103.640625,103.64453125,103.63671875,103.63671875,448.0
2025-03-07 16:41:00+00:00,103.6484375,103.6484375,103.64453125,103.64453125,483.0
2025-03-07 16:42:00+00:00,103.6484375,103.6484375,103.640625,103.6484375,659.0
2025-03-07 16:43:00+00:00,103.64453125,103.6484375,103.64453125,103.6484375,1124.0
2025-03-07 16:44:00+00:00,103.6328125,103.64453125,103.62890625,103.64453125,1586.0
2025-03-07 16:45:00+00:00,103.6328125,103.6328125,103.62890625,103.6328125,943.0
2025-03-07 16:46:00+00:00,103.6328125,103.63671875,103.62890625,103.63671875,502.0
2025-03-07 16:47:00+00:00,103.63671875,103.640625,103.6328125,103.6328125,611.0
2025-03-07 16:48:00+00:00,103.6484375,103.6484375,103.63671875,103.63671875,1665.0
2025-03-07 16:49:00+00:00,103.65234375,103.65234375,103.64453125,103.64453125,4953.0
2025-03-07 16:50:00+00:00,103.6484375,103.65234375,103.640625,103.6484375,1311.0
2025-03-07 16:51:00+00:00,103.6484375,103.65234375,103.64453125,103.6484375,607.0
2025-03-07 16:52:00+00:00,103.65625,103.65625,103.6484375,103.6484375,1025.0
2025-03-07 16:53:00+00:00,103.65625,103.65625,103.65625,103.65625,547.0
2025-03-07 16:54:00+00:00,103.6484375,103.65625,103.6484375,103.65234375,239.0
2025-03-07 16:55:00+00:00,103.64453125,103.65234375,103.640625,103.65234375,1308.0
2025-03-07 16:56:00+00:00,103.640625,103.64453125,103.640625,103.64453125,729.0
2025-03-07 16:57:00+00:00,103.63671875,103.640625,103.63671875,103.63671875,372.0
2025-03-07 16:58:00+00:00,103.63671875,103.63671875,103.63671875,103.63671875,555.0
2025-03-07 16:59:00+00:00,103.640625,103.640625,103.63671875,103.63671875,588.0
2025-03-07 17:00:00+00:00,103.62890625,103.63671875,103.62890625,103.63671875,636.0
2025-03-07 17:01:00+00:00,103.62890625,103.6328125,103.625,103.62890625,1739.0
2025-03-07 17:02:00+00:00,103.62890625,103.6328125,103.625,103.6328125,494.0
2025-03-07 17:03:00+00:00,103.62890625,103.6328125,103.625,103.62890625,653.0
2025-03-07 17:04:00+00:00,103.625,103.62890625,103.6171875,103.62890625,4113.0
2025-03-07 17:05:00+00:00,103.63671875,103.63671875,103.625,103.625,988.0
2025-03-07 17:06:00+00:00,103.64453125,103.64453125,103.63671875,103.63671875,563.0
2025-03-07 17:07:00+00:00,103.640625,103.6484375,103.640625,103.6484375,604.0
2025-03-07 17:08:00+00:00,103.64453125,103.64453125,103.640625,103.64453125,486.0
2025-03-07 17:09:00+00:00,103.64453125,103.64453125,103.64453125,103.64453125,389.0
2025-03-07 17:10:00+00:00,103.640625,103.64453125,103.640625,103.64453125,652.0
2025-03-07 17:11:00+00:00,103.6484375,103.6484375,103.64453125,103.64453125,912.0
2025-03-07 17:12:00+00:00,103.64453125,103.65234375,103.640625,103.6484375,4679.0
2025-03-07 17:13:00+00:00,103.64453125,103.6484375,103.64453125,103.64453125,1345.0
2025-03-07 17:14:00+00:00,103.64453125,103.6484375,103.640625,103.6484375,1353.0
2025-03-07 17:15:00+00:00,103.640625,103.64453125,103.640625,103.64453125,1458.0
2025-03-07 17:16:00+00:00,103.64453125,103.6484375,103.640625,103.640625,984.0
2025-03-07 17:17:00+00:00,103.64453125,103.64453125,103.640625,103.64453125,775.0
2025-03-07 17:18:00+00:00,103.64453125,103.64453125,103.640625,103.64453125,987.0
2025-03-07 17:19:00+00:00,103.640625,103.64453125,103.640625,103.64453125,295.0
2025-03-07 17:20:00+00:00,103.640625,103.64453125,103.6328125,103.64453125,1448.0
2025-03-07 17:21:00+00:00,103.640625,103.640625,103.63671875,103.640625,231.0
2025-03-07 17:22:00+00:00,103.625,103.640625,103.625,103.640625,2969.0
2025-03-07 17:23:00+00:00,103.6171875,103.625,103.61328125,103.625,2216.0
2025-03-07 17:24:00+00:00,103.61328125,103.6171875,103.61328125,103.6171875,920.0
2025-03-07 17:25:00+00:00,103.609375,103.61328125,103.609375,103.609375,1644.0
2025-03-07 17:26:00+00:00,103.6171875,103.62109375,103.61328125,103.61328125,1118.0
2025-03-07 17:27:00+00:00,103.609375,103.6171875,103.609375,103.6171875,1250.0
2025-03-07 17:28:00+00:00,103.609375,103.61328125,103.609375,103.609375,1916.0
2025-03-07 17:29:00+00:00,103.609375,103.61328125,103.609375,103.609375,792.0
2025-03-07 17:30:00+00:00,103.5859375,103.60546875,103.578125,103.60546875,8513.0
2025-03-07 17:31:00+00:00,103.6015625,103.6015625,103.58203125,103.5859375,1637.0
2025-03-07 17:32:00+00:00,103.6015625,103.6015625,103.59375,103.6015625,3212.0
2025-03-07 17:33:00+00:00,103.58203125,103.6015625,103.578125,103.6015625,2218.0
2025-03-07 17:34:00+00:00,103.58203125,103.58984375,103.58203125,103.5859375,1414.0
2025-03-07 17:35:00+00:00,103.58984375,103.6015625,103.58203125,103.58203125,6987.0
2025-03-07 17:36:00+00:00,103.5859375,103.59375,103.5859375,103.59375,1392.0
2025-03-07 17:37:00+00:00,103.58984375,103.59375,103.58984375,103.58984375,1110.0
2025-03-07 17:38:00+00:00,103.58203125,103.5859375,103.578125,103.5859375,2480.0
2025-03-07 17:39:00+00:00,103.59375,103.59375,103.58203125,103.5859375,632.0
2025-03-07 17:40:00+00:00,103.58984375,103.59375,103.58984375,103.59375,465.0
2025-03-07 17:41:00+00:00,103.58984375,103.59375,103.58984375,103.58984375,326.0
2025-03-07 17:42:00+00:00,103.5859375,103.58984375,103.5859375,103.58984375,778.0
2025-03-07 17:43:00+00:00,103.58203125,103.58984375,103.58203125,103.58984375,1087.0
2025-03-07 17:44:00+00:00,103.58203125,103.58203125,103.578125,103.58203125,655.0
2025-03-07 17:45:00+00:00,103.56640625,103.58203125,103.56640625,103.58203125,2795.0
2025-03-07 17:46:00+00:00,103.56640625,103.5703125,103.56640625,103.56640625,4703.0
2025-03-07 17:47:00+00:00,103.54296875,103.5703125,103.54296875,103.5625,12923.0
2025-03-07 17:48:00+00:00,103.546875,103.55078125,103.3515625,103.546875,1865.0
2025-03-07 17:49:00+00:00,103.546875,103.55078125,103.546875,103.546875,3557.0
2025-03-07 17:50:00+00:00,103.546875,103.55078125,103.54296875,103.546875,1035.0
2025-03-07 17:51:00+00:00,103.5390625,103.54296875,103.5390625,103.54296875,2281.0
2025-03-07 17:52:00+00:00,103.5390625,103.54296875,103.5390625,103.54296875,2549.0
2025-03-07 17:53:00+00:00,103.53515625,103.5390625,103.53125,103.5390625,1112.0
2025-03-07 17:54:00+00:00,103.53125,103.5390625,103.53125,103.5390625,3254.0
2025-03-07 17:55:00+00:00,103.5234375,103.53125,103.51953125,103.53125,8138.0
2025-03-07 17:56:00+00:00,103.53515625,103.53515625,103.5234375,103.5234375,2701.0
2025-03-07 17:57:00+00:00,103.55859375,103.55859375,103.53515625,103.53515625,4454.0
2025-03-07 17:58:00+00:00,103.5625,103.56640625,103.55859375,103.55859375,4883.0
2025-03-07 17:59:00+00:00,103.5625,103.5703125,103.5625,103.56640625,1060.0
2025-03-07 18:00:00+00:00,103.56640625,103.56640625,103.5625,103.56640625,1024.0
2025-03-07 18:01:00+00:00,103.55859375,103.5625,103.5546875,103.5625,711.0
2025-03-07 18:02:00+00:00,103.53515625,103.55859375,103.53125,103.55859375,4357.0
2025-03-07 18:03:00+00:00,103.53515625,103.53515625,103.52734375,103.53515625,529.0
2025-03-07 18:04:00+00:00,103.52734375,103.53515625,103.5234375,103.53125,795.0
2025-03-07 18:05:00+00:00,103.51171875,103.52734375,103.51171875,103.52734375,3922.0
2025-03-07 18:06:00+00:00,103.515625,103.51953125,103.51171875,103.51171875,1380.0
2025-03-07 18:07:00+00:00,103.51171875,103.515625,103.5078125,103.515625,1517.0
2025-03-07 18:08:00+00:00,103.5078125,103.51171875,103.5078125,103.51171875,1429.0
2025-03-07 18:09:00+00:00,103.51953125,103.51953125,103.5078125,103.5078125,1235.0
2025-03-07 18:10:00+00:00,103.515625,103.5234375,103.515625,103.5234375,1430.0
2025-03-07 18:11:00+00:00,103.51953125,103.51953125,103.51171875,103.51171875,1004.0
2025-03-07 18:12:00+00:00,103.5078125,103.51953125,103.5078125,103.51953125,790.0
2025-03-07 18:13:00+00:00,103.51171875,103.51171875,103.5078125,103.5078125,1305.0
2025-03-07 18:14:00+00:00,103.5078125,103.51171875,103.50390625,103.51171875,975.0
2025-03-07 18:15:00+00:00,103.5078125,103.5078125,103.50390625,103.5078125,1896.0
2025-03-07 18:16:00+00:00,103.5078125,103.51953125,103.5078125,103.5078125,2211.0
2025-03-07 18:17:00+00:00,103.50390625,103.5078125,103.50390625,103.5078125,1346.0
2025-03-07 18:18:00+00:00,103.5,103.50390625,103.49609375,103.50390625,1855.0
2025-03-07 18:19:00+00:00,103.5,103.50390625,103.5,103.5,291.0
2025-03-07 18:20:00+00:00,103.49609375,103.50390625,103.49609375,103.50390625,5594.0
2025-03-07 18:21:00+00:00,103.50390625,103.50390625,103.49609375,103.49609375,2274.0
2025-03-07 18:22:00+00:00,103.49609375,103.5,103.49609375,103.5,5162.0
2025-03-07 18:23:00+00:00,103.49609375,103.49609375,103.4921875,103.49609375,1686.0
2025-03-07 18:24:00+00:00,103.5078125,103.5078125,103.5,103.5,1553.0
2025-03-07 18:25:00+00:00,103.5078125,103.51171875,103.50390625,103.5078125,1402.0
2025-03-07 18:26:00+00:00,103.5078125,103.51171875,103.50390625,103.51171875,1962.0
2025-03-07 18:27:00+00:00,103.50390625,103.50390625,103.50390625,103.50390625,1684.0
2025-03-07 18:28:00+00:00,103.49609375,103.5,103.49609375,103.5,831.0
2025-03-07 18:29:00+00:00,103.49609375,103.50390625,103.4921875,103.49609375,2232.0
2025-03-07 18:30:00+00:00,103.5,103.5,103.5,103.5,505.0
2025-03-07 18:31:00+00:00,103.5078125,103.5078125,103.3125,103.50390625,1070.0
2025-03-07 18:32:00+00:00,103.4921875,103.5078125,103.4921875,103.5078125,3610.0
2025-03-07 18:33:00+00:00,103.49609375,103.5,103.4921875,103.4921875,1811.0
2025-03-07 18:34:00+00:00,103.4765625,103.4921875,103.4765625,103.4921875,8138.0
2025-03-07 18:35:00+00:00,103.48046875,103.48046875,103.4765625,103.4765625,272.0
2025-03-07 18:36:00+00:00,103.4765625,103.48046875,103.47265625,103.48046875,2461.0
2025-03-07 18:37:00+00:00,103.46875,103.47265625,103.46484375,103.47265625,2872.0
2025-03-07 18:38:00+00:00,103.46484375,103.47265625,103.46484375,103.46875,785.0
2025-03-07 18:39:00+00:00,103.46875,103.46875,103.4609375,103.4609375,560.0
2025-03-07 18:40:00+00:00,103.46484375,103.46875,103.46484375,103.46875,1401.0
2025-03-07 18:41:00+00:00,103.46875,103.46875,103.46484375,103.46484375,624.0
2025-03-07 18:42:00+00:00,103.46875,103.47265625,103.46484375,103.46875,1279.0
2025-03-07 18:43:00+00:00,103.46875,103.46875,103.46875,103.46875,790.0
2025-03-07 18:44:00+00:00,103.47265625,103.4765625,103.47265625,103.47265625,998.0
2025-03-07 18:45:00+00:00,103.47265625,103.4765625,103.47265625,103.47265625,1176.0
2025-03-07 18:46:00+00:00,103.4765625,103.4765625,103.46875,103.46875,1651.0
2025-03-07 18:47:00+00:00,103.46875,103.48046875,103.46875,103.4765625,1222.0
2025-03-07 18:48:00+00:00,103.46484375,103.46484375,103.4609375,103.46484375,986.0
2025-03-07 18:49:00+00:00,103.46875,103.46875,103.46484375,103.46875,1608.0
2025-03-07 18:50:00+00:00,103.46484375,103.46875,103.46484375,103.46875,416.0
2025-03-07 18:51:00+00:00,103.46484375,103.46484375,103.46484375,103.46484375,274.0
2025-03-07 18:52:00+00:00,103.45703125,103.4609375,103.45703125,103.4609375,617.0
2025-03-07 18:53:00+00:00,103.45703125,103.4609375,103.453125,103.4609375,1036.0
2025-03-07 18:54:00+00:00,103.45703125,103.45703125,103.453125,103.45703125,760.0
2025-03-07 18:55:00+00:00,103.45703125,103.4609375,103.453125,103.45703125,323.0
2025-03-07 18:56:00+00:00,103.453125,103.4609375,103.453125,103.4609375,1692.0
2025-03-07 18:57:00+00:00,103.453125,103.453125,103.44921875,103.453125,1596.0
2025-03-07 18:58:00+00:00,103.4453125,103.453125,103.4453125,103.44921875,797.0
2025-03-07 18:59:00+00:00,103.4453125,103.44921875,103.4453125,103.44921875,1134.0
2025-03-07 19:00:00+00:00,103.4375,103.4453125,103.43359375,103.44140625,2450.0
2025-03-07 19:01:00+00:00,103.4375,103.44140625,103.43359375,103.4375,1959.0
2025-03-07 19:02:00+00:00,103.4296875,103.4375,103.4296875,103.43359375,2577.0
2025-03-07 19:03:00+00:00,103.43359375,103.43359375,103.42578125,103.4296875,2342.0
2025-03-07 19:04:00+00:00,103.421875,103.43359375,103.421875,103.4296875,2313.0
2025-03-07 19:05:00+00:00,103.42578125,103.42578125,103.41796875,103.42578125,1040.0
2025-03-07 19:06:00+00:00,103.43359375,103.43359375,103.42578125,103.42578125,2056.0
2025-03-07 19:07:00+00:00,103.43359375,103.4375,103.43359375,103.43359375,635.0
2025-03-07 19:08:00+00:00,103.44140625,103.4453125,103.4375,103.4375,776.0
2025-03-07 19:09:00+00:00,103.44921875,103.44921875,103.44140625,103.4453125,3343.0
2025-03-07 19:10:00+00:00,103.44921875,103.44921875,103.4453125,103.4453125,1192.0
2025-03-07 19:11:00+00:00,103.44140625,103.44921875,103.4375,103.44921875,698.0
2025-03-07 19:12:00+00:00,103.44140625,103.44140625,103.4375,103.4375,1434.0
2025-03-07 19:13:00+00:00,103.4375,103.44140625,103.43359375,103.44140625,315.0
2025-03-07 19:14:00+00:00,103.43359375,103.4375,103.43359375,103.43359375,543.0
2025-03-07 19:15:00+00:00,103.4296875,103.44140625,103.4296875,103.43359375,1620.0
2025-03-07 19:16:00+00:00,103.421875,103.4296875,103.421875,103.4296875,729.0
2025-03-07 19:17:00+00:00,103.42578125,103.4296875,103.421875,103.421875,681.0
2025-03-07 19:18:00+00:00,103.42578125,103.4296875,103.42578125,103.42578125,1028.0
2025-03-07 19:19:00+00:00,103.421875,103.421875,103.41796875,103.421875,793.0
2025-03-07 19:20:00+00:00,103.421875,103.42578125,103.41796875,103.421875,1456.0
2025-03-07 19:21:00+00:00,103.42578125,103.42578125,103.42578125,103.42578125,305.0
2025-03-07 19:22:00+00:00,103.42578125,103.42578125,103.41796875,103.42578125,965.0
2025-03-07 19:23:00+00:00,103.42578125,103.4296875,103.421875,103.42578125,2984.0
2025-03-07 19:24:00+00:00,103.4296875,103.43359375,103.42578125,103.42578125,1349.0
2025-03-07 19:25:00+00:00,103.4296875,103.4296875,103.42578125,103.42578125,945.0
2025-03-07 19:26:00+00:00,103.4296875,103.43359375,103.4296875,103.4296875,701.0
2025-03-07 19:27:00+00:00,103.43359375,103.4375,103.4296875,103.43359375,1017.0
2025-03-07 19:28:00+00:00,103.43359375,103.43359375,103.4296875,103.43359375,204.0
2025-03-07 19:29:00+00:00,103.4296875,103.4296875,103.421875,103.4296875,297.0
2025-03-07 19:30:00+00:00,103.4296875,103.4296875,103.42578125,103.4296875,533.0
2025-03-07 19:31:00+00:00,103.43359375,103.43359375,103.4296875,103.4296875,1219.0
2025-03-07 19:32:00+00:00,103.4296875,103.43359375,103.42578125,103.4296875,416.0
2025-03-07 19:33:00+00:00,103.43359375,103.4375,103.42578125,103.42578125,664.0
2025-03-07 19:34:00+00:00,103.43359375,103.43359375,103.43359375,103.43359375,264.0
2025-03-07 19:35:00+00:00,103.4296875,103.43359375,103.4296875,103.43359375,174.0
2025-03-07 19:36:00+00:00,103.43359375,103.4375,103.4296875,103.4296875,1075.0
2025-03-07 19:37:00+00:00,103.43359375,103.4375,103.43359375,103.4375,1014.0
2025-03-07 19:38:00+00:00,103.421875,103.43359375,103.421875,103.43359375,1719.0
2025-03-07 19:39:00+00:00,103.42578125,103.42578125,103.421875,103.421875,2191.0
2025-03-07 19:40:00+00:00,103.43359375,103.4375,103.42578125,103.42578125,1495.0
2025-03-07 19:41:00+00:00,103.43359375,103.43359375,103.4296875,103.43359375,412.0
2025-03-07 19:42:00+00:00,103.43359375,103.43359375,103.4296875,103.4296875,337.0
2025-03-07 19:43:00+00:00,103.4375,103.4375,103.23046875,103.43359375,1067.0
2025-03-07 19:44:00+00:00,103.44140625,103.44140625,103.43359375,103.43359375,1324.0
2025-03-07 19:45:00+00:00,103.44921875,103.453125,103.44140625,103.44140625,6584.0
2025-03-07 19:46:00+00:00,103.4453125,103.453125,103.4453125,103.44921875,785.0
2025-03-07 19:47:00+00:00,103.4453125,103.44921875,103.44140625,103.44140625,564.0
2025-03-07 19:48:00+00:00,103.4453125,103.4453125,103.4453125,103.4453125,540.0
2025-03-07 19:49:00+00:00,103.453125,103.453125,103.4453125,103.4453125,979.0
2025-03-07 19:50:00+00:00,103.453125,103.45703125,103.44921875,103.44921875,838.0
2025-03-07 19:51:00+00:00,103.45703125,103.45703125,103.44921875,103.453125,518.0
2025-03-07 19:52:00+00:00,103.453125,103.4609375,103.453125,103.45703125,432.0
2025-03-07 19:53:00+00:00,103.45703125,103.45703125,103.4453125,103.453125,2002.0
2025-03-07 19:54:00+00:00,103.45703125,103.45703125,103.453125,103.45703125,1656.0
2025-03-07 19:55:00+00:00,103.45703125,103.4609375,103.45703125,103.4609375,853.0
2025-03-07 19:56:00+00:00,103.45703125,103.4609375,103.453125,103.45703125,1247.0
2025-03-07 19:57:00+00:00,103.45703125,103.4609375,103.45703125,103.45703125,729.0
2025-03-07 19:58:00+00:00,103.45703125,103.4609375,103.453125,103.45703125,1365.0
2025-03-07 19:59:00+00:00,103.4609375,103.46875,103.45703125,103.45703125,7627.0
2025-03-07 20:00:00+00:00,103.46875,103.46875,103.45703125,103.4609375,3173.0
2025-03-07 20:01:00+00:00,103.46875,103.46875,103.4609375,103.46484375,4078.0
2025-03-07 20:02:00+00:00,103.48046875,103.48046875,103.46875,103.46875,8021.0
2025-03-07 20:03:00+00:00,103.4765625,103.484375,103.4765625,103.48046875,2632.0
2025-03-07 20:04:00+00:00,103.47265625,103.48046875,103.46875,103.4765625,622.0
2025-03-07 20:05:00+00:00,103.47265625,103.4765625,103.46875,103.4765625,692.0
2025-03-07 20:06:00+00:00,103.47265625,103.47265625,103.46875,103.47265625,891.0
2025-03-07 20:07:00+00:00,103.46875,103.47265625,103.46875,103.47265625,1411.0
2025-03-07 20:08:00+00:00,103.46875,103.47265625,103.46484375,103.47265625,644.0
2025-03-07 20:09:00+00:00,103.46484375,103.46875,103.46484375,103.46875,137.0
2025-03-07 20:10:00+00:00,103.46484375,103.46875,103.46484375,103.46875,532.0
2025-03-07 20:11:00+00:00,103.46875,103.46875,103.46484375,103.46484375,19.0
2025-03-07 20:12:00+00:00,103.46875,103.47265625,103.46875,103.46875,1143.0
2025-03-07 20:13:00+00:00,103.46875,103.46875,103.46875,103.46875,565.0
2025-03-07 20:14:00+00:00,103.46875,103.47265625,103.46875,103.47265625,44.0
2025-03-07 20:15:00+00:00,103.4765625,103.4765625,103.46875,103.47265625,669.0
2025-03-07 20:16:00+00:00,103.4765625,103.4765625,103.4765625,103.4765625,323.0
2025-03-07 20:17:00+00:00,103.47265625,103.4765625,103.47265625,103.4765625,249.0
2025-03-07 20:18:00+00:00,103.46875,103.47265625,103.46875,103.47265625,534.0
2025-03-07 20:19:00+00:00,103.46484375,103.46875,103.46484375,103.46875,57.0
2025-03-07 20:20:00+00:00,103.46875,103.47265625,103.46875,103.46875,308.0
2025-03-07 20:21:00+00:00,103.47265625,103.47265625,103.47265625,103.47265625,132.0
2025-03-07 20:22:00+00:00,103.47265625,103.47265625,103.46875,103.46875,621.0
2025-03-07 20:23:00+00:00,103.47265625,103.47265625,103.47265625,103.47265625,256.0
2025-03-07 20:24:00+00:00,103.4765625,103.4765625,103.47265625,103.47265625,1224.0
2025-03-07 20:25:00+00:00,103.47265625,103.4765625,103.47265625,103.4765625,708.0
2025-03-07 20:26:00+00:00,103.46875,103.47265625,103.46875,103.47265625,110.0
2025-03-07 20:27:00+00:00,103.46875,103.47265625,103.46875,103.46875,403.0
2025-03-07 20:28:00+00:00,103.4765625,103.4765625,103.47265625,103.47265625,231.0
2025-03-07 20:29:00+00:00,103.4765625,103.4765625,103.4765625,103.4765625,516.0
2025-03-07 20:30:00+00:00,103.46875,103.4765625,103.46875,103.4765625,419.0
2025-03-07 20:31:00+00:00,103.47265625,103.47265625,103.47265625,103.47265625,214.0
2025-03-07 20:32:00+00:00,103.4765625,103.4765625,103.47265625,103.47265625,113.0
2025-03-07 20:33:00+00:00,103.47265625,103.4765625,103.47265625,103.4765625,155.0
2025-03-07 20:34:00+00:00,103.47265625,103.47265625,103.47265625,103.47265625,11.0
2025-03-07 20:35:00+00:00,103.47265625,103.47265625,103.47265625,103.47265625,416.0
2025-03-07 20:36:00+00:00,103.4765625,103.4765625,103.46875,103.46875,1030.0
2025-03-07 20:37:00+00:00,103.48046875,103.48046875,103.4765625,103.4765625,1483.0
2025-03-07 20:38:00+00:00,103.48046875,103.48046875,103.48046875,103.48046875,427.0
2025-03-07 20:39:00+00:00,103.484375,103.48828125,103.484375,103.484375,822.0
2025-03-07 20:40:00+00:00,103.4921875,103.4921875,103.484375,103.48828125,947.0
2025-03-07 20:41:00+00:00,103.48828125,103.4921875,103.48828125,103.48828125,257.0
2025-03-07 20:42:00+00:00,103.48828125,103.48828125,103.48828125,103.48828125,383.0
2025-03-07 20:43:00+00:00,103.48046875,103.48828125,103.4765625,103.48828125,414.0
2025-03-07 20:44:00+00:00,103.4765625,103.48046875,103.4765625,103.4765625,386.0
2025-03-07 20:45:00+00:00,103.47265625,103.4765625,103.47265625,103.4765625,514.0
2025-03-07 20:46:00+00:00,103.4765625,103.4765625,103.47265625,103.47265625,821.0
2025-03-07 20:47:00+00:00,103.47265625,103.48046875,103.47265625,103.48046875,735.0
2025-03-07 20:48:00+00:00,103.46875,103.47265625,103.46875,103.47265625,798.0
2025-03-07 20:49:00+00:00,103.46484375,103.46875,103.46484375,103.46875,360.0
2025-03-07 20:50:00+00:00,103.46875,103.46875,103.46484375,103.46875,564.0
2025-03-07 20:51:00+00:00,103.46484375,103.46875,103.46484375,103.46875,270.0
2025-03-07 20:52:00+00:00,103.46484375,103.46484375,103.4609375,103.46484375,641.0
2025-03-07 20:53:00+00:00,103.46875,103.46875,103.46484375,103.46484375,794.0
2025-03-07 20:54:00+00:00,103.46484375,103.46484375,103.46484375,103.46484375,867.0
2025-03-07 20:55:00+00:00,103.4609375,103.4609375,103.453125,103.4609375,1565.0
2025-03-07 20:56:00+00:00,103.46484375,103.46875,103.4609375,103.46484375,608.0
2025-03-07 20:57:00+00:00,103.46484375,103.46484375,103.4609375,103.46484375,546.0
2025-03-07 20:58:00+00:00,103.46875,103.46875,103.46484375,103.46484375,998.0
2025-03-07 20:59:00+00:00,103.4765625,103.4765625,103.46484375,103.46875,4723.0
2025-03-07 21:00:00+00:00,103.48046875,103.48046875,103.47265625,103.47265625,3022.0
2025-03-07 21:01:00+00:00,103.484375,103.484375,103.4765625,103.48046875,434.0
2025-03-07 21:02:00+00:00,103.48828125,103.48828125,103.48046875,103.484375,1241.0
2025-03-07 21:03:00+00:00,103.4921875,103.4921875,103.484375,103.48828125,355.0
2025-03-07 21:04:00+00:00,103.48828125,103.4921875,103.48828125,103.4921875,661.0
2025-03-07 21:05:00+00:00,103.484375,103.48828125,103.484375,103.48828125,620.0
2025-03-07 21:06:00+00:00,103.48828125,103.48828125,103.48828125,103.48828125,1979.0
2025-03-07 21:07:00+00:00,103.484375,103.48828125,103.484375,103.48828125,894.0
2025-03-07 21:08:00+00:00,103.48828125,103.4921875,103.484375,103.484375,1759.0
2025-03-07 21:09:00+00:00,103.48828125,103.48828125,103.48828125,103.48828125,33.0
2025-03-07 21:11:00+00:00,103.484375,103.484375,103.48046875,103.484375,1503.0
2025-03-07 21:12:00+00:00,103.48046875,103.48828125,103.48046875,103.48046875,2276.0
2025-03-07 21:13:00+00:00,103.4765625,103.484375,103.4765625,103.48046875,966.0
2025-03-07 21:14:00+00:00,103.47265625,103.4765625,103.47265625,103.4765625,1378.0
2025-03-07 21:15:00+00:00,103.46875,103.47265625,103.46875,103.47265625,152.0
2025-03-07 21:16:00+00:00,103.46484375,103.47265625,103.46484375,103.47265625,1834.0
2025-03-07 21:17:00+00:00,103.46875,103.46875,103.4609375,103.46484375,850.0
2025-03-07 21:18:00+00:00,103.46484375,103.46484375,103.46484375,103.46484375,222.0
2025-03-07 21:19:00+00:00,103.46484375,103.46484375,103.4609375,103.4609375,32.0
2025-03-07 21:20:00+00:00,103.45703125,103.4609375,103.45703125,103.4609375,545.0
2025-03-07 21:21:00+00:00,103.46484375,103.46484375,103.4609375,103.4609375,279.0
2025-03-07 21:22:00+00:00,103.46484375,103.46484375,103.4609375,103.46484375,40.0
2025-03-07 21:23:00+00:00,103.4609375,103.4609375,103.4609375,103.4609375,545.0
2025-03-07 21:24:00+00:00,103.4609375,103.4609375,103.4609375,103.4609375,58.0
2025-03-07 21:25:00+00:00,103.4609375,103.4609375,103.4609375,103.4609375,273.0
2025-03-07 21:26:00+00:00,103.4609375,103.4609375,103.4609375,103.4609375,80.0
2025-03-07 21:29:00+00:00,103.4609375,103.4609375,103.4609375,103.4609375,5.0
2025-03-07 21:30:00+00:00,103.4609375,103.4609375,103.45703125,103.45703125,900.0
2025-03-07 21:31:00+00:00,103.4609375,103.4609375,103.4609375,103.4609375,525.0
2025-03-07 21:32:00+00:00,103.4609375,103.4609375,103.45703125,103.4609375,235.0
2025-03-07 21:33:00+00:00,103.4609375,103.46484375,103.45703125,103.4609375,1394.0
2025-03-07 21:34:00+00:00,103.46484375,103.46484375,103.4609375,103.4609375,62.0
2025-03-07 21:35:00+00:00,103.46484375,103.46484375,103.46484375,103.46484375,369.0
2025-03-07 21:36:00+00:00,103.46875,103.46875,103.46875,103.46875,457.0
2025-03-07 21:38:00+00:00,103.46875,103.46875,103.46484375,103.46484375,353.0
2025-03-07 21:39:00+00:00,103.46484375,103.46484375,103.46484375,103.46484375,63.0
2025-03-07 21:40:00+00:00,103.46484375,103.46484375,103.46484375,103.46484375,107.0
2025-03-07 21:41:00+00:00,103.46484375,103.46484375,103.46484375,103.46484375,471.0
2025-03-07 21:42:00+00:00,103.46484375,103.46484375,103.46484375,103.46484375,97.0
2025-03-07 21:43:00+00:00,103.46484375,103.46484375,103.46484375,103.46484375,155.0
2025-03-07 21:44:00+00:00,103.46484375,103.46484375,103.46484375,103.46484375,2.0
2025-03-07 21:45:00+00:00,103.46484375,103.46875,103.46484375,103.46484375,427.0
2025-03-07 21:46:00+00:00,103.46484375,103.46875,103.46484375,103.46875,843.0
2025-03-07 21:47:00+00:00,103.46484375,103.46484375,103.46484375,103.46484375,72.0
2025-03-07 21:48:00+00:00,103.4609375,103.46484375,103.4609375,103.46484375,351.0
2025-03-07 21:49:00+00:00,103.46484375,103.46484375,103.4609375,103.4609375,101.0
2025-03-07 21:50:00+00:00,103.46484375,103.46484375,103.4609375,103.4609375,176.0
2025-03-07 21:51:00+00:00,103.4609375,103.46484375,103.4609375,103.46484375,515.0
2025-03-07 21:52:00+00:00,103.46484375,103.46484375,103.4609375,103.4609375,290.0
2025-03-07 21:53:00+00:00,103.46484375,103.46875,103.46484375,103.46484375,31.0
2025-03-07 21:54:00+00:00,103.46484375,103.46484375,103.4609375,103.4609375,184.0
2025-03-07 21:56:00+00:00,103.46484375,103.46484375,103.4609375,103.46484375,697.0
2025-03-07 21:57:00+00:00,103.4609375,103.46484375,103.45703125,103.4609375,1070.0
2025-03-07 21:58:00+00:00,103.4609375,103.46484375,103.4609375,103.46484375,318.0
2025-03-07 21:59:00+00:00,103.46484375,103.46484375,103.45700073242188,103.4609375,393.0
